0.0000000   5.9914211e-06  -4.6451938e-05  -7.1264443e-05  -3.7864007e-05  -0.00010020987  -4.1407458e-05  2.5910202e-05  5.1008800e-05  9.4295000e-06  
-5.9914211e-06  0.0000000   0.00039562735  -7.8235311e-05  -0.00088470935  0.00020091884  5.2520785e-06  -8.0540362e-07  -2.4925960e-05  -7.4366134e-05  
4.6451938e-05  -0.00039562735  0.0000000   0.00042554381  -0.0049053690  -0.00011549782  -2.3521933e-05  0.0054627702  0.00017365669  -9.1348201e-06  
7.1264443e-05  7.8235311e-05  -0.00042554381  0.0000000   0.00092095171  3.5493019e-05  -0.00080601041  -0.0011918980  -0.00021776027  -9.9843054e-05  
3.7864007e-05  0.00088470935  0.0049053690  -0.00092095171  0.0000000   -0.00025055644  -0.00034887164  0.0028620638  9.6487091e-05  2.2454827e-06  
0.00010020987  -0.00020091884  0.00011549782  -3.5493019e-05  0.00025055644  0.0000000   6.7301014e-05  5.7372629e-05  0.00063313710  0.00015016053  
4.1407458e-05  -5.2520785e-06  2.3521933e-05  0.00080601041  0.00034887164  -6.7301014e-05  0.0000000   -0.00019500224  -0.00018201709  -0.00033635479  
-2.5910202e-05  8.0540362e-07  -0.0054627702  0.0011918980  -0.0028620638  -5.7372629e-05  0.00019500224  0.0000000   0.00044133060  -5.6806073e-06  
-5.1008800e-05  2.4925960e-05  -0.00017365669  0.00021776027  -9.6487091e-05  -0.00063313710  0.00018201709  -0.00044133060  0.0000000   -0.00031829761  
-9.4295000e-06  7.4366134e-05  9.1348201e-06  9.9843054e-05  -2.2454827e-06  -0.00015016053  0.00033635479  5.6806073e-06  0.00031829761  0.0000000   
