0.0000000   0.0014793260  -0.00060249924  6.9651261e-05  -5.4451535e-05  3.8398314e-05  -0.0014793260  0.0000000   0.00039483873  0.00010092496  
-6.0880371e-05  -7.8950676e-05  0.00060249924  -0.00039483873  0.0000000   -3.0733481e-05  -5.2125484e-05  5.2290452e-05  -6.9651261e-05  -0.00010092496  
3.0733481e-05  0.0000000   -0.00044460727  -0.00047775513  5.4451535e-05  6.0880371e-05  5.2125484e-05  0.00044460727  0.0000000   0.0026159385  
-3.8398314e-05  7.8950676e-05  -5.2290452e-05  0.00047775513  -0.0026159385  0.0000000   -7.9890415e-321  0.0000000   0.0000000   0.0000000   
0.0000000   0.0000000   0.0000000   0.0000000   0.0000000   0.0000000   0.0000000   0.0000000   0.0000000   0.0000000   
0.0000000   0.0000000   0.0000000   0.0000000   0.0000000   0.0000000   0.0000000   0.0000000   0.0000000   0.0000000   
0.0000000   0.0000000   0.0000000   0.0000000   0.0000000   0.0000000   0.0000000   0.0000000   0.0000000   0.0000000   
0.0000000   0.0000000   0.0000000   0.0000000   0.0000000   0.0000000   0.0000000   0.0000000   0.0000000   0.0000000   
0.0000000   0.0000000   0.0000000   0.0000000   0.0000000   0.0000000   0.0000000   0.0000000   0.0000000   0.0000000   
0.0000000   0.0000000   0.0000000   0.0000000   0.0000000   0.0000000   0.0000000   0.0000000   0.0000000   0.0000000   
