0.0000000   8.7127321e-06  0.00035297028  3.8306923e-05  -0.00031821088  9.1828517e-06  2.9978684e-06  1.6999650e-05  4.1578119e-06  9.4709639e-07  
-8.7127321e-06  0.0000000   -2.8648066e-05  8.1281965e-05  -5.6411529e-06  -2.2305514e-09  8.3858867e-09  -6.3324084e-05  -6.1872284e-09  -3.5114867e-09  
-0.00035297028  2.8648066e-05  0.0000000   -0.0024083963  -4.0337327e-08  -5.5760788e-06  -1.7328029e-07  5.6417917e-08  -6.3025173e-05  1.5183302e-07  
-3.8306923e-05  -8.1281965e-05  0.0024083963  0.0000000   2.1072048e-07  2.0922720e-07  -5.5792194e-06  -3.3047673e-09  -1.0456605e-07  -6.2997850e-05  
0.00031821088  5.6411529e-06  4.0337327e-08  -2.1072048e-07  0.0000000   -2.8679196e-05  8.1216569e-05  0.00057846197  7.7851147e-08  -3.0338791e-08  
-9.1828517e-06  2.2305514e-09  5.5760788e-06  -2.0922720e-07  2.8679196e-05  0.0000000   -0.0024080943  7.0526885e-08  0.00057564497  -1.1074382e-07  
-2.9978684e-06  -8.3858867e-09  1.7328029e-07  5.5792194e-06  -8.1216569e-05  0.0024080943  0.0000000   8.6822738e-09  1.4154619e-07  0.00057555761  
-1.6999650e-05  6.3324084e-05  -5.6417917e-08  3.3047673e-09  -0.00057846197  -7.0526885e-08  -8.6822738e-09  0.0000000   -2.8674612e-05  8.1253567e-05  
-4.1578119e-06  6.1872284e-09  6.3025173e-05  1.0456605e-07  -7.7851147e-08  -0.00057564497  -1.4154619e-07  2.8674612e-05  0.0000000   -0.0024080098  
-9.4709639e-07  3.5114867e-09  -1.5183302e-07  6.2997850e-05  3.0338791e-08  1.1074382e-07  -0.00057555761  -8.1253567e-05  0.0024080098  0.0000000   
