0.0000000   1.2380319e-05  -0.00037297241  8.1167464e-05  -0.00019680526  3.5678707e-05  -8.7653173e-05  0.00041374968  -8.2057313e-05  -1.5144354e-05  
-1.2380319e-05  0.0000000   -0.00047214758  -0.00084865451  -5.8675773e-05  8.9372253e-05  0.00011178313  0.00051722273  0.00043969059  -0.00062787577  
0.00037297241  0.00047214758  0.0000000   0.00042228059  0.0014626797  -5.2791334e-07  0.00039219541  -0.00071208651  -0.0012720762  -0.0014549783  
-8.1167464e-05  0.00084865451  -0.00042228059  0.0000000   0.0011200332  0.00094368206  -0.0013390064  0.00082016991  0.00072787303  0.00019036971  
0.00019680526  5.8675773e-05  -0.0014626797  -0.0011200332  0.0000000   0.00030834381  -0.0017218654  0.0047230101  0.0016810330  0.0021387699  
-3.5678707e-05  -8.9372253e-05  5.2791334e-07  -0.00094368206  -0.00030834381  0.0000000   0.0020220058  0.0028614061  0.0016455232  -0.00054330491  
8.7653173e-05  -0.00011178313  -0.00039219541  0.0013390064  0.0017218654  -0.0020220058  0.0000000   -0.0021226608  -6.1628749e-05  0.0016809936  
-0.00041374968  -0.00051722273  0.00071208651  -0.00082016991  -0.0047230101  -0.0028614061  0.0021226608  0.0000000   0.0012052100  0.0013902140  
8.2057313e-05  -0.00043969059  0.0012720762  -0.00072787303  -0.0016810330  -0.0016455232  6.1628749e-05  -0.0012052100  0.0000000   0.0014581412  
1.5144354e-05  0.00062787577  0.0014549783  -0.00019036971  -0.0021387699  0.00054330491  -0.0016809936  -0.0013902140  -0.0014581412  0.0000000   
