0.0000000   -0.0014259966  -0.00011387646  8.2807893e-06  -0.00010245425  -3.5611889e-05  0.0014259966  0.0000000   0.00024746787  0.00020149185  
1.8405593e-05  -0.00013048324  0.00011387646  -0.00024746787  0.0000000   -2.3237614e-05  0.00019978081  5.4968788e-05  -8.2807893e-06  -0.00020149185  
2.3237614e-05  0.0000000   0.00015296310  0.00022340649  0.00010245425  -1.8405593e-05  -0.00019978081  -0.00015296310  0.0000000   -0.0029713122  
3.5611889e-05  0.00013048324  -5.4968788e-05  -0.00022340649  0.0029713122  0.0000000   -7.9890415e-321  0.0000000   0.0000000   0.0000000   
0.0000000   0.0000000   0.0000000   0.0000000   0.0000000   0.0000000   0.0000000   0.0000000   0.0000000   0.0000000   
0.0000000   0.0000000   0.0000000   0.0000000   0.0000000   0.0000000   0.0000000   0.0000000   0.0000000   0.0000000   
0.0000000   0.0000000   0.0000000   0.0000000   0.0000000   0.0000000   0.0000000   0.0000000   0.0000000   0.0000000   
0.0000000   0.0000000   0.0000000   0.0000000   0.0000000   0.0000000   0.0000000   0.0000000   0.0000000   0.0000000   
0.0000000   0.0000000   0.0000000   0.0000000   0.0000000   0.0000000   0.0000000   0.0000000   0.0000000   0.0000000   
0.0000000   0.0000000   0.0000000   0.0000000   0.0000000   0.0000000   0.0000000   0.0000000   0.0000000   0.0000000   
