0.0000000   -1.6251194e-05  0.00041436916  0.00024720943  0.00042598396  -6.3550043e-05  0.00022775032  -0.00013970721  0.00024414463  7.4090806e-05  
1.6251194e-05  0.0000000   -0.0010706537  0.00024952808  0.00087945518  -5.1908216e-07  -1.0422456e-06  0.00053188617  1.1468495e-08  -7.0239393e-07  
-0.00041436916  0.0010706537  0.0000000   0.0013226957  -1.8488609e-07  0.00087845378  3.3330431e-07  -3.8132499e-07  0.00053099504  -2.5071121e-07  
-0.00024720943  -0.00024952808  -0.0013226957  0.0000000   -9.5516355e-07  6.6026632e-08  0.00087878079  -6.4781070e-07  4.3402720e-07  0.00053139937  
-0.00042598396  -0.00087945518  1.8488609e-07  9.5516355e-07  0.0000000   -0.0010704973  0.00024939344  -0.00047077161  5.2944581e-07  3.2376776e-07  
6.3550043e-05  5.1908216e-07  -0.00087845378  -6.6026632e-08  0.0010704973  0.0000000   0.0013228421  -3.0041327e-07  -0.00047021280  -7.7273150e-07  
-0.00022775032  1.0422456e-06  -3.3330431e-07  -0.00087878079  -0.00024939344  -0.0013228421  0.0000000   6.5668567e-07  4.9054398e-07  -0.00047045261  
0.00013970721  -0.00053188617  3.8132499e-07  6.4781070e-07  0.00047077161  3.0041327e-07  -6.5668567e-07  0.0000000   -0.0010710159  0.00024968111  
-0.00024414463  -1.1468495e-08  -0.00053099504  -4.3402720e-07  -5.2944581e-07  0.00047021280  -4.9054398e-07  0.0010710159  0.0000000   0.0013233795  
-7.4090806e-05  7.0239393e-07  2.5071121e-07  -0.00053139937  -3.2376776e-07  7.7273150e-07  0.00047045261  -0.00024968111  -0.0013233795  0.0000000   
