0.0000000   1.3686655e-05  -0.00012627198  4.4215016e-05  -0.00013291231  -5.6911810e-05  0.00015385179  -5.7285527e-05  0.00013421801  2.5511839e-05  
-1.3686655e-05  0.0000000   0.00043024715  0.00048740434  -0.00058511125  4.9960670e-06  -3.3082332e-06  0.00029315112  -1.2473241e-06  3.0505779e-06  
0.00012627198  -0.00043024715  0.0000000   0.015841065  4.0904580e-06  -0.00044176522  1.7412871e-05  -3.1577341e-06  0.00022110892  3.7422346e-05  
-4.4215016e-05  -0.00048740434  -0.015841065  0.0000000   -4.1194288e-06  -1.7034632e-05  -0.00044178113  8.6089320e-07  -3.7714343e-05  0.00022109827  
0.00013291231  0.00058511125  -4.0904580e-06  4.1194288e-06  0.0000000   0.00042199088  0.00047814941  -0.0046578053  3.5717186e-05  -3.0366960e-05  
5.6911810e-05  -4.9960670e-06  0.00044176522  1.7034632e-05  -0.00042199088  0.0000000   0.015546188  3.5862693e-05  -0.0035154411  2.5074320e-06  
-0.00015385179  3.3082332e-06  -1.7412871e-05  0.00044178113  -0.00047814941  -0.015546188  0.0000000   -3.0625205e-05  8.6947320e-07  -0.0035150734  
5.7285527e-05  -0.00029315112  3.1577341e-06  -8.6089320e-07  0.0046578053  -3.5862693e-05  3.0625205e-05  0.0000000   0.00042232860  0.00047847382  
-0.00013421801  1.2473241e-06  -0.00022110892  3.7714343e-05  -3.5717186e-05  0.0035154411  -8.6947320e-07  -0.00042232860  0.0000000   0.015548381  
-2.5511839e-05  -3.0505779e-06  -3.7422346e-05  -0.00022109827  3.0366960e-05  -2.5074320e-06  0.0035150734  -0.00047847382  -0.015548381  0.0000000   
