0.0000000   9.5321554e-06  9.1887128e-05  -3.3215377e-05  -7.7406056e-05  -2.2283161e-05  -6.2791073e-05  -3.8725712e-05  -6.1685446e-05  -8.4863928e-07  
-9.5321554e-06  0.0000000   -0.00032371581  -0.00013758334  -0.00025567289  9.9651756e-08  -1.4548529e-07  6.5508823e-05  1.3461225e-07  1.0529797e-07  
-9.1887128e-05  0.00032371581  0.0000000   -0.0025378565  1.8917450e-08  -0.00025426381  3.4089392e-07  -1.4873592e-07  6.5151939e-05  1.1819783e-06  
3.3215377e-05  0.00013758334  0.0025378565  0.0000000   -1.6646523e-07  -3.3700934e-07  -0.00025426537  -2.1136708e-08  -1.1739227e-06  6.5152955e-05  
7.7406056e-05  0.00025567289  -1.8917450e-08  1.6646523e-07  0.0000000   -0.00032268455  -0.00013714298  0.0019345775  -4.4426154e-07  1.2218344e-06  
2.2283161e-05  -9.9651756e-08  0.00025426381  3.3700934e-07  0.00032268455  0.0000000   -0.0025297499  -4.1918488e-07  0.0019239715  -1.0093951e-07  
6.2791073e-05  1.4548529e-07  -3.4089392e-07  0.00025426537  0.00013714298  0.0025297499  0.0000000   1.2203521e-06  1.2427860e-07  0.0019240468  
3.8725712e-05  -6.5508823e-05  1.4873592e-07  2.1136708e-08  -0.0019345775  4.1918488e-07  -1.2203521e-06  0.0000000   -0.00032268684  -0.00013714778  
6.1685446e-05  -1.3461225e-07  -6.5151939e-05  1.1739227e-06  4.4426154e-07  -0.0019239715  -1.2427860e-07  0.00032268684  0.0000000   -0.0025298584  
8.4863928e-07  -1.0529797e-07  -1.1819783e-06  -6.5152955e-05  -1.2218344e-06  1.0093951e-07  -0.0019240468  0.00013714778  0.0025298584  0.0000000   
