0.0000000   -7.6827170e-06  -7.7959862e-06  -1.9274306e-05  -1.7591017e-05  2.9392470e-05  0.00018466773  1.2645146e-05  0.00021102555  1.2751242e-06  
7.6827170e-06  0.0000000   0.00014892295  0.00023549254  2.9720402e-06  -0.00038812602  -0.00025547977  -1.1924676e-05  0.00027675697  0.0011035150  
7.7959862e-06  -0.00014892295  0.0000000   -0.0051801866  0.0012310148  -0.00016042746  -0.00020840991  -7.5829400e-05  0.00042426430  0.00057358991  
1.9274306e-05  -0.00023549254  0.0051801866  0.0000000   -9.6150314e-05  0.00013530707  0.00071525026  -0.0011590128  -0.00065500708  -0.00055959460  
1.7591017e-05  -2.9720402e-06  -0.0012310148  9.6150314e-05  0.0000000   -0.00068089834  -0.00027474260  -0.0067522493  3.8633109e-05  -9.8198598e-05  
-2.9392470e-05  0.00038812602  0.00016042746  -0.00013530707  0.00068089834  0.0000000   0.00053436622  -0.00043732193  7.6509275e-05  5.6983615e-05  
-0.00018466773  0.00025547977  0.00020840991  -0.00071525026  0.00027474260  -0.00053436622  0.0000000   -0.00056660238  4.3859548e-05  0.00074237863  
-1.2645146e-05  1.1924676e-05  7.5829400e-05  0.0011590128  0.0067522493  0.00043732193  0.00056660238  0.0000000   0.00065573011  -6.9710810e-05  
-0.00021102555  -0.00027675697  -0.00042426430  0.00065500708  -3.8633109e-05  -7.6509275e-05  -4.3859548e-05  -0.00065573011  0.0000000   -0.00082081291  
-1.2751242e-06  -0.0011035150  -0.00057358991  0.00055959460  9.8198598e-05  -5.6983615e-05  -0.00074237863  6.9710810e-05  0.00082081291  0.0000000   
