0.0000000   0.0016212390  -4.0593915e-05  -5.9268107e-06  4.6272352e-05  1.8878826e-07  -0.0016212390  0.0000000   -9.8456952e-05  -0.00018312360  
-2.4645797e-06  7.6696021e-05  4.0593915e-05  9.8456952e-05  0.0000000   -3.6367966e-05  -0.00012982050  -8.7599685e-05  5.9268107e-06  0.00018312360  
3.6367966e-05  0.0000000   -3.5039437e-05  4.5344886e-05  -4.6272352e-05  2.4645797e-06  0.00012982050  3.5039437e-05  0.0000000   0.0016852630  
-1.8878826e-07  -7.6696021e-05  8.7599685e-05  -4.5344886e-05  -0.0016852630  0.0000000   -2.9298093e-321  3.4534885e+268  -0.0037646069  0.00035318929  
4.1427099e-05  0.00017525306  2.9735843e-05  0.0037646069  0.0000000   0.00029320348  4.7121090e-05  -2.7541360e-05  0.00014647000  -0.00035318929  
-0.00029320348  0.0000000   -6.1563773e-06  6.9121231e-05  -9.8850220e-06  -4.1427099e-05  -4.7121090e-05  6.1563773e-06  0.0000000   0.00041117000  
-0.00029351278  -0.00017525306  2.7541360e-05  -6.9121231e-05  -0.00041117000  0.0000000   -0.0046496399  -2.9735843e-05  -0.00014647000  9.8850220e-06  
0.00029351278  0.0046496399  0.0000000   -2.9298093e-321  3.4534885e+268  0.0000000   0.0000000   0.0000000   0.0000000   0.0000000   
0.0000000   0.0000000   0.0000000   0.0000000   0.0000000   0.0000000   0.0000000   0.0000000   0.0000000   0.0000000   
0.0000000   0.0000000   0.0000000   0.0000000   0.0000000   0.0000000   0.0000000   0.0000000   0.0000000   0.0000000   
