0.0000000   9.4148471e-06  -0.00014531982  -4.2092493e-06  -1.4304933e-06  2.9950163e-05  -8.9067325e-06  -7.9793489e-07  -1.6304004e-07  3.9268231e-07  
-9.4148471e-06  0.0000000   0.00037126609  0.00010312287  1.4537520e-05  -0.00090959659  6.1762559e-06  9.9912151e-06  -1.0239008e-05  2.0646755e-05  
0.00014531982  -0.00037126609  0.0000000   0.00011369859  -1.5594164e-05  -0.00010769351  1.0268623e-05  1.9322564e-06  -1.0932904e-06  -3.1003543e-05  
4.2092493e-06  -0.00010312287  -0.00011369859  0.0000000   -1.9100657e-05  -0.00036766905  4.3394554e-06  -6.6666467e-07  -6.0190069e-06  0.00035750821  
1.4304933e-06  -1.4537520e-05  1.5594164e-05  1.9100657e-05  0.0000000   -2.4390994e-05  -0.0022376857  0.00012188275  -7.4462229e-05  3.0964913e-07  
-2.9950163e-05  0.00090959659  0.00010769351  0.00036766905  2.4390994e-05  0.0000000   -2.5676867e-05  -3.8882985e-06  -6.2169299e-06  0.00016253444  
8.9067325e-06  -6.1762559e-06  -1.0268623e-05  -4.3394554e-06  0.0022376857  2.5676867e-05  0.0000000   8.1535645e-05  -1.8566609e-05  -8.3521971e-06  
7.9793489e-07  -9.9912151e-06  -1.9322564e-06  6.6666467e-07  -0.00012188275  3.8882985e-06  -8.1535645e-05  0.0000000   -0.00040639156  -5.8651651e-06  
1.6304004e-07  1.0239008e-05  1.0932904e-06  6.0190069e-06  7.4462229e-05  6.2169299e-06  1.8566609e-05  0.00040639156  0.0000000   5.8629404e-06  
-3.9268231e-07  -2.0646755e-05  3.1003543e-05  -0.00035750821  -3.0964913e-07  -0.00016253444  8.3521971e-06  5.8651651e-06  -5.8629404e-06  0.0000000   
