0.0000000   -2.4587968e-05  0.00016921874  -7.6818637e-05  6.8127130e-06  6.6303448e-05  -0.00011540233  0.00017863436  0.00014433761  2.4527186e-05  
2.4587968e-05  0.0000000   0.00019645479  0.00043644384  6.6336209e-06  0.00037409320  -1.0855383e-05  -0.00043468080  -5.7460947e-06  1.3825334e-05  
-0.00016921874  -0.00019645479  0.0000000   -0.0017918599  -0.00030826658  2.5981287e-05  -6.8415119e-05  -0.00018794029  0.00036194449  -2.8460005e-06  
7.6818637e-05  -0.00043644384  0.0017918599  0.0000000   -3.9415029e-05  -1.5345670e-07  0.00049355257  -6.0840400e-05  -1.2280183e-05  -0.00037471139  
-6.8127130e-06  -6.6336209e-06  0.00030826658  3.9415029e-05  0.0000000   -5.1424203e-05  0.0016793602  -8.9945373e-05  0.0012326503  2.1020356e-06  
-6.6303448e-05  -0.00037409320  -2.5981287e-05  1.5345670e-07  5.1424203e-05  0.0000000   4.2878896e-05  -0.0012107419  0.00032504209  -0.00048696538  
0.00011540233  1.0855383e-05  6.8415119e-05  -0.00049355257  -0.0016793602  -4.2878896e-05  0.0000000   0.00023821839  -0.00013962342  0.0012149004  
-0.00017863436  0.00043468080  0.00018794029  6.0840400e-05  8.9945373e-05  0.0012107419  -0.00023821839  0.0000000   -0.00023534269  1.7074719e-06  
-0.00014433761  5.7460947e-06  -0.00036194449  1.2280183e-05  -0.0012326503  -0.00032504209  0.00013962342  0.00023534269  0.0000000   0.0017094944  
-2.4527186e-05  -1.3825334e-05  2.8460005e-06  0.00037471139  -2.1020356e-06  0.00048696538  -0.0012149004  -1.7074719e-06  -0.0017094944  0.0000000   
