0.0000000   -1.1926651e-06  2.9592339e-05  4.2526616e-05  -0.00010283948  2.9378053e-05  7.6622575e-07  -0.00016012342  1.9252916e-06  7.7581000e-07  
1.1926651e-06  0.0000000   -0.00019974031  8.0110608e-05  -0.00016959179  -0.00028041416  -0.00024882740  -5.6259471e-05  -4.0329678e-05  -0.00010266291  
-2.9592339e-05  0.00019974031  0.0000000   -0.0010030327  0.014664132  -4.5935884e-05  -0.0016888502  -0.0013172996  -0.00033543341  0.00039859423  
-4.2526616e-05  -8.0110608e-05  0.0010030327  0.0000000   -0.018160466  0.0010782602  0.0011239268  0.0018011226  0.00038294056  -0.00020735428  
0.00010283948  0.00016959179  -0.014664132  0.018160466  0.0000000   -0.00027323313  -0.00048906145  -0.0022372448  0.0025364524  0.00022598710  
-2.9378053e-05  0.00028041416  4.5935884e-05  -0.0010782602  0.00027323313  0.0000000   0.00048358509  0.0025951359  0.0040460072  0.012430607  
-7.6622575e-07  0.00024882740  0.0016888502  -0.0011239268  0.00048906145  -0.00048358509  0.0000000   -0.0016308605  0.013026742  0.00012135727  
0.00016012342  5.6259471e-05  0.0013172996  -0.0018011226  0.0022372448  -0.0025951359  0.0016308605  0.0000000   7.6143842e-07  -0.00012285597  
-1.9252916e-06  4.0329678e-05  0.00033543341  -0.00038294056  -0.0025364524  -0.0040460072  -0.013026742  -7.6143842e-07  0.0000000   0.00066324366  
-7.7581000e-07  0.00010266291  -0.00039859423  0.00020735428  -0.00022598710  -0.012430607  -0.00012135727  0.00012285597  -0.00066324366  0.0000000   
