0.0000000   -3.1597032e-06  0.00018585570  5.9776241e-05  -2.7718771e-05  6.4882168e-05  -3.2662895e-05  3.8940045e-05  3.3973554e-05  1.7229047e-05  
3.1597032e-06  0.0000000   -2.7735344e-05  0.00031997936  3.8318960e-05  0.00081513003  0.00047879182  -0.00095877356  -0.00010593753  -8.4819360e-05  
-0.00018585570  2.7735344e-05  0.0000000   -0.0020820889  0.00068613961  0.00040523104  -0.0011022328  -0.00060078795  -0.0030016993  0.00010002771  
-5.9776241e-05  -0.00031997936  0.0020820889  0.0000000   -0.0023355744  1.8829893e-05  0.00016428664  0.00069226163  0.00024153595  0.00022608064  
2.7718771e-05  -3.8318960e-05  -0.00068613961  0.0023355744  0.0000000   0.00012131192  -0.0037702790  -0.0066806240  0.0017796669  0.00082530570  
-6.4882168e-05  -0.00081513003  -0.00040523104  -1.8829893e-05  -0.00012131192  0.0000000   0.00030048053  0.00018520699  0.0018702661  -0.016009219  
3.2662895e-05  -0.00047879182  0.0011022328  -0.00016428664  0.0037702790  -0.00030048053  0.0000000   -0.00063437764  -0.020573194  -0.0075301448  
-3.8940045e-05  0.00095877356  0.00060078795  -0.00069226163  0.0066806240  -0.00018520699  0.00063437764  0.0000000   0.00054338064  -0.0012497468  
-3.3973554e-05  0.00010593753  0.0030016993  -0.00024153595  -0.0017796669  -0.0018702661  0.020573194  -0.00054338064  0.0000000   -0.00075959484  
-1.7229047e-05  8.4819360e-05  -0.00010002771  -0.00022608064  -0.00082530570  0.016009219  0.0075301448  0.0012497468  0.00075959484  0.0000000   
