0.0000000   -0.0010421451  -0.00031711402  -3.0978242e-05  0.00011009323  3.7041433e-05  0.0010421451  0.0000000   -6.0320956e-05  7.6284510e-05  
-1.9089351e-05  0.00011546396  0.00031711402  6.0320956e-05  0.0000000   5.0596063e-05  8.8046640e-05  -9.7268514e-06  3.0978242e-05  -7.6284510e-05  
-5.0596063e-05  0.0000000   -1.5056367e-05  0.00032465418  -0.00011009323  1.9089351e-05  -8.8046640e-05  1.5056367e-05  0.0000000   -0.0014017707  
-3.7041433e-05  -0.00011546396  9.7268514e-06  -0.00032465418  0.0014017707  0.0000000   -7.9890415e-321  0.0000000   0.0000000   0.0000000   
0.0000000   0.0000000   0.0000000   0.0000000   0.0000000   0.0000000   0.0000000   0.0000000   0.0000000   0.0000000   
0.0000000   0.0000000   0.0000000   0.0000000   0.0000000   0.0000000   0.0000000   0.0000000   0.0000000   0.0000000   
0.0000000   0.0000000   0.0000000   0.0000000   0.0000000   0.0000000   0.0000000   0.0000000   0.0000000   0.0000000   
0.0000000   0.0000000   0.0000000   0.0000000   0.0000000   0.0000000   0.0000000   0.0000000   0.0000000   0.0000000   
0.0000000   0.0000000   0.0000000   0.0000000   0.0000000   0.0000000   0.0000000   0.0000000   0.0000000   0.0000000   
0.0000000   0.0000000   0.0000000   0.0000000   0.0000000   0.0000000   0.0000000   0.0000000   0.0000000   0.0000000   
