0.0000000   7.6403549e-06  1.9607086e-05  -1.6368682e-05  -2.6918434e-05  9.0487660e-06  2.9430951e-05  -1.4307615e-05  -1.8409611e-06  -1.8046871e-05  
-7.6403549e-06  0.0000000   -9.1702038e-05  0.00018094729  7.3545560e-05  5.0809003e-08  0.00075802663  -0.00044017917  -0.00066343875  -0.0017923419  
-1.9607086e-05  9.1702038e-05  0.0000000   0.0026387774  0.00028524594  5.8049466e-05  0.0017112475  -0.0032196557  -0.0010665605  0.00075609204  
1.6368682e-05  -0.00018094729  -0.0026387774  0.0000000   0.00039281428  5.0218429e-05  0.00078638187  -0.012845537  -6.2736643e-05  -2.1790582e-05  
2.6918434e-05  -7.3545560e-05  -0.00028524594  -0.00039281428  0.0000000   -2.1942383e-05  -0.0018163381  -0.00058687464  -0.00064541929  -0.00034370037  
-9.0487660e-06  -5.0809003e-08  -5.8049466e-05  -5.0218429e-05  2.1942383e-05  0.0000000   -0.00018714414  0.00029999523  -0.0024694908  0.00051378365  
-2.9430951e-05  -0.00075802663  -0.0017112475  -0.00078638187  0.0018163381  0.00018714414  0.0000000   0.00033304824  0.00025878965  0.0046680517  
1.4307615e-05  0.00044017917  0.0032196557  0.012845537  0.00058687464  -0.00029999523  -0.00033304824  0.0000000   -0.0011725695  0.00028051529  
1.8409611e-06  0.00066343875  0.0010665605  6.2736643e-05  0.00064541929  0.0024694908  -0.00025878965  0.0011725695  0.0000000   -4.5734820e-05  
1.8046871e-05  0.0017923419  -0.00075609204  2.1790582e-05  0.00034370037  -0.00051378365  -0.0046680517  -0.00028051529  4.5734820e-05  0.0000000   
