0.0000000   -0.0019884368  -2.3536425e-05  -8.2375233e-05  2.8578830e-05  -3.1221126e-06  0.0019884368  0.0000000   -0.00047498608  2.3496029e-06  
-9.9939506e-06  2.9766985e-05  2.3536425e-05  0.00047498608  0.0000000   -5.2013108e-05  1.8918651e-05  5.1552974e-05  8.2375233e-05  -2.3496029e-06  
5.2013108e-05  0.0000000   -0.00048434063  8.8007716e-05  -2.8578830e-05  9.9939506e-06  -1.8918651e-05  0.00048434063  0.0000000   -0.0015458283  
3.1221126e-06  -2.9766985e-05  -5.1552974e-05  -8.8007716e-05  0.0015458283  0.0000000   -2.9298093e-321  3.4534885e+268  0.0000000   0.0000000   
0.0000000   0.0000000   0.0000000   0.0000000   0.0000000   0.0000000   0.0000000   0.0000000   0.0000000   0.0000000   
0.0000000   0.0000000   0.0000000   0.0000000   0.0000000   0.0000000   0.0000000   0.0000000   0.0000000   0.0000000   
0.0000000   0.0000000   0.0000000   0.0000000   0.0000000   0.0000000   0.0000000   0.0000000   0.0000000   0.0000000   
0.0000000   0.0000000   0.0000000   -5.5829418e-322  0.0000000   0.0000000   0.0000000   0.0000000   0.0000000   0.0000000   
-5.5829418e-322  0.0000000   0.0000000   0.0000000   0.0000000   0.0000000   0.0000000   -5.5829418e-322  0.0000000   0.0000000   
0.0000000   0.0000000   0.0000000   0.0000000   -5.5829418e-322  0.0000000   0.0000000   0.0000000   0.0000000   0.0000000   
