0.0000000   2.3249824e-05  -7.2028304e-05  9.3193195e-05  -5.7771372e-05  3.2381203e-05  6.9386836e-05  -9.1916817e-05  5.2030802e-05  -1.8676582e-05  
-2.3249824e-05  0.0000000   0.00010992113  -7.3190932e-05  -4.7883582e-05  6.8376257e-09  3.8296421e-09  -3.2481495e-05  -1.2729023e-09  6.5465058e-09  
7.2028304e-05  -0.00010992113  0.0000000   -0.00095914367  4.0693387e-09  -4.7833121e-05  -2.6171975e-08  -8.9142949e-09  -3.2447274e-05  1.8939481e-08  
-9.3193195e-05  7.3190932e-05  0.00095914367  0.0000000   -8.1984179e-09  3.9477046e-08  -4.7820188e-05  1.0830427e-09  -1.4368313e-08  -3.2451161e-05  
5.7771372e-05  4.7883582e-05  -4.0693387e-09  8.1984179e-09  0.0000000   0.00010980093  -7.3095319e-05  0.0011890122  -8.9074124e-08  -1.7496926e-07  
-3.2381203e-05  -6.8376257e-09  4.7833121e-05  -3.9477046e-08  -0.00010980093  0.0000000   -0.00095805536  -9.1691120e-08  0.0011879289  -6.3966967e-08  
-6.9386836e-05  -3.8296421e-09  2.6171975e-08  4.7820188e-05  7.3095319e-05  0.00095805536  0.0000000   -1.6845186e-07  -1.1513315e-07  0.0011877385  
9.1916817e-05  3.2481495e-05  8.9142949e-09  -1.0830427e-09  -0.0011890122  9.1691120e-08  1.6845186e-07  0.0000000   0.00010980711  -7.3109615e-05  
-5.2030802e-05  1.2729023e-09  3.2447274e-05  1.4368313e-08  8.9074124e-08  -0.0011879289  1.1513315e-07  -0.00010980711  0.0000000   -0.00095816045  
1.8676582e-05  -6.5465058e-09  -1.8939481e-08  3.2451161e-05  1.7496926e-07  6.3966967e-08  -0.0011877385  7.3109615e-05  0.00095816045  0.0000000   
