0.0000000   -6.0542614e-06  3.0837969e-05  -2.2433500e-05  6.2895055e-06  1.3844901e-06  2.7820932e-05  2.6554453e-05  2.4640394e-05  3.7544467e-06  
6.0542614e-06  0.0000000   0.00014632849  8.4823745e-05  -0.00019819218  -5.4879613e-09  4.6989748e-09  0.00012506186  5.9150015e-09  -1.6823258e-09  
-3.0837969e-05  -0.00014632849  0.0000000   -0.00050145625  -2.6648752e-10  -0.00019815542  1.3222980e-08  -3.3472758e-09  0.00012503687  -1.7338424e-08  
2.2433500e-05  -8.4823745e-05  0.00050145625  0.0000000   8.6454941e-09  -5.5199833e-09  -0.00019812357  -5.7426054e-09  1.3289371e-08  0.00012501951  
-6.2895055e-06  0.00019819218  2.6648752e-10  -8.6454941e-09  0.0000000   0.00014633164  8.4825415e-05  -8.5483706e-05  -2.9881891e-11  3.4496289e-09  
-1.3844901e-06  5.4879613e-09  0.00019815542  5.5199833e-09  -0.00014633164  0.0000000   -0.00050146521  -1.4553809e-09  -8.5466631e-05  -2.3819807e-09  
-2.7820932e-05  -4.6989748e-09  -1.3222980e-08  0.00019812357  -8.4825415e-05  0.00050146521  0.0000000   1.5146200e-09  4.5347367e-09  -8.5455012e-05  
-2.6554453e-05  -0.00012506186  3.3472758e-09  5.7426054e-09  8.5483706e-05  1.4553809e-09  -1.5146200e-09  0.0000000   0.00014635308  8.4837129e-05  
-2.4640394e-05  -5.9150015e-09  -0.00012503687  -1.3289371e-08  2.9881891e-11  8.5466631e-05  -4.5347367e-09  -0.00014635308  0.0000000   -0.00050154051  
-3.7544467e-06  1.6823258e-09  1.7338424e-08  -0.00012501951  -3.4496289e-09  2.3819807e-09  8.5455012e-05  -8.4837129e-05  0.00050154051  0.0000000   
