0.0000000   -0.00064520255  -0.00010066860  -3.2790616e-05  -7.2934088e-05  -5.2841241e-06  0.00064520255  0.0000000   -0.00048121595  0.00018178527  
-1.3384659e-05  -7.2403605e-05  0.00010066860  0.00048121595  0.0000000   2.0324325e-05  -0.00018032202  -3.4690329e-05  3.2790616e-05  -0.00018178527  
-2.0324325e-05  0.0000000   0.00053054293  -0.00010590646  7.2934088e-05  1.3384659e-05  0.00018032202  -0.00053054293  0.0000000   -0.0010460495  
5.2841241e-06  7.2403605e-05  3.4690329e-05  0.00010590646  0.0010460495  0.0000000   -7.9890415e-321  0.0000000   0.0000000   0.0000000   
0.0000000   0.0000000   0.0000000   0.0000000   0.0000000   0.0000000   0.0000000   0.0000000   0.0000000   0.0000000   
0.0000000   0.0000000   0.0000000   0.0000000   0.0000000   0.0000000   0.0000000   0.0000000   0.0000000   0.0000000   
0.0000000   0.0000000   0.0000000   0.0000000   0.0000000   0.0000000   0.0000000   0.0000000   0.0000000   0.0000000   
0.0000000   0.0000000   0.0000000   0.0000000   0.0000000   0.0000000   0.0000000   0.0000000   0.0000000   0.0000000   
0.0000000   0.0000000   0.0000000   0.0000000   0.0000000   0.0000000   0.0000000   0.0000000   0.0000000   0.0000000   
0.0000000   0.0000000   0.0000000   0.0000000   0.0000000   0.0000000   0.0000000   0.0000000   0.0000000   0.0000000   
