0.0000000   2.2935627e-05  -0.00015197805  -8.3640524e-06  3.7627403e-06  -3.6558749e-05  6.9833927e-05  0.00013497698  -2.4590033e-05  -8.6516005e-05  
-2.2935627e-05  0.0000000   0.00014613777  6.7795352e-05  9.3559613e-06  -2.0587206e-05  4.3776707e-05  0.00015106128  -4.7979009e-06  3.7764367e-05  
0.00015197805  -0.00014613777  0.0000000   -0.0019961557  -0.0010249838  -2.4915795e-05  6.0730091e-05  -0.00093001295  -3.2581331e-05  -2.2448928e-05  
8.3640524e-06  -6.7795352e-05  0.0019961557  0.0000000   -0.00048409120  1.4268174e-05  -0.00016006407  -0.00032946477  2.6426671e-05  -3.1263694e-05  
-3.7627403e-06  -9.3559613e-06  0.0010249838  0.00048409120  0.0000000   9.6742243e-07  0.0018162461  -0.00041774641  -6.8750452e-05  0.0027090463  
3.6558749e-05  2.0587206e-05  2.4915795e-05  -1.4268174e-05  -9.6742243e-07  0.0000000   0.00046272978  0.0027229170  -0.00053419207  -0.00017026387  
-6.9833927e-05  -4.3776707e-05  -6.0730091e-05  0.00016006407  -0.0018162461  -0.00046272978  0.0000000   0.00011144527  -0.0021608365  0.0010022685  
-0.00013497698  -0.00015106128  0.00093001295  0.00032946477  0.00041774641  -0.0027229170  -0.00011144527  0.0000000   6.6977511e-05  1.1325150e-05  
2.4590033e-05  4.7979009e-06  3.2581331e-05  -2.6426671e-05  6.8750452e-05  0.00053419207  0.0021608365  -6.6977511e-05  0.0000000   0.00065829525  
8.6516005e-05  -3.7764367e-05  2.2448928e-05  3.1263694e-05  -0.0027090463  0.00017026387  -0.0010022685  -1.1325150e-05  -0.00065829525  0.0000000   
