0.0000000   -3.1817969e-05  4.6950291e-05  1.9028184e-05  5.6451614e-05  -1.6053539e-05  -0.00021787524  -1.5085461e-05  1.2537783e-05  -2.8531513e-05  
3.1817969e-05  0.0000000   5.9673648e-05  -0.00036222051  -0.00024030959  0.00016842943  2.5011950e-05  -0.00020027041  -6.4380534e-05  -3.0759118e-05  
-4.6950291e-05  -5.9673648e-05  0.0000000   -1.6247411e-05  -9.7449120e-05  -0.00011084153  -4.5711199e-05  -4.2405726e-05  1.9809980e-05  -3.3527253e-05  
-1.9028184e-05  0.00036222051  1.6247411e-05  0.0000000   -0.0015387215  7.3885095e-05  0.00022106379  -0.00010385127  -0.00026643114  -7.5500847e-05  
-5.6451614e-05  0.00024030959  9.7449120e-05  0.0015387215  0.0000000   -0.00050927665  -0.00045906806  -4.5598746e-05  -0.00014250344  2.0189770e-05  
1.6053539e-05  -0.00016842943  0.00011084153  -7.3885095e-05  0.00050927665  0.0000000   7.9514949e-05  -7.1061315e-05  -0.00015911809  0.00017041787  
0.00021787524  -2.5011950e-05  4.5711199e-05  -0.00022106379  0.00045906806  -7.9514949e-05  0.0000000   4.6855530e-06  -6.3132218e-05  3.7166013e-05  
1.5085461e-05  0.00020027041  4.2405726e-05  0.00010385127  4.5598746e-05  7.1061315e-05  -4.6855530e-06  0.0000000   3.1089715e-05  0.00020024551  
-1.2537783e-05  6.4380534e-05  -1.9809980e-05  0.00026643114  0.00014250344  0.00015911809  6.3132218e-05  -3.1089715e-05  0.0000000   0.00026283683  
2.8531513e-05  3.0759118e-05  3.3527253e-05  7.5500847e-05  -2.0189770e-05  -0.00017041787  -3.7166013e-05  -0.00020024551  -0.00026283683  0.0000000   
