0.0000000   1.2359162e-05  1.8343951e-05  9.7302710e-05  -8.1146939e-05  -7.5306031e-05  8.5407639e-05  1.8930322e-05  -8.2563270e-05  -3.3378404e-06  
-1.2359162e-05  0.0000000   -4.0235430e-05  8.1148424e-05  6.4817034e-05  8.4638475e-05  -6.4997357e-05  2.9301770e-05  5.7462133e-06  9.6699326e-05  
-1.8343951e-05  4.0235430e-05  0.0000000   0.00062184459  -0.00061411811  2.6866934e-05  0.00012438493  -6.2152784e-05  0.00020572712  7.8288738e-05  
-9.7302710e-05  -8.1148424e-05  -0.00062184459  0.0000000   0.00024858290  -4.2637389e-05  0.00011434785  -0.00043744668  0.00027994250  -5.3012877e-05  
8.1146939e-05  -6.4817034e-05  0.00061411811  -0.00024858290  0.0000000   -1.7806352e-05  0.00030649599  0.00010228769  0.00016396940  0.00011474821  
7.5306031e-05  -8.4638475e-05  -2.6866934e-05  4.2637389e-05  1.7806352e-05  0.0000000   7.8863220e-05  -3.2966427e-05  3.4809286e-05  -0.00084972204  
-8.5407639e-05  6.4997357e-05  -0.00012438493  -0.00011434785  -0.00030649599  -7.8863220e-05  0.0000000   0.00017187775  -1.9986830e-05  0.00024422934  
-1.8930322e-05  -2.9301770e-05  6.2152784e-05  0.00043744668  -0.00010228769  3.2966427e-05  -0.00017187775  0.0000000   -0.00014092381  5.1734463e-05  
8.2563270e-05  -5.7462133e-06  -0.00020572712  -0.00027994250  -0.00016396940  -3.4809286e-05  1.9986830e-05  0.00014092381  0.0000000   -0.00028748530  
3.3378404e-06  -9.6699326e-05  -7.8288738e-05  5.3012877e-05  -0.00011474821  0.00084972204  -0.00024422934  -5.1734463e-05  0.00028748530  0.0000000   
