0.0000000   -6.5864863e-06  -4.6528350e-05  1.5817339e-05  -4.0561619e-05  -1.6226534e-05  0.00012422305  -1.5780709e-05  0.00012350147  -3.3510242e-06  
6.5864863e-06  0.0000000   -0.00026155877  0.00033624972  0.00028917323  1.6554439e-07  -1.3204893e-08  0.00027600757  3.8329789e-08  1.3877186e-07  
4.6528350e-05  0.00026155877  0.0000000   -0.0013704730  4.5067257e-08  0.00028869011  3.3315175e-07  1.6108535e-07  0.00027554579  -2.8527193e-07  
-1.5817339e-05  -0.00033624972  0.0013704730  0.0000000   1.3987298e-07  -2.7990078e-07  0.00028863568  -1.3678325e-08  3.4271797e-07  0.00027548812  
4.0561619e-05  -0.00028917323  -4.5067257e-08  -1.3987298e-07  0.0000000   -0.00026143998  0.00033609370  0.00085034253  3.3950438e-07  1.5179099e-07  
1.6226534e-05  -1.6554439e-07  -0.00028869011  2.7990078e-07  0.00026143998  0.0000000   -0.0013698593  2.7865101e-07  0.00084892325  2.4766174e-07  
-0.00012422305  1.3204893e-08  -3.3315175e-07  -0.00028863568  -0.00033609370  0.0013698593  0.0000000   2.3339841e-07  -9.4286718e-08  0.00084874958  
1.5780709e-05  -0.00027600757  -1.6108535e-07  1.3678325e-08  -0.00085034253  -2.7865101e-07  -2.3339841e-07  0.0000000   -0.00026146881  0.00033613609  
-0.00012350147  -3.8329789e-08  -0.00027554579  -3.4271797e-07  -3.3950438e-07  -0.00084892325  9.4286718e-08  0.00026146881  0.0000000   -0.0013700077  
3.3510242e-06  -1.3877186e-07  2.8527193e-07  -0.00027548812  -1.5179099e-07  -2.4766174e-07  -0.00084874958  -0.00033613609  0.0013700077  0.0000000   
