0.0000000   2.8545521e-05  0.00027637293  0.00012014978  -0.00027779700  -1.0097896e-05  3.9907971e-05  0.00016591932  4.5163146e-05  2.3687773e-06  
-2.8545521e-05  0.0000000   -0.00071617211  -0.00025418132  -0.00065007352  5.3270969e-07  -8.3985517e-07  0.00021832261  4.1974759e-07  4.9248985e-07  
-0.00027637293  0.00071617211  0.0000000   -0.0022527444  6.8848855e-08  -0.00064723311  1.0550379e-06  -5.0063847e-07  0.00021736136  1.5088134e-06  
-0.00012014978  0.00025418132  0.0022527444  0.0000000   -8.2773781e-07  -4.3088550e-07  -0.00064708803  7.1175912e-08  -1.7605284e-06  0.00021728920  
0.00027779700  0.00065007352  -6.8848855e-08  8.2773781e-07  0.0000000   -0.00071486172  -0.00025376906  0.0014918639  -5.4317853e-07  2.2082991e-06  
1.0097896e-05  -5.3270969e-07  0.00064723311  4.3088550e-07  0.00071486172  0.0000000   -0.0022487762  -8.4621988e-07  0.0014854848  -1.9428360e-07  
-3.9907971e-05  8.3985517e-07  -1.0550379e-06  0.00064708803  0.00025376906  0.0022487762  0.0000000   2.0684052e-06  -1.1382094e-06  0.0014851096  
-0.00016591932  -0.00021832261  5.0063847e-07  -7.1175912e-08  -0.0014918639  8.4621988e-07  -2.0684052e-06  0.0000000   -0.00071536963  -0.00025392795  
-4.5163146e-05  -4.1974759e-07  -0.00021736136  1.7605284e-06  5.4317853e-07  -0.0014854848  1.1382094e-06  0.00071536963  0.0000000   -0.0022503434  
-2.3687773e-06  -4.9248985e-07  -1.5088134e-06  -0.00021728920  -2.2082991e-06  1.9428360e-07  -0.0014851096  0.00025392795  0.0022503434  0.0000000   
