0.0000000   3.6764565e-05  -0.00023437003  -0.00010746110  0.00012075656  -6.2001714e-06  9.4029743e-05  1.0272683e-06  1.2226279e-07  1.2670634e-05  
-3.6764565e-05  0.0000000   -0.00016986120  -0.00052031618  -0.00017682143  0.00082326841  -4.7444239e-05  -0.00011428630  2.6636532e-05  -4.6660160e-05  
0.00023437003  0.00016986120  0.0000000   -2.4479360e-05  1.3714718e-05  4.2391134e-05  9.7664860e-05  -6.7314796e-05  -2.4820411e-05  2.4201561e-05  
0.00010746110  0.00052031618  2.4479360e-05  0.0000000   -0.00036290347  6.9566476e-06  0.00045707109  -1.8920812e-05  0.00041978166  -7.7412775e-06  
-0.00012075656  0.00017682143  -1.3714718e-05  0.00036290347  0.0000000   4.4539558e-05  -0.0010757624  -0.00011711972  0.00028775094  -5.2011827e-05  
6.2001714e-06  -0.00082326841  -4.2391134e-05  -6.9566476e-06  -4.4539558e-05  0.0000000   -0.00014905769  0.00092212284  -2.0999891e-05  -0.00010301514  
-9.4029743e-05  4.7444239e-05  -9.7664860e-05  -0.00045707109  0.0010757624  0.00014905769  0.0000000   1.9252023e-05  0.00017698805  7.2426728e-05  
-1.0272683e-06  0.00011428630  6.7314796e-05  1.8920812e-05  0.00011711972  -0.00092212284  -1.9252023e-05  0.0000000   -8.2104577e-05  0.00034052354  
-1.2226279e-07  -2.6636532e-05  2.4820411e-05  -0.00041978166  -0.00028775094  2.0999891e-05  -0.00017698805  8.2104577e-05  0.0000000   0.0020921891  
-1.2670634e-05  4.6660160e-05  -2.4201561e-05  7.7412775e-06  5.2011827e-05  0.00010301514  -7.2426728e-05  -0.00034052354  -0.0020921891  0.0000000   
