0.0000000   0.00034761197  8.1084319e-05  -2.2512635e-05  -4.0444536e-05  8.3816179e-06  -0.00034761197  0.0000000   -0.00038777439  9.8047507e-05  
3.0803269e-05  -3.4841689e-05  -8.1084319e-05  0.00038777439  0.0000000   1.8527323e-05  -0.00010577070  -3.9344941e-05  2.2512635e-05  -9.8047507e-05  
-1.8527323e-05  0.0000000   0.00043374721  1.5925801e-05  4.0444536e-05  -3.0803269e-05  0.00010577070  -0.00043374721  0.0000000   -0.0010998397  
-8.3816179e-06  3.4841689e-05  3.9344941e-05  -1.5925801e-05  0.0010998397  0.0000000   -7.9890415e-321  0.0000000   0.0000000   0.0000000   
0.0000000   0.0000000   0.0000000   0.0000000   0.0000000   0.0000000   0.0000000   0.0000000   0.0000000   0.0000000   
0.0000000   0.0000000   0.0000000   0.0000000   0.0000000   0.0000000   0.0000000   0.0000000   0.0000000   0.0000000   
0.0000000   0.0000000   0.0000000   0.0000000   0.0000000   0.0000000   0.0000000   0.0000000   0.0000000   0.0000000   
0.0000000   0.0000000   0.0000000   0.0000000   0.0000000   0.0000000   0.0000000   0.0000000   0.0000000   0.0000000   
0.0000000   0.0000000   0.0000000   0.0000000   0.0000000   0.0000000   0.0000000   0.0000000   0.0000000   0.0000000   
0.0000000   0.0000000   0.0000000   0.0000000   0.0000000   0.0000000   0.0000000   0.0000000   0.0000000   0.0000000   
