0.0000000   2.0546972e-05  7.8085203e-05  -1.5430589e-05  2.2017532e-05  9.6773770e-06  -1.0428838e-05  3.2252661e-05  -3.1022265e-05  -1.1725527e-05  
-2.0546972e-05  0.0000000   -0.00027064254  0.00036687758  0.00026578356  -1.8294021e-08  -8.0972666e-08  0.00038353505  -9.5881607e-08  -2.8390162e-08  
-7.8085203e-05  0.00027064254  0.0000000   0.00058298239  -8.0875479e-08  0.00026568401  -2.6762985e-08  -5.2483223e-08  0.00038338107  1.0100842e-07  
1.5430589e-05  -0.00036687758  -0.00058298239  0.0000000   6.0673247e-09  1.0738915e-07  0.00026570040  -7.9725971e-08  1.1321526e-08  0.00038341592  
-2.2017532e-05  -0.00026578356  8.0875479e-08  -6.0673247e-09  0.0000000   -0.00027065753  0.00036689871  0.00037688300  -6.2407780e-08  -6.9222441e-08  
-9.6773770e-06  1.8294021e-08  -0.00026568401  -1.0738915e-07  0.00027065753  0.0000000   0.00058301978  -8.3177237e-08  0.00037674044  3.2567204e-08  
1.0428838e-05  8.0972666e-08  2.6762985e-08  -0.00026570040  -0.00036689871  -0.00058301978  0.0000000   -4.0502262e-08  8.0833254e-08  0.00037676870  
-3.2252661e-05  -0.00038353505  5.2483223e-08  7.9725971e-08  -0.00037688300  8.3177237e-08  4.0502262e-08  0.0000000   -0.00027064224  0.00036687275  
3.1022265e-05  9.5881607e-08  -0.00038338107  -1.1321526e-08  6.2407780e-08  -0.00037674044  -8.0833254e-08  0.00027064224  0.0000000   0.00058297702  
1.1725527e-05  2.8390162e-08  -1.0100842e-07  -0.00038341592  6.9222441e-08  -3.2567204e-08  -0.00037676870  -0.00036687275  -0.00058297702  0.0000000   
