0.0000000   -0.0037495077  -0.00033992495  -7.5846308e-05  1.1566489e-05  2.5766330e-06  0.0037495077  0.0000000   -0.00027955104  0.00011489391  
9.0226740e-06  3.1563744e-05  0.00033992495  0.00027955104  0.0000000   3.3398078e-06  0.00010472132  0.00010089767  7.5846308e-05  -0.00011489391  
-3.3398078e-06  0.0000000   -0.00035931845  0.00026662337  -1.1566489e-05  -9.0226740e-06  -0.00010472132  0.00035931845  0.0000000   -0.0062182764  
-2.5766330e-06  -3.1563744e-05  -0.00010089767  -0.00026662337  0.0062182764  0.0000000   -7.9890415e-321  0.0000000   0.0000000   0.0000000   
0.0000000   0.0000000   0.0000000   0.0000000   0.0000000   0.0000000   0.0000000   0.0000000   0.0000000   0.0000000   
0.0000000   0.0000000   0.0000000   0.0000000   0.0000000   0.0000000   0.0000000   0.0000000   0.0000000   0.0000000   
0.0000000   0.0000000   0.0000000   0.0000000   0.0000000   0.0000000   0.0000000   0.0000000   0.0000000   0.0000000   
0.0000000   0.0000000   0.0000000   0.0000000   0.0000000   0.0000000   0.0000000   0.0000000   0.0000000   0.0000000   
0.0000000   0.0000000   0.0000000   0.0000000   0.0000000   0.0000000   0.0000000   0.0000000   0.0000000   0.0000000   
0.0000000   0.0000000   0.0000000   0.0000000   0.0000000   0.0000000   0.0000000   0.0000000   0.0000000   0.0000000   
