0.0000000   -1.0904037e-06  -0.00019496083  8.9563512e-05  -7.0271892e-05  8.5409523e-05  -0.00012331990  -0.00018561437  -0.00012658517  -0.00012862310  
1.0904037e-06  0.0000000   0.00066645583  0.00097144205  -0.0011519977  5.3957353e-06  -4.2717946e-06  0.00011946738  -2.9472129e-06  -3.0414870e-06  
0.00019496083  -0.00066645583  0.0000000   0.0057506647  6.0317261e-06  -0.0011193997  -1.2888519e-06  1.8838845e-06  0.00011632210  -2.0682668e-05  
-8.9563512e-05  -0.00097144205  -0.0057506647  0.0000000   -3.5610302e-06  2.4996585e-06  -0.0011190991  4.0313827e-06  2.0421935e-05  0.00011628787  
7.0271892e-05  0.0011519977  -6.0317261e-06  3.5610302e-06  0.0000000   0.00065930980  0.00096081983  0.0035470997  -1.7287789e-05  1.2060450e-05  
-8.5409523e-05  -5.3957353e-06  0.0011193997  -2.4996585e-06  -0.00065930980  0.0000000   0.0056879401  -1.7680301e-05  0.0034471776  -1.0893289e-06  
0.00012331990  4.2717946e-06  1.2888519e-06  0.0011190991  -0.00096081983  -0.0056879401  0.0000000   1.1833150e-05  -2.6512216e-06  0.0034458315  
0.00018561437  -0.00011946738  -1.8838845e-06  -4.0313827e-06  -0.0035470997  1.7680301e-05  -1.1833150e-05  0.0000000   0.00066012568  0.00096177615  
0.00012658517  2.9472129e-06  -0.00011632210  -2.0421935e-05  1.7287789e-05  -0.0034471776  2.6512216e-06  -0.00066012568  0.0000000   0.0056947915  
0.00012862310  3.0414870e-06  2.0682668e-05  -0.00011628787  -1.2060450e-05  1.0893289e-06  -0.0034458315  -0.00096177615  -0.0056947915  0.0000000   
