0.0000000   6.3066207e-06  -8.0553060e-05  4.1984587e-05  3.5164064e-05  -7.0893596e-07  2.6207010e-05  9.1775793e-05  1.3045152e-05  3.1392075e-06  
-6.3066207e-06  0.0000000   9.6138679e-05  0.00012917338  -0.00012000051  -0.00052925803  -0.00035773324  -1.3964901e-05  -0.00017253495  0.00025417896  
8.0553060e-05  -9.6138679e-05  0.0000000   0.021084632  0.0081969681  6.1724672e-05  -0.0024904948  0.00047251893  0.00038711396  -0.00041993291  
-4.1984587e-05  -0.00012917338  -0.021084632  0.0000000   -0.0020239527  -2.2050159e-05  0.0037005008  -0.00037306595  -0.00080308645  0.00053807572  
-3.5164064e-05  0.00012000051  -0.0081969681  0.0020239527  0.0000000   -0.00024722731  -0.015123289  -0.00022724528  0.0056346507  -0.0038344766  
7.0893596e-07  0.00052925803  -6.1724672e-05  2.2050159e-05  0.00024722731  0.0000000   0.00063354484  0.0028169191  -0.00057154303  0.0014568931  
-2.6207010e-05  0.00035773324  0.0024904948  -0.0037005008  0.015123289  -0.00063354484  0.0000000   -0.00010169169  -0.00038192521  -0.0082264288  
-9.1775793e-05  1.3964901e-05  -0.00047251893  0.00037306595  0.00022724528  -0.0028169191  0.00010169169  0.0000000   -2.1484141e-05  1.0987049e-05  
-1.3045152e-05  0.00017253495  -0.00038711396  0.00080308645  -0.0056346507  0.00057154303  0.00038192521  2.1484141e-05  0.0000000   -0.018623161  
-3.1392075e-06  -0.00025417896  0.00041993291  -0.00053807572  0.0038344766  -0.0014568931  0.0082264288  -1.0987049e-05  0.018623161  0.0000000   
