0.0000000   -3.1001258e-05  0.00023178581  -1.6688242e-05  0.00027152698  -2.5390183e-06  -3.2063837e-05  -2.3357741e-06  -3.9073885e-05  -6.7429704e-06  
3.1001258e-05  0.0000000   -0.00030444826  -3.8264916e-05  0.00032340992  -4.1495595e-07  2.5591749e-06  -0.00026546416  1.7568484e-07  -2.0864102e-06  
-0.00023178581  0.00030444826  0.0000000   -0.021787301  -3.4382060e-07  0.00013990060  -5.3267473e-06  2.6898296e-07  -0.00011460966  -5.8154419e-06  
1.6688242e-05  3.8264916e-05  0.021787301  0.0000000   9.5061253e-07  5.3406416e-06  0.00013990111  -2.0797259e-06  5.8303611e-06  -0.00011461760  
-0.00027152698  -0.00032340992  3.4382060e-07  -9.5061253e-07  0.0000000   -0.00030395199  -3.8039171e-05  0.0010251825  -9.6456595e-07  7.8745148e-06  
2.5390183e-06  4.1495595e-07  -0.00013990060  -5.3406416e-06  0.00030395199  0.0000000   -0.021769765  -9.6676757e-07  0.00044295491  -2.5007589e-06  
3.2063837e-05  -2.5591749e-06  5.3267473e-06  -0.00013990111  3.8039171e-05  0.021769765  0.0000000   8.1515804e-06  2.4835518e-06  0.00044290555  
2.3357741e-06  0.00026546416  -2.6898296e-07  2.0797259e-06  -0.0010251825  9.6676757e-07  -8.1515804e-06  0.0000000   -0.00030417444  -3.8045278e-05  
3.9073885e-05  -1.7568484e-07  0.00011460966  -5.8303611e-06  9.6456595e-07  -0.00044295491  -2.4835518e-06  0.00030417444  0.0000000   -0.021770108  
6.7429704e-06  2.0864102e-06  5.8154419e-06  0.00011461760  -7.8745148e-06  2.5007589e-06  -0.00044290555  3.8045278e-05  0.021770108  0.0000000   
