0.0000000   3.6861153e-05  1.0898089e-06  -1.3092532e-06  -2.6427186e-06  -1.9341949e-05  1.1575809e-06  1.1851613e-05  0.00011784324  -8.6466982e-06  
-3.6861153e-05  0.0000000   1.6234694e-05  2.5814311e-05  -1.7875663e-05  -4.3038317e-05  1.2476546e-05  0.00015773420  0.00067964693  -0.00015751117  
-1.0898089e-06  -1.6234694e-05  0.0000000   -0.00089070214  0.00099882903  -2.6156338e-05  0.0017443912  -0.00019234975  6.8070161e-06  -0.0014863922  
1.3092532e-06  -2.5814311e-05  0.00089070214  0.0000000   0.0040636537  -0.00014682066  0.0021442325  -0.00011942524  6.0332982e-05  0.00012270234  
2.6427186e-06  1.7875663e-05  -0.00099882903  -0.0040636537  0.0000000   -2.5501234e-05  -4.1368700e-05  -4.9580569e-05  6.7506780e-05  0.0012094803  
1.9341949e-05  4.3038317e-05  2.6156338e-05  0.00014682066  2.5501234e-05  0.0000000   0.00015074639  7.3798973e-05  -0.0021759438  -9.9857478e-06  
-1.1575809e-06  -1.2476546e-05  -0.0017443912  -0.0021442325  4.1368700e-05  -0.00015074639  0.0000000   -0.00012800504  0.00045319383  0.0092672034  
-1.1851613e-05  -0.00015773420  0.00019234975  0.00011942524  4.9580569e-05  -7.3798973e-05  0.00012800504  0.0000000   -0.0018736478  -0.0011693564  
-0.00011784324  -0.00067964693  -6.8070161e-06  -6.0332982e-05  -6.7506780e-05  0.0021759438  -0.00045319383  0.0018736478  0.0000000   9.8137253e-05  
8.6466982e-06  0.00015751117  0.0014863922  -0.00012270234  -0.0012094803  9.9857478e-06  -0.0092672034  0.0011693564  -9.8137253e-05  0.0000000   
