0.0000000   -1.2253997e-05  8.4081079e-06  2.2888598e-06  -9.4279231e-05  -3.6898393e-05  -5.2862925e-06  -1.9329175e-07  6.6166004e-05  -5.8667069e-07  
1.2253997e-05  0.0000000   0.00025150908  -2.2164676e-06  0.00011187275  -8.0189152e-05  -0.00035826076  -1.8002165e-05  0.00013188644  2.5915382e-06  
-8.4081079e-06  -0.00025150908  0.0000000   3.3096237e-06  0.0012819448  -0.00050491625  0.00010503414  2.8681191e-07  3.8127395e-05  -7.8998819e-06  
-2.2888598e-06  2.2164676e-06  -3.3096237e-06  0.0000000   -4.4256396e-05  1.2188217e-05  -5.9838868e-06  6.4657719e-05  -5.1480117e-06  -7.4743822e-05  
9.4279231e-05  -0.00011187275  -0.0012819448  4.4256396e-05  0.0000000   -0.0015107135  0.00023570035  1.0897672e-05  -0.00020604667  4.4037597e-06  
3.6898393e-05  8.0189152e-05  0.00050491625  -1.2188217e-05  0.0015107135  0.0000000   -0.00011332113  -1.0034040e-05  0.00031245893  -9.5142433e-06  
5.2862925e-06  0.00035826076  -0.00010503414  5.9838868e-06  -0.00023570035  0.00011332113  0.0000000   5.6719665e-06  0.00049639591  3.3409697e-06  
1.9329175e-07  1.8002165e-05  -2.8681191e-07  -6.4657719e-05  -1.0897672e-05  1.0034040e-05  -5.6719665e-06  0.0000000   1.9370146e-05  -0.00028296221  
-6.6166004e-05  -0.00013188644  -3.8127395e-05  5.1480117e-06  0.00020604667  -0.00031245893  -0.00049639591  -1.9370146e-05  0.0000000   7.7607359e-06  
5.8667069e-07  -2.5915382e-06  7.8998819e-06  7.4743822e-05  -4.4037597e-06  9.5142433e-06  -3.3409697e-06  0.00028296221  -7.7607359e-06  0.0000000   
