0.0000000   -9.3462823e-06  -4.8506106e-05  -6.4926970e-05  -4.1388099e-05  1.9611330e-05  3.5332433e-06  -4.4910158e-05  3.1935597e-06  -1.0422091e-05  
9.3462823e-06  0.0000000   -0.00046602275  0.00037767195  -0.00042926061  6.2522414e-06  0.00012305737  0.00031342855  -3.5139669e-05  2.0270976e-05  
4.8506106e-05  0.00046602275  0.0000000   0.00025242370  0.00013230694  -7.7971033e-05  0.0014452124  -0.00085031688  -0.00015039857  0.00013533621  
6.4926970e-05  -0.00037767195  -0.00025242370  0.0000000   -0.00018905700  -0.00046406447  4.3937965e-05  -0.00037874490  1.1324071e-05  0.00024770055  
4.1388099e-05  0.00042926061  -0.00013230694  0.00018905700  0.0000000   -9.8753236e-05  -0.0015360697  -0.00092801319  0.00017239153  -0.00015365746  
-1.9611330e-05  -6.2522414e-06  7.7971033e-05  0.00046406447  9.8753236e-05  0.0000000   0.00089947632  0.0012772180  -0.00033218451  -4.8379647e-05  
-3.5332433e-06  -0.00012305737  -0.0014452124  -4.3937965e-05  0.0015360697  -0.00089947632  0.0000000   0.00011949850  -0.00019260335  -0.0025166956  
4.4910158e-05  -0.00031342855  0.00085031688  0.00037874490  0.00092801319  -0.0012772180  -0.00011949850  0.0000000   -5.1678912e-05  0.00040971169  
-3.1935597e-06  3.5139669e-05  0.00015039857  -1.1324071e-05  -0.00017239153  0.00033218451  0.00019260335  5.1678912e-05  0.0000000   0.00075710814  
1.0422091e-05  -2.0270976e-05  -0.00013533621  -0.00024770055  0.00015365746  4.8379647e-05  0.0025166956  -0.00040971169  -0.00075710814  0.0000000   
