0.0000000   -1.4884327e-05  -5.9715608e-05  6.4456928e-05  -3.9015458e-07  6.0625548e-05  4.2606823e-05  4.1056821e-05  -6.5556415e-05  1.0237670e-05  
1.4884327e-05  0.0000000   0.00021438217  -0.00027684658  -0.00016150372  0.00021134930  2.1271248e-05  0.00016272065  -2.3553708e-05  -5.4290395e-06  
5.9715608e-05  -0.00021438217  0.0000000   -0.0020077061  0.015949795  -0.00028221040  -0.00052513834  0.0010672738  -0.00014687003  -3.7308755e-05  
-6.4456928e-05  0.00027684658  0.0020077061  0.0000000   0.00047262740  -3.5073325e-05  -0.00028358353  -0.00021691198  -1.7675870e-07  -0.00021308854  
3.9015458e-07  0.00016150372  -0.015949795  -0.00047262740  0.0000000   -0.00036760957  -0.0013759021  -0.017420903  -0.0010923787  -1.6920134e-05  
-6.0625548e-05  -0.00021134930  0.00028221040  3.5073325e-05  0.00036760957  0.0000000   -4.0300705e-05  -0.0010894886  0.00035311652  0.00035404055  
-4.2606823e-05  -2.1271248e-05  0.00052513834  0.00028358353  0.0013759021  4.0300705e-05  0.0000000   0.00026703201  -6.2198216e-05  0.0013804854  
-4.1056821e-05  -0.00016272065  -0.0010672738  0.00021691198  0.017420903  0.0010894886  -0.00026703201  0.0000000   -0.00061918709  -6.9055680e-05  
6.5556415e-05  2.3553708e-05  0.00014687003  1.7675870e-07  0.0010923787  -0.00035311652  6.2198216e-05  0.00061918709  0.0000000   0.0015654376  
-1.0237670e-05  5.4290395e-06  3.7308755e-05  0.00021308854  1.6920134e-05  -0.00035404055  -0.0013804854  6.9055680e-05  -0.0015654376  0.0000000   
