0.0000000   0.0042511280  -0.00013378390  9.1011879e-05  -0.00010080683  -3.4682320e-05  -0.0042511280  0.0000000   0.00054455532  0.00010658594  
6.1228747e-05  -0.00011100403  0.00013378390  -0.00054455532  0.0000000   -4.9588430e-05  -0.00014402955  -1.9183381e-06  -9.1011879e-05  -0.00010658594  
4.9588430e-05  0.0000000   -0.00052692937  -0.00033951968  0.00010080683  -6.1228747e-05  0.00014402955  0.00052692937  0.0000000   0.014821848  
3.4682320e-05  0.00011100403  1.9183381e-06  0.00033951968  -0.014821848  0.0000000   -7.9890415e-321  0.0000000   0.0000000   0.0000000   
0.0000000   0.0000000   0.0000000   0.0000000   0.0000000   0.0000000   0.0000000   0.0000000   0.0000000   0.0000000   
0.0000000   0.0000000   0.0000000   0.0000000   0.0000000   0.0000000   0.0000000   0.0000000   0.0000000   0.0000000   
0.0000000   0.0000000   0.0000000   0.0000000   0.0000000   0.0000000   0.0000000   0.0000000   0.0000000   0.0000000   
0.0000000   0.0000000   0.0000000   0.0000000   0.0000000   0.0000000   0.0000000   0.0000000   0.0000000   0.0000000   
0.0000000   0.0000000   0.0000000   0.0000000   0.0000000   0.0000000   0.0000000   0.0000000   0.0000000   0.0000000   
0.0000000   0.0000000   0.0000000   0.0000000   0.0000000   0.0000000   0.0000000   0.0000000   0.0000000   0.0000000   
