0.0000000   -1.7337170e-05  4.2376570e-05  -0.00011479560  -6.9745907e-05  0.00011881563  0.00016598116  6.2345133e-05  -0.00013500292  -2.6835776e-05  
1.7337170e-05  0.0000000   0.00019207075  -0.00024158638  0.00011252097  -0.00011756648  0.00010739199  -0.00010261052  2.8113053e-05  -1.4669424e-05  
-4.2376570e-05  -0.00019207075  0.0000000   -0.0043474633  -0.0099398332  -5.3432222e-05  -0.00010207017  -0.00019071891  -0.00018624475  2.0289546e-05  
0.00011479560  0.00024158638  0.0043474633  0.0000000   0.0060379049  4.1537497e-05  0.00015748677  0.00093146024  2.8856196e-05  0.00018878665  
6.9745907e-05  -0.00011252097  0.0099398332  -0.0060379049  0.0000000   0.00012614738  0.0019080548  -0.020918267  -0.00018690495  3.0841773e-05  
-0.00011881563  0.00011756648  5.3432222e-05  -4.1537497e-05  -0.00012614738  0.0000000   -0.00050065505  9.0313824e-05  0.00029697941  0.00071642187  
-0.00016598116  -0.00010739199  0.00010207017  -0.00015748677  -0.0019080548  0.00050065505  0.0000000   -0.0021965328  0.00057936728  0.00069006512  
-6.2345133e-05  0.00010261052  0.00019071891  -0.00093146024  0.020918267  -9.0313824e-05  0.0021965328  0.0000000   -0.00011156317  7.7357371e-05  
0.00013500292  -2.8113053e-05  0.00018624475  -2.8856196e-05  0.00018690495  -0.00029697941  -0.00057936728  0.00011156317  0.0000000   0.0045431554  
2.6835776e-05  1.4669424e-05  -2.0289546e-05  -0.00018878665  -3.0841773e-05  -0.00071642187  -0.00069006512  -7.7357371e-05  -0.0045431554  0.0000000   
