0.0000000   -1.0205685e-06  -0.00023850373  5.2444932e-06  0.00022618222  -1.1929250e-05  -0.00013854525  -3.6538989e-05  -0.00014073901  2.4285322e-05  
1.0205685e-06  0.0000000   -8.1865794e-05  0.00013122854  -0.00015889503  -1.6077151e-07  -5.6278775e-08  -9.6174738e-05  -4.6192870e-08  -1.1617970e-07  
0.00023850373  8.1865794e-05  0.0000000   -0.0074272631  -1.1664377e-07  -0.00015131328  -1.4332441e-06  2.5252944e-08  -9.1461453e-05  4.0129016e-06  
-5.2444932e-06  -0.00013122854  0.0074272631  0.0000000   2.3796470e-07  1.3876175e-06  -0.00015138204  -3.8051264e-08  -4.1290567e-06  -9.1464163e-05  
-0.00022618222  0.00015889503  1.1664377e-07  -2.3796470e-07  0.0000000   -8.0884585e-05  0.00012979583  0.0035262943  3.1354537e-06  1.6581907e-06  
1.1929250e-05  1.6077151e-07  0.00015131328  -1.3876175e-06  8.0884585e-05  0.0000000   -0.0073477339  3.2359477e-06  0.0033558659  -1.0925876e-07  
0.00013854525  5.6278775e-08  1.4332441e-06  0.00015138204  -0.00012979583  0.0073477339  0.0000000   1.8429855e-06  1.1131481e-06  0.0033550393  
3.6538989e-05  9.6174738e-05  -2.5252944e-08  3.8051264e-08  -0.0035262943  -3.2359477e-06  -1.8429855e-06  0.0000000   -8.1071475e-05  0.00012986152  
0.00014073901  4.6192870e-08  9.1461453e-05  4.1290567e-06  -3.1354537e-06  -0.0033558659  -1.1131481e-06  8.1071475e-05  0.0000000   -0.0073482770  
-2.4285322e-05  1.1617970e-07  -4.0129016e-06  9.1464163e-05  -1.6581907e-06  1.0925876e-07  -0.0033550393  -0.00012986152  0.0073482770  0.0000000   
