0.0000000   -2.3212384e-05  -0.00015836740  4.5105364e-05  -0.00010459124  -0.00013161140  -2.7212284e-05  -2.3789614e-05  0.00016834742  0.00011574213  
2.3212384e-05  0.0000000   0.00022795600  0.00013388422  -0.00029631558  0.00032672935  -0.00010460221  5.1980332e-05  -0.0030358051  0.00047353752  
0.00015836740  -0.00022795600  0.0000000   -0.0018007517  0.0015288056  -0.00012520267  -0.0016801211  -0.0044851244  0.00079805272  -0.00028762748  
-4.5105364e-05  -0.00013388422  0.0018007517  0.0000000   0.0016278044  0.0015436095  0.00076780914  0.0082851497  0.0015591887  0.00077992304  
0.00010459124  0.00029631558  -0.0015288056  -0.0016278044  0.0000000   -0.0021382280  -0.00070798706  0.0075256642  -0.0019464965  0.00088772475  
0.00013161140  -0.00032672935  0.00012520267  -0.0015436095  0.0021382280  0.0000000   -0.0013518249  -0.00030864762  -0.00053550493  0.023552423  
2.7212284e-05  0.00010460221  0.0016801211  -0.00076780914  0.00070798706  0.0013518249  0.0000000   0.00085138188  -0.022598698  0.00034653100  
2.3789614e-05  -5.1980332e-05  0.0044851244  -0.0082851497  -0.0075256642  0.00030864762  -0.00085138188  0.0000000   0.0024517150  9.2750792e-05  
-0.00016834742  0.0030358051  -0.00079805272  -0.0015591887  0.0019464965  0.00053550493  0.022598698  -0.0024517150  0.0000000   0.0013375313  
-0.00011574213  -0.00047353752  0.00028762748  -0.00077992304  -0.00088772475  -0.023552423  -0.00034653100  -9.2750792e-05  -0.0013375313  0.0000000   
