0.0000000   -3.4764824e-07  0.00021112887  0.00023948853  -0.00030942492  -1.1474404e-05  9.8517438e-05  7.1114512e-05  5.9273424e-05  -4.2113758e-06  
3.4764824e-07  0.0000000   0.00017396512  9.1277297e-05  7.9600842e-05  2.6241351e-08  -1.0737335e-08  -4.6499750e-05  2.0562247e-08  2.6148330e-08  
-0.00021112887  -0.00017396512  0.0000000   -0.0022243060  -1.2553338e-07  7.9240847e-05  -1.7489905e-07  4.7068258e-08  -4.6252583e-05  -3.1108443e-07  
-0.00023948853  -9.1277297e-05  0.0022243060  0.0000000   1.2169955e-07  2.4230688e-07  7.9224650e-05  2.1419306e-08  2.7869315e-07  -4.6303473e-05  
0.00030942492  -7.9600842e-05  1.2553338e-07  -1.2169955e-07  0.0000000   0.00017388157  9.1210989e-05  0.00078136070  8.5369142e-08  -2.1522875e-07  
1.1474404e-05  -2.6241351e-08  -7.9240847e-05  -2.4230688e-07  -0.00017388157  0.0000000   -0.0022234817  6.0885002e-08  0.00077785090  -1.9415443e-07  
-9.8517438e-05  1.0737335e-08  1.7489905e-07  -7.9224650e-05  -9.1210989e-05  0.0022234817  0.0000000   -2.2952438e-07  3.7616142e-07  0.00077798570  
-7.1114512e-05  4.6499750e-05  -4.7068258e-08  -2.1419306e-08  -0.00078136070  -6.0885002e-08  2.2952438e-07  0.0000000   0.00017387123  9.1226305e-05  
-5.9273424e-05  -2.0562247e-08  4.6252583e-05  -2.7869315e-07  -8.5369142e-08  -0.00077785090  -3.7616142e-07  -0.00017387123  0.0000000   -0.0022235248  
4.2113758e-06  -2.6148330e-08  3.1108443e-07  4.6303473e-05  2.1522875e-07  1.9415443e-07  -0.00077798570  -9.1226305e-05  0.0022235248  0.0000000   
