0.0000000   -0.00038988928  5.6950319e-05  -6.5989864e-05  -8.6828614e-05  2.5646568e-05  0.00038988928  0.0000000   0.00011240828  -0.00034181954  
-2.1395137e-05  -7.2472282e-05  -5.6950319e-05  -0.00011240828  0.0000000   2.9738335e-05  0.00034027984  -0.00022486909  6.5989864e-05  0.00034181954  
-2.9738335e-05  0.0000000   -0.00023777623  -1.4832964e-05  8.6828614e-05  2.1395137e-05  -0.00034027984  0.00023777623  0.0000000   0.0012699771  
-2.5646568e-05  7.2472282e-05  0.00022486909  1.4832964e-05  -0.0012699771  0.0000000   -7.9890415e-321  0.0000000   0.0000000   0.0000000   
0.0000000   0.0000000   0.0000000   0.0000000   0.0000000   0.0000000   0.0000000   0.0000000   0.0000000   0.0000000   
0.0000000   0.0000000   0.0000000   0.0000000   0.0000000   0.0000000   0.0000000   0.0000000   0.0000000   0.0000000   
0.0000000   0.0000000   0.0000000   0.0000000   0.0000000   0.0000000   0.0000000   0.0000000   0.0000000   0.0000000   
0.0000000   0.0000000   0.0000000   0.0000000   0.0000000   0.0000000   0.0000000   0.0000000   0.0000000   0.0000000   
0.0000000   0.0000000   0.0000000   0.0000000   0.0000000   0.0000000   0.0000000   0.0000000   0.0000000   0.0000000   
0.0000000   0.0000000   0.0000000   0.0000000   0.0000000   0.0000000   0.0000000   0.0000000   0.0000000   0.0000000   
