0.0000000   -0.00044622510  0.00047127601  -0.00013072179  -0.00012403852  -4.8455348e-05  0.00044622510  0.0000000   -0.00064290001  0.00016706226  
3.7585856e-05  -0.00010361180  -0.00047127601  0.00064290001  0.0000000   -2.6847554e-05  0.00016176436  0.00015653152  0.00013072179  -0.00016706226  
2.6847554e-05  0.0000000   -0.00063959857  -0.00070124632  0.00012403852  -3.7585856e-05  -0.00016176436  0.00063959857  0.0000000   -0.0036166370  
4.8455348e-05  0.00010361180  -0.00015653152  0.00070124632  0.0036166370  0.0000000   -2.9298093e-321  3.4534885e+268  -0.00091011235  0.00012145958  
-3.7053046e-05  -0.00016256148  -3.8460042e-06  0.00091011235  0.0000000   -0.00014589325  0.00011697672  -1.9310215e-05  -0.00016327080  -0.00012145958  
0.00014589325  0.0000000   2.6766697e-05  9.4119726e-05  2.6378930e-05  3.7053046e-05  -0.00011697672  -2.6766697e-05  0.0000000   -5.7102600e-05  
-3.0032442e-05  0.00016256148  1.9310215e-05  -9.4119726e-05  5.7102600e-05  0.0000000   -0.0020784238  3.8460042e-06  0.00016327080  -2.6378930e-05  
3.0032442e-05  0.0020784238  0.0000000   -2.9298093e-321  3.4534885e+268  0.0000000   0.0000000   0.0000000   0.0000000   0.0000000   
0.0000000   0.0000000   0.0000000   0.0000000   0.0000000   0.0000000   0.0000000   0.0000000   0.0000000   0.0000000   
0.0000000   0.0000000   0.0000000   0.0000000   0.0000000   0.0000000   0.0000000   0.0000000   0.0000000   0.0000000   
