0.0000000   5.2552733e-05  0.00018229086  -3.2573828e-05  0.00020455632  -1.0021608e-05  -3.6383702e-05  2.7566402e-05  -1.8223865e-06  2.9329290e-05  
-5.2552733e-05  0.0000000   -9.9398044e-05  -0.00037262413  3.4760535e-05  0.00038465864  3.3935827e-05  3.0971064e-06  1.5390840e-05  -1.9925119e-06  
-0.00018229086  9.9398044e-05  0.0000000   -0.0032697198  0.0014296314  5.4539697e-05  -3.5169325e-05  -0.00027306563  0.00035779305  -2.8373534e-05  
3.2573828e-05  0.00037262413  0.0032697198  0.0000000   -0.0012291528  -5.4296065e-05  8.4759718e-06  0.00031486262  -6.7286233e-06  -0.00041020938  
-0.00020455632  -3.4760535e-05  -0.0014296314  0.0012291528  0.0000000   -0.00081255019  -0.00036926245  -1.0800441e-05  4.9013245e-05  2.9205584e-05  
1.0021608e-05  -0.00038465864  -5.4539697e-05  5.4296065e-05  0.00081255019  0.0000000   3.3714017e-05  -1.2108208e-06  -0.00017837805  0.00027782472  
3.6383702e-05  -3.3935827e-05  3.5169325e-05  -8.4759718e-06  0.00036926245  -3.3714017e-05  0.0000000   -0.0022466990  0.00012551189  0.00093245936  
-2.7566402e-05  -3.0971064e-06  0.00027306563  -0.00031486262  1.0800441e-05  1.2108208e-06  0.0022466990  0.0000000   0.00084603183  2.8366984e-06  
1.8223865e-06  -1.5390840e-05  -0.00035779305  6.7286233e-06  -4.9013245e-05  0.00017837805  -0.00012551189  -0.00084603183  0.0000000   0.0022958860  
-2.9329290e-05  1.9925119e-06  2.8373534e-05  0.00041020938  -2.9205584e-05  -0.00027782472  -0.00093245936  -2.8366984e-06  -0.0022958860  0.0000000   
