0.0000000   -3.0688017e-05  7.7469518e-07  5.2362606e-05  -0.00010076138  3.1779045e-06  7.9158951e-05  6.9641608e-05  2.4071191e-06  3.8466600e-05  
3.0688017e-05  0.0000000   -2.3659620e-05  -0.00047729452  0.00039446837  7.1943220e-06  -3.1989977e-08  0.00060184116  1.1126033e-05  -8.1864673e-07  
-7.7469518e-07  2.3659620e-05  0.0000000   -5.5896043e-06  7.0191831e-06  -0.00039222078  4.2855466e-05  1.1226656e-05  -0.00059841730  6.5198493e-05  
-5.2362606e-05  0.00047729452  5.5896043e-06  0.0000000   -7.4626370e-07  4.2808607e-05  0.00039216474  -4.0659381e-07  6.5002007e-05  0.00059834565  
0.00010076138  -0.00039446837  -7.0191831e-06  7.4626370e-07  0.0000000   -2.3942593e-05  -0.00047653275  0.0014777381  2.7405071e-05  -1.4301100e-06  
-3.1779045e-06  -7.1943220e-06  0.00039222078  -4.2808607e-05  2.3942593e-05  0.0000000   -5.8932530e-06  2.6993660e-05  -0.0014693694  0.00015979492  
-7.9158951e-05  3.1989977e-08  -4.2855466e-05  -0.00039216474  0.00047653275  5.8932530e-06  0.0000000   -1.5683302e-06  0.00015971089  0.0014691820  
-6.9641608e-05  -0.00060184116  -1.1226656e-05  4.0659381e-07  -0.0014777381  -2.6993660e-05  1.5683302e-06  0.0000000   -2.3844539e-05  -0.00047650920  
-2.4071191e-06  -1.1126033e-05  0.00059841730  -6.5002007e-05  -2.7405071e-05  0.0014693694  -0.00015971089  2.3844539e-05  0.0000000   -5.6056130e-06  
-3.8466600e-05  8.1864673e-07  -6.5198493e-05  -0.00059834565  1.4301100e-06  -0.00015979492  -0.0014691820  0.00047650920  5.6056130e-06  0.0000000   
