0.0000000   0.00028303033  0.00025683139  -3.2826228e-05  -6.5328812e-05  4.8409413e-05  -0.00028303033  0.0000000   -0.00011315752  -4.0399923e-05  
-2.4863451e-05  -8.7782022e-05  -0.00025683139  0.00011315752  0.0000000   5.5055320e-05  -5.8157058e-05  3.6048403e-05  3.2826228e-05  4.0399923e-05  
-5.5055320e-05  0.0000000   -0.00024338883  -0.00028994793  6.5328812e-05  2.4863451e-05  5.8157058e-05  0.00024338883  0.0000000   -0.0011267396  
-4.8409413e-05  8.7782022e-05  -3.6048403e-05  0.00028994793  0.0011267396  0.0000000   -2.9298093e-321  3.4534885e+268  0.0000000   0.0000000   
0.0000000   0.0000000   0.0000000   0.0000000   0.0000000   0.0000000   0.0000000   0.0000000   0.0000000   0.0000000   
0.0000000   0.0000000   0.0000000   0.0000000   0.0000000   0.0000000   0.0000000   0.0000000   0.0000000   0.0000000   
0.0000000   0.0000000   0.0000000   0.0000000   0.0000000   0.0000000   0.0000000   0.0000000   0.0000000   0.0000000   
0.0000000   0.0000000   0.0000000   -5.5829418e-322  0.0000000   0.0000000   0.0000000   0.0000000   0.0000000   0.0000000   
-5.5829418e-322  0.0000000   0.0000000   0.0000000   0.0000000   0.0000000   0.0000000   -5.5829418e-322  0.0000000   0.0000000   
0.0000000   0.0000000   0.0000000   0.0000000   -5.5829418e-322  0.0000000   0.0000000   0.0000000   0.0000000   0.0000000   
