0.0000000   -1.2449789e-05  0.00011072336  -0.00016395710  -0.00010065694  7.1049696e-05  3.3633272e-05  -0.00019971906  4.6063624e-05  1.1314795e-05  
1.2449789e-05  0.0000000   0.00022822150  -8.2027688e-05  -7.4662875e-05  0.00038156303  0.00037776740  7.0058551e-05  -6.3282260e-06  1.5486926e-08  
-0.00011072336  -0.00022822150  0.0000000   -0.0013672066  -0.0012704715  -8.0154622e-06  -0.00032126635  0.00016833304  -9.1100099e-05  -7.7217975e-06  
0.00016395710  8.2027688e-05  0.0013672066  0.0000000   0.0011428231  4.2922053e-06  0.00029145421  -0.00061997364  -0.00017115891  -3.8747875e-05  
0.00010065694  7.4662875e-05  0.0012704715  -0.0011428231  0.0000000   -3.6895128e-05  -0.00059641042  -0.00026881463  0.00023469928  -8.7656922e-06  
-7.1049696e-05  -0.00038156303  8.0154622e-06  -4.2922053e-06  3.6895128e-05  0.0000000   -8.1368546e-05  0.00073496148  0.0012268973  -0.0010646211  
-3.3633272e-05  -0.00037776740  0.00032126635  -0.00029145421  0.00059641042  8.1368546e-05  0.0000000   0.00049744250  2.5423328e-06  -0.0024038442  
0.00019971906  -7.0058551e-05  -0.00016833304  0.00061997364  0.00026881463  -0.00073496148  -0.00049744250  0.0000000   -5.5465544e-05  -3.2320703e-06  
-4.6063624e-05  6.3282260e-06  9.1100099e-05  0.00017115891  -0.00023469928  -0.0012268973  -2.5423328e-06  5.5465544e-05  0.0000000   0.00070221566  
-1.1314795e-05  -1.5486926e-08  7.7217975e-06  3.8747875e-05  8.7656922e-06  0.0010646211  0.0024038442  3.2320703e-06  -0.00070221566  0.0000000   
