0.0000000   -0.00038569471  -0.00010122180  -0.00013998250  8.3885667e-05  -2.0512964e-05  0.00038569471  0.0000000   -0.00036755914  -0.00016901738  
1.5807449e-05  0.00011783259  0.00010122180  0.00036755914  0.0000000   -2.9574513e-07  -0.00019950701  9.6924578e-05  0.00013998250  0.00016901738  
2.9574513e-07  0.0000000   -0.00020429513  0.00021226436  -8.3885667e-05  -1.5807449e-05  0.00019950701  0.00020429513  0.0000000   0.00062517878  
2.0512964e-05  -0.00011783259  -9.6924578e-05  -0.00021226436  -0.00062517878  0.0000000   -2.9298093e-321  3.4534885e+268  0.0010315592  -0.00019496717  
-5.3147298e-05  -8.9328507e-05  1.6323689e-05  -0.0010315592  0.0000000   -0.00033778830  -8.0378735e-05  -2.3940520e-05  -7.9902302e-05  0.00019496717  
0.00033778830  0.0000000   -6.0764295e-06  -6.4476035e-05  9.2254244e-05  5.3147298e-05  8.0378735e-05  6.0764295e-06  0.0000000   -0.00031281417  
0.00030695375  8.9328507e-05  2.3940520e-05  6.4476035e-05  0.00031281417  0.0000000   0.0014831442  -1.6323689e-05  7.9902302e-05  -9.2254244e-05  
-0.00030695375  -0.0014831442  0.0000000   -2.9298093e-321  3.4534885e+268  0.0000000   0.0000000   0.0000000   0.0000000   0.0000000   
0.0000000   0.0000000   0.0000000   0.0000000   0.0000000   0.0000000   0.0000000   0.0000000   0.0000000   0.0000000   
0.0000000   0.0000000   0.0000000   0.0000000   0.0000000   0.0000000   0.0000000   0.0000000   0.0000000   0.0000000   
