0.0000000   1.4295041e-05  -6.6174394e-05  3.5132401e-05  1.1703373e-05  -9.4941762e-05  -0.00022420855  -2.3203112e-05  -0.00019528447  -0.00014285749  
-1.4295041e-05  0.0000000   -5.0933242e-05  0.00028043982  -0.00015179974  -9.1271859e-05  -0.00025051023  -5.1690370e-05  8.7605828e-05  0.0035461176  
6.6174394e-05  5.0933242e-05  0.0000000   -0.00052861195  -0.00060797522  -0.00027986526  -0.00034777412  -0.012631310  -0.00056163907  -0.00029342608  
-3.5132401e-05  -0.00028043982  0.00052861195  0.0000000   0.0012979420  0.00059655130  -1.0169107e-05  0.015589132  0.00073045849  0.00068550272  
-1.1703373e-05  0.00015179974  0.00060797522  -0.0012979420  0.0000000   -0.00074509222  -0.00051506679  -0.013053935  -0.00087595785  -0.00064256430  
9.4941762e-05  9.1271859e-05  0.00027986526  -0.00059655130  0.00074509222  0.0000000   0.00038615965  0.00086710209  0.0025344676  -0.016135498  
0.00022420855  0.00025051023  0.00034777412  1.0169107e-05  0.00051506679  -0.00038615965  0.0000000   -0.0015370493  0.023707246  0.0011135114  
2.3203112e-05  5.1690370e-05  0.012631310  -0.015589132  0.013053935  -0.00086710209  0.0015370493  0.0000000   -0.00067710997  0.00011202020  
0.00019528447  -8.7605828e-05  0.00056163907  -0.00073045849  0.00087595785  -0.0025344676  -0.023707246  0.00067710997  0.0000000   -0.0010201889  
0.00014285749  -0.0035461176  0.00029342608  -0.00068550272  0.00064256430  0.016135498  -0.0011135114  -0.00011202020  0.0010201889  0.0000000   
