0.0000000   -1.9847403e-05  -4.0942469e-05  1.5693223e-05  0.00015872544  1.7262126e-05  -0.00016020387  -2.3206238e-05  0.00015362419  -2.2863878e-05  
1.9847403e-05  0.0000000   -0.00018846192  -4.4024104e-05  5.3070718e-07  1.6138097e-05  1.7189067e-05  0.00017542842  -3.6886681e-06  -2.1812461e-06  
4.0942469e-05  0.00018846192  0.0000000   -0.00070958837  0.0062000407  0.00029655669  -0.0010780923  0.0063848607  -0.00053475403  1.0729065e-06  
-1.5693223e-05  4.4024104e-05  0.00070958837  0.0000000   -0.00079574051  7.3551857e-05  4.3556179e-05  1.2949851e-05  -0.00010063600  -2.1702619e-05  
-0.00015872544  -5.3070718e-07  -0.0062000407  0.00079574051  0.0000000   0.00051114021  -0.00044103723  0.0056836990  -0.00018045233  7.6540583e-06  
-1.7262126e-05  -1.6138097e-05  -0.00029655669  -7.3551857e-05  -0.00051114021  0.0000000   -8.0074073e-05  0.00052155425  -4.8663235e-05  -3.5786122e-06  
0.00016020387  -1.7189067e-05  0.0010780923  -4.3556179e-05  0.00044103723  8.0074073e-05  0.0000000   0.0011292322  -3.5008139e-05  0.00080789743  
2.3206238e-05  -0.00017542842  -0.0063848607  -1.2949851e-05  -0.0056836990  -0.00052155425  -0.0011292322  0.0000000   -0.00046322951  9.6035555e-06  
-0.00015362419  3.6886681e-06  0.00053475403  0.00010063600  0.00018045233  4.8663235e-05  3.5008139e-05  0.00046322951  0.0000000   0.0015730087  
2.2863878e-05  2.1812461e-06  -1.0729065e-06  2.1702619e-05  -7.6540583e-06  3.5786122e-06  -0.00080789743  -9.6035555e-06  -0.0015730087  0.0000000   
