0.0000000   3.1473801e-05  -0.00040970068  -8.2781010e-05  7.6499354e-05  -3.5122737e-06  -3.1473801e-05  0.0000000   -0.00043981717  -0.00036245773  
2.3553270e-06  7.3696278e-05  0.00040970068  0.00043981717  0.0000000   5.0123821e-05  0.00029747576  -5.9343939e-05  8.2781010e-05  0.00036245773  
-5.0123821e-05  0.0000000   0.00068969867  -0.00053185861  -7.6499354e-05  -2.3553270e-06  -0.00029747576  -0.00068969867  0.0000000   -0.0014281376  
3.5122737e-06  -7.3696278e-05  5.9343939e-05  0.00053185861  0.0014281376  0.0000000   -7.9890415e-321  0.0000000   0.0000000   0.0000000   
0.0000000   0.0000000   0.0000000   0.0000000   0.0000000   0.0000000   0.0000000   0.0000000   0.0000000   0.0000000   
0.0000000   0.0000000   0.0000000   0.0000000   0.0000000   0.0000000   0.0000000   0.0000000   0.0000000   0.0000000   
0.0000000   0.0000000   0.0000000   0.0000000   0.0000000   0.0000000   0.0000000   0.0000000   0.0000000   0.0000000   
0.0000000   0.0000000   0.0000000   0.0000000   0.0000000   0.0000000   0.0000000   0.0000000   0.0000000   0.0000000   
0.0000000   0.0000000   0.0000000   0.0000000   0.0000000   0.0000000   0.0000000   0.0000000   0.0000000   0.0000000   
0.0000000   0.0000000   0.0000000   0.0000000   0.0000000   0.0000000   0.0000000   0.0000000   0.0000000   0.0000000   
