0.0000000   -2.2068940e-05  -6.6528179e-05  5.6202784e-05  7.9723822e-05  -2.2713432e-05  -5.5982319e-05  -2.3148421e-05  7.6244465e-05  -3.6538861e-05  
2.2068940e-05  0.0000000   0.00023313617  -0.00014001852  0.00032908876  1.3273218e-07  1.3702845e-07  -2.8181444e-05  8.7496971e-08  -6.6003509e-08  
6.6528179e-05  -0.00023313617  0.0000000   0.0020788599  8.1861402e-08  0.00032787062  1.8758617e-07  -9.9201384e-08  -2.8076388e-05  8.6736330e-07  
-5.6202784e-05  0.00014001852  -0.0020788599  0.0000000   1.5218040e-07  -2.0727901e-07  0.00032786378  4.4310502e-08  -8.6871273e-07  -2.8081616e-05  
-7.9723822e-05  -0.00032908876  -8.1861402e-08  -1.5218040e-07  0.0000000   0.00023271783  -0.00013976152  0.0014858929  5.0876771e-07  6.4923277e-07  
2.2713432e-05  -1.3273218e-07  -0.00032787062  2.0727901e-07  -0.00023271783  0.0000000   0.0020751114  4.8513654e-07  0.0014803930  1.0118435e-07  
5.5982319e-05  -1.3702845e-07  -1.8758617e-07  -0.00032786378  0.00013976152  -0.0020751114  0.0000000   6.8673890e-07  -2.2471733e-07  0.0014803369  
2.3148421e-05  2.8181444e-05  9.9201384e-08  -4.4310502e-08  -0.0014858929  -4.8513654e-07  -6.8673890e-07  0.0000000   0.00023273272  -0.00013976591  
-7.6244465e-05  -8.7496971e-08  2.8076388e-05  8.6871273e-07  -5.0876771e-07  -0.0014803930  2.2471733e-07  -0.00023273272  0.0000000   0.0020751864  
3.6538861e-05  6.6003509e-08  -8.6736330e-07  2.8081616e-05  -6.4923277e-07  -1.0118435e-07  -0.0014803369  0.00013976591  -0.0020751864  0.0000000   
