0.0000000   4.0613099e-05  -8.8263012e-06  -5.0925133e-05  -5.2420543e-05  5.4597296e-06  1.6448457e-05  6.7344894e-05  6.9503293e-05  1.6440094e-05  
-4.0613099e-05  0.0000000   0.00014108630  0.00012795425  1.3068710e-07  -7.7210618e-06  -4.7346566e-05  3.0969803e-05  4.1082783e-05  0.00010966478  
8.8263012e-06  -0.00014108630  0.0000000   -0.0026193671  -0.0010190914  -0.00016328652  0.00035910748  -0.00025760547  0.00048793473  -0.00020993521  
5.0925133e-05  -0.00012795425  0.0026193671  0.0000000   -0.0010246665  0.00015403490  -0.00037246270  0.00018409701  -0.00043803185  7.5586242e-05  
5.2420543e-05  -1.3068710e-07  0.0010190914  0.0010246665  0.0000000   -0.00018392803  0.00058807258  -0.0010605010  0.00083728431  -0.00017333895  
-5.4597296e-06  7.7210618e-06  0.00016328652  -0.00015403490  0.00018392803  0.0000000   0.0012132729  0.00040458288  0.00069301478  0.0010271802  
-1.6448457e-05  4.7346566e-05  -0.00035910748  0.00037246270  -0.00058807258  -0.0012132729  0.0000000   -0.00026736582  8.3218585e-05  -0.00051772525  
-6.7344894e-05  -3.0969803e-05  0.00025760547  -0.00018409701  0.0010605010  -0.00040458288  0.00026736582  0.0000000   0.00045080270  -0.00019922548  
-6.9503293e-05  -4.1082783e-05  -0.00048793473  0.00043803185  -0.00083728431  -0.00069301478  -8.3218585e-05  -0.00045080270  0.0000000   -0.0012054363  
-1.6440094e-05  -0.00010966478  0.00020993521  -7.5586242e-05  0.00017333895  -0.0010271802  0.00051772525  0.00019922548  0.0012054363  0.0000000   
