0.0000000   2.6618516e-06  9.3161400e-05  2.0311433e-05  4.6636488e-05  -3.9049305e-05  0.00025827520  7.4274811e-05  4.2401134e-06  -6.8900391e-05  
-2.6618516e-06  0.0000000   0.00011599843  4.6018210e-05  0.00092816953  6.1679656e-06  4.4115079e-06  -0.00013609368  -6.1497342e-06  4.7849268e-06  
-9.3161400e-05  -0.00011599843  0.0000000   0.00075624130  0.022956935  0.00011456560  2.1972283e-05  -0.0034791606  -6.2978559e-05  4.7307925e-05  
-2.0311433e-05  -4.6018210e-05  -0.00075624130  0.0000000   0.0051487050  3.2241342e-05  2.0541837e-05  -0.00080996282  2.5258194e-05  2.5022806e-06  
-4.6636488e-05  -0.00092816953  -0.022956935  -0.0051487050  0.0000000   -0.00017520170  -7.5091422e-05  -0.00084180526  0.00071407419  -0.00031025495  
3.9049305e-05  -6.1679656e-06  -0.00011456560  -3.2241342e-05  0.00017520170  0.0000000   -0.00011277179  0.00042579981  -0.0011994993  2.9250824e-06  
-0.00025827520  -4.4115079e-06  -2.1972283e-05  -2.0541837e-05  7.5091422e-05  0.00011277179  0.0000000   0.00073628476  0.00022072889  -0.00045415347  
-7.4274811e-05  0.00013609368  0.0034791606  0.00080996282  0.00084180526  -0.00042579981  -0.00073628476  0.0000000   -0.00026821361  -9.9254025e-05  
-4.2401134e-06  6.1497342e-06  6.2978559e-05  -2.5258194e-05  -0.00071407419  0.0011994993  -0.00022072889  0.00026821361  0.0000000   -0.0013106379  
6.8900391e-05  -4.7849268e-06  -4.7307925e-05  -2.5022806e-06  0.00031025495  -2.9250824e-06  0.00045415347  9.9254025e-05  0.0013106379  0.0000000   
