0.0000000   0.00062595267  -1.8089232e-05  0.00015155077  0.00013399144  -1.7738249e-05  -0.00062595267  0.0000000   0.00068398552  -6.9256283e-06  
1.6845184e-05  0.00016164541  1.8089232e-05  -0.00068398552  0.0000000   8.7131977e-06  2.8369409e-05  0.00012446178  -0.00015155077  6.9256283e-06  
-8.7131977e-06  0.0000000   -0.00082515729  -0.00018213487  -0.00013399144  -1.6845184e-05  -2.8369409e-05  0.00082515729  0.0000000   -0.00062287125  
1.7738249e-05  -0.00016164541  -0.00012446178  0.00018213487  0.00062287125  0.0000000   -7.9890415e-321  0.0000000   0.0000000   0.0000000   
0.0000000   0.0000000   0.0000000   0.0000000   0.0000000   0.0000000   0.0000000   0.0000000   0.0000000   0.0000000   
0.0000000   0.0000000   0.0000000   0.0000000   0.0000000   0.0000000   0.0000000   0.0000000   0.0000000   0.0000000   
0.0000000   0.0000000   0.0000000   0.0000000   0.0000000   0.0000000   0.0000000   0.0000000   0.0000000   0.0000000   
0.0000000   0.0000000   0.0000000   0.0000000   0.0000000   0.0000000   0.0000000   0.0000000   0.0000000   0.0000000   
0.0000000   0.0000000   0.0000000   0.0000000   0.0000000   0.0000000   0.0000000   0.0000000   0.0000000   0.0000000   
0.0000000   0.0000000   0.0000000   0.0000000   0.0000000   0.0000000   0.0000000   0.0000000   0.0000000   0.0000000   
