0.0000000   -0.0018158005  -0.00023497015  -3.0044218e-05  -3.1033856e-05  1.1714523e-05  0.0018158005  0.0000000   -0.00022751752  9.5211659e-05  
-1.5195212e-05  -1.7923034e-05  0.00023497015  0.00022751752  0.0000000   3.9217364e-05  8.7217143e-05  -2.1372383e-05  3.0044218e-05  -9.5211659e-05  
-3.9217364e-05  0.0000000   2.5239340e-05  0.00025316736  3.1033856e-05  1.5195212e-05  -8.7217143e-05  -2.5239340e-05  0.0000000   0.0013782315  
-1.1714523e-05  1.7923034e-05  2.1372383e-05  -0.00025316736  -0.0013782315  0.0000000   -7.9890415e-321  0.0000000   0.0000000   0.0000000   
0.0000000   0.0000000   0.0000000   0.0000000   0.0000000   0.0000000   0.0000000   0.0000000   0.0000000   0.0000000   
0.0000000   0.0000000   0.0000000   0.0000000   0.0000000   0.0000000   0.0000000   0.0000000   0.0000000   0.0000000   
0.0000000   0.0000000   0.0000000   0.0000000   0.0000000   0.0000000   0.0000000   0.0000000   0.0000000   0.0000000   
0.0000000   0.0000000   0.0000000   0.0000000   0.0000000   0.0000000   0.0000000   0.0000000   0.0000000   0.0000000   
0.0000000   0.0000000   0.0000000   0.0000000   0.0000000   0.0000000   0.0000000   0.0000000   0.0000000   0.0000000   
0.0000000   0.0000000   0.0000000   0.0000000   0.0000000   0.0000000   0.0000000   0.0000000   0.0000000   0.0000000   
