0.0000000   -1.0897089e-05  -0.00010366259  0.00028224586  0.00026981578  -1.9940223e-05  3.1800426e-05  0.00013879575  3.5680475e-05  4.1833663e-06  
1.0897089e-05  0.0000000   -0.00019486339  0.00066092771  -0.00055764327  2.5419056e-07  -2.9636872e-07  -0.00033785137  -7.5253966e-08  5.8772605e-07  
0.00010366259  0.00019486339  0.0000000   0.00057688253  4.5049685e-08  -0.00055763065  -3.2457062e-07  2.0453603e-07  -0.00033784370  4.7090646e-07  
-0.00028224586  -0.00066092771  -0.00057688253  0.0000000   2.8748182e-07  2.4375506e-07  -0.00055741463  -4.4921677e-07  -5.3104398e-07  -0.00033769859  
-0.00026981578  0.00055764327  -4.5049685e-08  -2.8748182e-07  0.0000000   -0.00019440649  0.00065932898  -0.0017390109  4.9342703e-07  6.6106791e-08  
1.9940223e-05  -2.5419056e-07  0.00055763065  -2.4375506e-07  0.00019440649  0.0000000   0.00057550106  4.6576765e-07  -0.0017391793  -1.4740256e-07  
-3.1800426e-05  2.9636872e-07  3.2457062e-07  0.00055741463  -0.00065932898  -0.00057550106  0.0000000   1.7993325e-07  -4.5421129e-08  -0.0017384960  
-0.00013879575  0.00033785137  -2.0453603e-07  4.4921677e-07  0.0017390109  -4.6576765e-07  -1.7993325e-07  0.0000000   -0.00019442885  0.00065938916  
-3.5680475e-05  7.5253966e-08  0.00033784370  5.3104398e-07  -4.9342703e-07  0.0017391793  4.5421129e-08  0.00019442885  0.0000000   0.00057556102  
-4.1833663e-06  -5.8772605e-07  -4.7090646e-07  0.00033769859  -6.6106791e-08  1.4740256e-07  0.0017384960  -0.00065938916  -0.00057556102  0.0000000   
