0.0000000   5.1786331e-05  -4.0692196e-05  -9.4326922e-05  0.00010107406  -4.4823495e-05  1.9648633e-05  -1.7171834e-05  2.7882341e-05  3.7654936e-05  
-5.1786331e-05  0.0000000   0.00038802741  -7.2014149e-05  -5.6611160e-05  -4.2868519e-07  -1.0625968e-07  0.00038862200  2.2622989e-07  1.4512968e-06  
4.0692196e-05  -0.00038802741  0.0000000   0.010591023  4.5510721e-07  -5.0913254e-05  -1.1034550e-05  3.5250030e-07  0.00034916537  -2.1035990e-06  
9.4326922e-05  7.2014149e-05  -0.010591023  0.0000000   -3.2249731e-07  1.1010675e-05  -5.0945970e-05  1.4622214e-06  2.1328851e-06  0.00034933771  
-0.00010107406  5.6611160e-05  -4.5510721e-07  3.2249731e-07  0.0000000   0.00038518976  -7.1434509e-05  0.0029837104  2.2322479e-06  1.1089824e-05  
4.4823495e-05  4.2868519e-07  5.0913254e-05  -1.1010675e-05  -0.00038518976  0.0000000   0.010511534  2.1244913e-06  0.0026806447  1.1510691e-06  
-1.9648633e-05  1.0625968e-07  1.1034550e-05  5.0945970e-05  7.1434509e-05  -0.010511534  0.0000000   1.1130802e-05  -8.2158612e-07  0.0026819571  
1.7171834e-05  -0.00038862200  -3.5250030e-07  -1.4622214e-06  -0.0029837104  -2.1244913e-06  -1.1130802e-05  0.0000000   0.00038514708  -7.1477780e-05  
-2.7882341e-05  -2.2622989e-07  -0.00034916537  -2.1328851e-06  -2.2322479e-06  -0.0026806447  8.2158612e-07  -0.00038514708  0.0000000   0.010511271  
-3.7654936e-05  -1.4512968e-06  2.1035990e-06  -0.00034933771  -1.1089824e-05  -1.1510691e-06  -0.0026819571  7.1477780e-05  -0.010511271  0.0000000   
