0.0000000   3.9914300e-06  -0.00011198008  -9.6693404e-06  -3.3181019e-05  7.6650118e-05  0.00017819574  -0.00011399962  0.00018636234  -1.7107431e-05  
-3.9914300e-06  0.0000000   0.00015025671  0.00034399844  4.4095924e-06  -0.00018985795  1.7804241e-06  -0.00042789521  1.1279082e-06  -2.8315094e-05  
0.00011198008  -0.00015025671  0.0000000   -0.00069627480  -0.00028791168  8.5478160e-06  -5.0136142e-06  0.00011782622  0.00021201909  5.8083633e-06  
9.6693404e-06  -0.00034399844  0.00069627480  0.0000000   4.2964906e-05  -5.4560444e-08  -0.00042654333  3.6658373e-05  2.9252978e-06  -0.00020976341  
3.3181019e-05  -4.4095924e-06  0.00028791168  -4.2964906e-05  0.0000000   1.8985597e-05  -0.00068765426  -8.1656714e-05  -0.00018196207  -7.7327203e-06  
-7.6650118e-05  0.00018985795  -8.5478160e-06  5.4560444e-08  -1.8985597e-05  0.0000000   0.00044219399  -0.00018706065  -0.00024487551  0.00041204335  
-0.00017819574  -1.7804241e-06  5.0136142e-06  0.00042654333  0.00068765426  -0.00044219399  0.0000000   -0.00034971268  0.00039996758  0.00024974838  
0.00011399962  0.00042789521  -0.00011782622  -3.6658373e-05  8.1656714e-05  0.00018706065  0.00034971268  0.0000000   -2.3964650e-05  -2.6798889e-06  
-0.00018636234  -1.1279082e-06  -0.00021201909  -2.9252978e-06  0.00018196207  0.00024487551  -0.00039996758  2.3964650e-05  0.0000000   0.00073639277  
1.7107431e-05  2.8315094e-05  -5.8083633e-06  0.00020976341  7.7327203e-06  -0.00041204335  -0.00024974838  2.6798889e-06  -0.00073639277  0.0000000   
