0.0000000   7.7931041e-06  -3.3572205e-06  -0.00018376470  0.00045980261  0.00012190172  0.00013427832  0.00039132779  9.6817404e-05  5.7210443e-05  
-7.7931041e-06  0.0000000   -0.00015101198  -0.00016703168  -0.00061306447  0.00074807281  -0.00018742026  -0.00061891616  9.6296087e-05  -0.00040889758  
3.3572205e-06  0.00015101198  0.0000000   0.0067776462  -0.0040108434  -0.00021876409  0.00021514334  0.0016650069  -0.0013545770  -0.00066058003  
0.00018376470  0.00016703168  -0.0067776462  0.0000000   0.0032924080  0.0014398185  0.0011132816  -0.0023821856  -0.00088619346  6.2650294e-05  
-0.00045980261  0.00061306447  0.0040108434  -0.0032924080  0.0000000   0.0013685368  0.0014542202  0.00040796813  -0.0010029497  -1.3078223e-05  
-0.00012190172  -0.00074807281  0.00021876409  -0.0014398185  -0.0013685368  0.0000000   0.0025013507  -0.0018427443  0.0024028102  -0.00057114776  
-0.00013427832  0.00018742026  -0.00021514334  -0.0011132816  -0.0014542202  -0.0025013507  0.0000000   0.00065098930  -0.00083211879  0.00088893886  
-0.00039132779  0.00061891616  -0.0016650069  0.0023821856  -0.00040796813  0.0018427443  -0.00065098930  0.0000000   0.00096170278  0.0016195115  
-9.6817404e-05  -9.6296087e-05  0.0013545770  0.00088619346  0.0010029497  -0.0024028102  0.00083211879  -0.00096170278  0.0000000   0.00039504022  
-5.7210443e-05  0.00040889758  0.00066058003  -6.2650294e-05  1.3078223e-05  0.00057114776  -0.00088893886  -0.0016195115  -0.00039504022  0.0000000   
