0.0000000   8.8859746e-06  -5.3287245e-05  3.7099517e-08  1.3413482e-05  5.6746517e-05  -0.00016063438  -7.1746117e-06  -0.00017180583  -3.0945869e-05  
-8.8859746e-06  0.0000000   1.9275355e-05  0.00018663910  -0.00015878674  -1.5423675e-05  -0.00024424392  0.0085888451  -0.0013030901  3.5139798e-05  
5.3287245e-05  -1.9275355e-05  0.0000000   0.0012723427  -0.00094088429  -1.3434242e-05  0.00082345070  0.00027022227  -0.00020930847  7.5800801e-05  
-3.7099517e-08  -0.00018663910  -0.0012723427  0.0000000   -0.00054077876  -0.0011016387  2.2161829e-05  4.7296683e-05  -6.3544758e-05  -0.00026958284  
-1.3413482e-05  0.00015878674  0.00094088429  0.00054077876  0.0000000   0.00076808512  5.1233192e-05  -0.00013699846  -7.8603154e-05  0.00090618354  
-5.6746517e-05  1.5423675e-05  1.3434242e-05  0.0011016387  -0.00076808512  0.0000000   0.00032356013  0.00033816935  -0.00062270563  -0.00012856447  
0.00016063438  0.00024424392  -0.00082345070  -2.2161829e-05  -5.1233192e-05  -0.00032356013  0.0000000   -5.1397052e-05  -0.00055419641  -0.0065911029  
7.1746117e-06  -0.0085888451  -0.00027022227  -4.7296683e-05  0.00013699846  -0.00033816935  5.1397052e-05  0.0000000   -0.0014404164  -0.017684981  
0.00017180583  0.0013030901  0.00020930847  6.3544758e-05  7.8603154e-05  0.00062270563  0.00055419641  0.0014404164  0.0000000   -0.0049597922  
3.0945869e-05  -3.5139798e-05  -7.5800801e-05  0.00026958284  -0.00090618354  0.00012856447  0.0065911029  0.017684981  0.0049597922  0.0000000   
