0.0000000   -2.6786872e-05  7.3332905e-05  4.9900926e-06  -5.5300960e-05  1.0273873e-05  0.00015472709  -7.6361604e-06  0.00012138752  6.1234610e-05  
2.6786872e-05  0.0000000   0.00027471202  -5.9964603e-05  0.00082023495  5.6422188e-05  -0.0013498487  8.1762373e-05  -0.00017498849  -0.0045073670  
-7.3332905e-05  -0.00027471202  0.0000000   -2.8793866e-06  0.0017314240  1.6658595e-06  0.00028271884  -2.0517205e-05  0.00034563729  -0.00028107057  
-4.9900926e-06  5.9964603e-05  2.8793866e-06  0.0000000   7.7605603e-05  0.00039679716  0.00035115902  0.00083193321  -0.00030017046  -9.6229193e-05  
5.5300960e-05  -0.00082023495  -0.0017314240  -7.7605603e-05  0.0000000   0.00017859575  -0.00077483805  2.1648831e-05  -0.00083495570  0.00042641009  
-1.0273873e-05  -5.6422188e-05  -1.6658595e-06  -0.00039679716  -0.00017859575  0.0000000   0.0019665794  -0.00021093894  -0.0020104932  1.0204158e-05  
-0.00015472709  0.0013498487  -0.00028271884  -0.00035115902  0.00077483805  -0.0019665794  0.0000000   0.00038545039  0.00037021485  -0.0011385109  
7.6361604e-06  -8.1762373e-05  2.0517205e-05  -0.00083193321  -2.1648831e-05  0.00021093894  -0.00038545039  0.0000000   0.00036571391  0.00025359697  
-0.00012138752  0.00017498849  -0.00034563729  0.00030017046  0.00083495570  0.0020104932  -0.00037021485  -0.00036571391  0.0000000   -0.0010222640  
-6.1234610e-05  0.0045073670  0.00028107057  9.6229193e-05  -0.00042641009  -1.0204158e-05  0.0011385109  -0.00025359697  0.0010222640  0.0000000   
