0.0000000   -2.8131466e-05  4.1737050e-05  -0.00015037836  9.4353663e-05  2.0919743e-05  -6.7930629e-05  0.00015699637  -6.2112965e-05  -8.6385469e-06  
2.8131466e-05  0.0000000   -0.00011339850  0.00020424633  0.00019415555  -1.5796679e-08  3.6455675e-08  0.00014066212  2.8034080e-08  -3.5657102e-08  
-4.1737050e-05  0.00011339850  0.0000000   -0.00020200183  1.1037835e-08  0.00019412826  -9.2299846e-09  -2.0560626e-08  0.00014065302  5.0212623e-08  
0.00015037836  -0.00020424633  0.00020200183  0.0000000   -8.3691285e-09  3.7668466e-08  0.00019413629  1.6485636e-08  -2.6173666e-08  0.00014067600  
-9.4353663e-05  -0.00019415555  -1.1037835e-08  8.3691285e-09  0.0000000   -0.00011328198  0.00020404152  -0.0010185683  -2.8855374e-08  -3.2506718e-08  
-2.0919743e-05  1.5796679e-08  -0.00019412826  -3.7668466e-08  0.00011328198  0.0000000   -0.00020182101  -3.2831901e-08  -0.0010184522  -1.0925361e-07  
6.7930629e-05  -3.6455675e-08  9.2299846e-09  -0.00019413629  -0.00020404152  0.00020182101  0.0000000   -1.0991359e-08  -1.1551102e-07  -0.0010184451  
-0.00015699637  -0.00014066212  2.0560626e-08  -1.6485636e-08  0.0010185683  3.2831901e-08  1.0991359e-08  0.0000000   -0.00011329636  0.00020405696  
6.2112965e-05  -2.8034080e-08  -0.00014065302  2.6173666e-08  2.8855374e-08  0.0010184522  1.1551102e-07  0.00011329636  0.0000000   -0.00020183955  
8.6385469e-06  3.5657102e-08  -5.0212623e-08  -0.00014067600  3.2506718e-08  1.0925361e-07  0.0010184451  -0.00020405696  0.00020183955  0.0000000   
