0.0000000   -1.2101286e-06  4.7814043e-06  2.7379175e-05  -4.3100073e-05  -3.2080551e-05  -2.8930882e-05  4.9808616e-05  -4.8903486e-05  -1.8264577e-05  
1.2101286e-06  0.0000000   -6.1859446e-05  -0.00011472492  -0.00038594060  4.1493227e-05  8.1104306e-05  -0.00016365773  -4.4032150e-05  2.2297910e-05  
-4.7814043e-06  6.1859446e-05  0.0000000   -0.017072778  0.0023406035  -5.1359165e-05  -0.00085739731  -0.0010766356  0.00016750721  4.7044285e-05  
-2.7379175e-05  0.00011472492  0.017072778  0.0000000   -0.015407672  -0.00026347411  -0.0017589280  0.0018723255  0.00038333370  0.00013204514  
4.3100073e-05  0.00038594060  -0.0023406035  0.015407672  0.0000000   -0.00029837022  0.00041012002  -5.5751204e-05  -0.00024789706  -0.00012872616  
3.2080551e-05  -4.1493227e-05  5.1359165e-05  0.00026347411  0.00029837022  0.0000000   -0.00058625682  0.00073226345  0.00014283244  -0.00066980949  
2.8930882e-05  -8.1104306e-05  0.00085739731  0.0017589280  -0.00041012002  0.00058625682  0.0000000   -0.0013962268  0.00078863288  0.0019830093  
-4.9808616e-05  0.00016365773  0.0010766356  -0.0018723255  5.5751204e-05  -0.00073226345  0.0013962268  0.0000000   -0.00035228699  -0.00016000752  
4.8903486e-05  4.4032150e-05  -0.00016750721  -0.00038333370  0.00024789706  -0.00014283244  -0.00078863288  0.00035228699  0.0000000   -0.0036800552  
1.8264577e-05  -2.2297910e-05  -4.7044285e-05  -0.00013204514  0.00012872616  0.00066980949  -0.0019830093  0.00016000752  0.0036800552  0.0000000   
