0.0000000   -4.3254628e-06  0.00019968869  1.5197836e-06  -1.9324315e-05  1.9698196e-05  -4.2672274e-05  -0.00020962261  -1.0673728e-05  5.4289868e-05  
4.3254628e-06  0.0000000   0.00036254485  0.00025120594  -1.8529606e-05  0.00030362467  -8.5210194e-05  0.00051204545  2.4009167e-05  7.3622100e-05  
-0.00019968869  -0.00036254485  0.0000000   -0.0071635522  -0.00049042970  6.1771436e-05  0.00011172998  0.00053458468  -0.00014717598  -0.00023198905  
-1.5197836e-06  -0.00025120594  0.0071635522  0.0000000   0.00083074278  -4.5976585e-05  -0.00053350923  -0.00029505041  6.8451676e-05  2.9835282e-05  
1.9324315e-05  1.8529606e-05  0.00049042970  -0.00083074278  0.0000000   0.00020089030  0.0047464118  -0.00048831178  0.0019997796  -0.00013348076  
-1.9698196e-05  -0.00030362467  -6.1771436e-05  4.5976585e-05  -0.00020089030  0.0000000   -0.0012161709  0.0017413163  3.2204078e-05  0.00090411352  
4.2672274e-05  8.5210194e-05  -0.00011172998  0.00053350923  -0.0047464118  0.0012161709  0.0000000   4.1830701e-05  0.015605262  0.00035039504  
0.00020962261  -0.00051204545  -0.00053458468  0.00029505041  0.00048831178  -0.0017413163  -4.1830701e-05  0.0000000   -4.2365644e-05  -9.5340139e-05  
1.0673728e-05  -2.4009167e-05  0.00014717598  -6.8451676e-05  -0.0019997796  -3.2204078e-05  -0.015605262  4.2365644e-05  0.0000000   -0.017897944  
-5.4289868e-05  -7.3622100e-05  0.00023198905  -2.9835282e-05  0.00013348076  -0.00090411352  -0.00035039504  9.5340139e-05  0.017897944  0.0000000   
