0.0000000   -2.3119853e-07  4.3092687e-05  3.1920952e-05  6.8371763e-05  5.7206251e-06  -3.9978956e-05  3.3922252e-05  -3.3317445e-05  2.8775948e-05  
2.3119853e-07  0.0000000   -1.4241097e-05  -0.00016410110  0.0010787463  -5.6856127e-05  0.00011023028  0.0011722626  6.4327559e-05  -0.00021348154  
-4.3092687e-05  1.4241097e-05  0.0000000   -8.8002171e-05  9.3988393e-05  2.8977803e-05  0.0018282271  0.00063090015  -0.00038182312  0.00011870522  
-3.1920952e-05  0.00016410110  8.8002171e-05  0.0000000   -0.016625389  0.00026823186  -0.00039496661  0.00039162138  -0.00010512349  -0.0010267903  
-6.8371763e-05  -0.0010787463  -9.3988393e-05  0.016625389  0.0000000   0.0040028346  -0.0033514791  0.00010007961  -0.00031200968  0.00011646889  
-5.7206251e-06  5.6856127e-05  -2.8977803e-05  -0.00026823186  -0.0040028346  0.0000000   4.3450637e-05  0.00042195680  -8.6900594e-05  0.00033434876  
3.9978956e-05  -0.00011023028  -0.0018282271  0.00039496661  0.0033514791  -4.3450637e-05  0.0000000   -0.00044955157  -0.00047302810  0.023157605  
-3.3922252e-05  -0.0011722626  -0.00063090015  -0.00039162138  -0.00010007961  -0.00042195680  0.00044955157  0.0000000   0.018705458  0.00034473656  
3.3317445e-05  -6.4327559e-05  0.00038182312  0.00010512349  0.00031200968  8.6900594e-05  0.00047302810  -0.018705458  0.0000000   0.0010693959  
-2.8775948e-05  0.00021348154  -0.00011870522  0.0010267903  -0.00011646889  -0.00033434876  -0.023157605  -0.00034473656  -0.0010693959  0.0000000   
