0.0000000   7.5107562e-07  0.00020820921  4.6870085e-05  -0.00020456830  -9.1704703e-06  -1.3615164e-05  2.0188501e-05  -1.8522509e-05  6.9805048e-06  
-7.5107562e-07  0.0000000   -0.00018032490  0.00029394588  -3.0816761e-05  8.5046438e-08  -8.5245237e-08  -0.00030227550  2.2330443e-07  1.5357085e-07  
-0.00020820921  0.00018032490  0.0000000   0.0031885309  -4.3248753e-08  -3.0558392e-05  -1.0522747e-06  2.1890800e-07  -0.00029963187  2.1387680e-07  
-4.6870085e-05  -0.00029394588  -0.0031885309  0.0000000   -2.4695608e-08  1.0699519e-06  -3.0549898e-05  1.2317184e-07  -2.2159159e-07  -0.00029957566  
0.00020456830  3.0816761e-05  4.3248753e-08  2.4695608e-08  0.0000000   -0.00018009055  0.00029355359  -0.0012368510  9.4383106e-07  5.3032697e-07  
9.1704703e-06  -8.5046438e-08  3.0558392e-05  -1.0699519e-06  0.00018009055  0.0000000   0.0031846835  9.5804619e-07  -0.0012261388  -8.5767988e-08  
1.3615164e-05  8.5245237e-08  1.0522747e-06  3.0549898e-05  -0.00029355359  -0.0031846835  0.0000000   5.5534936e-07  2.0169959e-08  -0.0012258695  
-2.0188501e-05  0.00030227550  -2.1890800e-07  -1.2317184e-07  0.0012368510  -9.5804619e-07  -5.5534936e-07  0.0000000   -0.00018006955  0.00029353996  
1.8522509e-05  -2.2330443e-07  0.00029963187  2.2159159e-07  -9.4383106e-07  0.0012261388  -2.0169959e-08  0.00018006955  0.0000000   0.0031842203  
-6.9805048e-06  -1.5357085e-07  -2.1387680e-07  0.00029957566  -5.3032697e-07  8.5767988e-08  0.0012258695  -0.00029353996  -0.0031842203  0.0000000   
