0.0000000   -0.0016110444  0.00018714351  9.4644948e-05  -9.6907795e-05  8.6393985e-05  0.0016110444  0.0000000   0.00047891648  -2.0070069e-05  
-9.7205271e-05  -7.7404627e-05  -0.00018714351  -0.00047891648  0.0000000   6.3388984e-05  -4.8667880e-05  -3.4596040e-05  -9.4644948e-05  2.0070069e-05  
-6.3388984e-05  0.0000000   0.00023090088  -0.00029327695  9.6907795e-05  9.7205271e-05  4.8667880e-05  -0.00023090088  0.0000000   -0.0014297842  
-8.6393985e-05  7.7404627e-05  3.4596040e-05  0.00029327695  0.0014297842  0.0000000   -7.9890415e-321  0.0000000   0.0000000   0.0000000   
0.0000000   0.0000000   0.0000000   0.0000000   0.0000000   0.0000000   0.0000000   0.0000000   0.0000000   0.0000000   
0.0000000   0.0000000   0.0000000   0.0000000   0.0000000   0.0000000   0.0000000   0.0000000   0.0000000   0.0000000   
0.0000000   0.0000000   0.0000000   0.0000000   0.0000000   0.0000000   0.0000000   0.0000000   0.0000000   0.0000000   
0.0000000   0.0000000   0.0000000   0.0000000   0.0000000   0.0000000   0.0000000   0.0000000   0.0000000   0.0000000   
0.0000000   0.0000000   0.0000000   0.0000000   0.0000000   0.0000000   0.0000000   0.0000000   0.0000000   0.0000000   
0.0000000   0.0000000   0.0000000   0.0000000   0.0000000   0.0000000   0.0000000   0.0000000   0.0000000   0.0000000   
