0.0000000   5.5193157e-05  -2.7921973e-05  0.00013542485  0.00016644407  -2.5037697e-05  -7.1654531e-05  -6.5376855e-05  -1.6551217e-05  1.1428810e-05  
-5.5193157e-05  0.0000000   -3.8807465e-05  -7.6141183e-05  0.00090447700  -0.0084303869  0.0031592301  -0.00047839089  0.0019660609  -0.0025332132  
2.7921973e-05  3.8807465e-05  0.0000000   -0.00015208922  -0.0024427445  -0.00024471714  2.0214032e-05  -0.0035277886  0.00010350249  -2.9081071e-05  
-0.00013542485  7.6141183e-05  0.00015208922  0.0000000   0.011445571  0.00019978773  0.00028051958  0.016384650  -0.00022767438  -0.00014766935  
-0.00016644407  -0.00090447700  0.0024427445  -0.011445571  0.0000000   0.00015917957  0.00019821080  0.00020114962  -0.00017055875  -0.00012156897  
2.5037697e-05  0.0084303869  0.00024471714  -0.00019978773  -0.00015917957  0.0000000   0.00045548202  -4.4902258e-05  0.00020249388  0.00052196017  
7.1654531e-05  -0.0031592301  -2.0214032e-05  -0.00028051958  -0.00019821080  -0.00045548202  0.0000000   -7.6698414e-05  -1.5911516e-06  0.00030687671  
6.5376855e-05  0.00047839089  0.0035277886  -0.016384650  -0.00020114962  4.4902258e-05  7.6698414e-05  0.0000000   0.00031655780  -5.7086430e-05  
1.6551217e-05  -0.0019660609  -0.00010350249  0.00022767438  0.00017055875  -0.00020249388  1.5911516e-06  -0.00031655780  0.0000000   8.5183351e-06  
-1.1428810e-05  0.0025332132  2.9081071e-05  0.00014766935  0.00012156897  -0.00052196017  -0.00030687671  5.7086430e-05  -8.5183351e-06  0.0000000   
