0.0000000   1.1026877e-05  -3.8795287e-06  -8.4883775e-06  -1.6624502e-06  8.1345329e-05  -1.7686166e-05  -2.9595089e-08  2.0273222e-05  -6.1854196e-05  
-1.1026877e-05  0.0000000   -5.7295566e-05  4.5706236e-05  0.00010702278  -0.00014106184  -0.00016791430  -2.6316083e-05  0.00013687728  4.7869698e-05  
3.8795287e-06  5.7295566e-05  0.0000000   -0.0041874082  -0.00015809114  0.00041802442  -8.0978708e-05  0.00012761273  0.00052833347  -0.00092692174  
8.4883775e-06  -4.5706236e-05  0.0041874082  0.0000000   0.0035408959  1.3461732e-05  0.00014071229  -0.00075839511  0.00018674938  -2.3870009e-06  
1.6624502e-06  -0.00010702278  0.00015809114  -0.0035408959  0.0000000   -0.00075306635  0.00053781212  3.7642323e-05  -4.5946221e-05  0.00090979850  
-8.1345329e-05  0.00014106184  -0.00041802442  -1.3461732e-05  0.00075306635  0.0000000   -0.0040096494  -0.00012091204  0.0038544747  0.00030430067  
1.7686166e-05  0.00016791430  8.0978708e-05  -0.00014071229  -0.00053781212  0.0040096494  0.0000000   -0.00016840439  0.00015193014  -0.0056228030  
2.9595089e-08  2.6316083e-05  -0.00012761273  0.00075839511  -3.7642323e-05  0.00012091204  0.00016840439  0.0000000   0.00031960840  -0.00017110047  
-2.0273222e-05  -0.00013687728  -0.00052833347  -0.00018674938  4.5946221e-05  -0.0038544747  -0.00015193014  -0.00031960840  0.0000000   0.0054148208  
6.1854196e-05  -4.7869698e-05  0.00092692174  2.3870009e-06  -0.00090979850  -0.00030430067  0.0056228030  0.00017110047  -0.0054148208  0.0000000   
