0.0000000   0.00047145600  -7.8511309e-05  0.00023638400  -0.00010437109  1.0896137e-05  -0.00047145600  0.0000000   0.00084256360  0.00025058342  
2.9784795e-06  -0.00010328642  7.8511309e-05  -0.00084256360  0.0000000   -8.5151966e-06  0.00019808525  -0.00026378708  -0.00023638400  -0.00025058342  
8.5151966e-06  0.0000000   0.00090381940  -0.00016869328  0.00010437109  -2.9784795e-06  -0.00019808525  -0.00090381940  0.0000000   0.0013582581  
-1.0896137e-05  0.00010328642  0.00026378708  0.00016869328  -0.0013582581  0.0000000   -2.9298093e-321  3.4534885e+268  0.0000000   0.0000000   
0.0000000   0.0000000   0.0000000   0.0000000   0.0000000   0.0000000   0.0000000   0.0000000   0.0000000   0.0000000   
0.0000000   0.0000000   0.0000000   0.0000000   0.0000000   0.0000000   0.0000000   0.0000000   0.0000000   0.0000000   
0.0000000   0.0000000   0.0000000   0.0000000   0.0000000   0.0000000   0.0000000   0.0000000   0.0000000   0.0000000   
0.0000000   0.0000000   0.0000000   -5.5829418e-322  0.0000000   0.0000000   0.0000000   0.0000000   0.0000000   0.0000000   
-5.5829418e-322  0.0000000   0.0000000   0.0000000   0.0000000   0.0000000   0.0000000   -5.5829418e-322  0.0000000   0.0000000   
0.0000000   0.0000000   0.0000000   0.0000000   -5.5829418e-322  0.0000000   0.0000000   0.0000000   0.0000000   0.0000000   
