0.0000000   0.00020010309  3.2603887e-05  4.6139718e-05  -8.0645244e-05  7.4884852e-05  -0.00020010309  0.0000000   6.1091709e-05  0.00037655820  
-0.00010934621  -0.00010487181  -3.2603887e-05  -6.1091709e-05  0.0000000   -1.8222252e-06  0.00022836026  -0.00028085034  -4.6139718e-05  -0.00037655820  
1.8222252e-06  0.0000000   3.9454036e-05  -7.9215422e-05  8.0645244e-05  0.00010934621  -0.00022836026  -3.9454036e-05  0.0000000   -0.00059428356  
-7.4884852e-05  0.00010487181  0.00028085034  7.9215422e-05  0.00059428356  0.0000000   -7.9890415e-321  0.0000000   0.0000000   0.0000000   
0.0000000   0.0000000   0.0000000   0.0000000   0.0000000   0.0000000   0.0000000   0.0000000   0.0000000   0.0000000   
0.0000000   0.0000000   0.0000000   0.0000000   0.0000000   0.0000000   0.0000000   0.0000000   0.0000000   0.0000000   
0.0000000   0.0000000   0.0000000   0.0000000   0.0000000   0.0000000   0.0000000   0.0000000   0.0000000   0.0000000   
0.0000000   0.0000000   0.0000000   0.0000000   0.0000000   0.0000000   0.0000000   0.0000000   0.0000000   0.0000000   
0.0000000   0.0000000   0.0000000   0.0000000   0.0000000   0.0000000   0.0000000   0.0000000   0.0000000   0.0000000   
0.0000000   0.0000000   0.0000000   0.0000000   0.0000000   0.0000000   0.0000000   0.0000000   0.0000000   0.0000000   
