0.0000000   -6.3460478e-05  0.00032405910  -0.00010388031  0.00036110064  -3.3408787e-06  1.7728005e-05  9.1642940e-06  3.4707332e-05  -2.0689667e-05  
6.3460478e-05  0.0000000   0.00028595269  0.00042200942  -0.00022949190  -1.5596143e-08  -3.4933595e-09  0.00035998090  5.4713844e-08  3.7273955e-08  
-0.00032405910  -0.00028595269  0.0000000   -1.0999014e-05  -1.6217550e-08  -0.00022957699  -7.7736786e-09  -3.7249236e-08  0.00035996379  -4.8086347e-08  
0.00010388031  -0.00042200942  1.0999014e-05  0.0000000   1.4347038e-08  3.2120513e-08  -0.00022947585  -6.3987025e-08  -2.9323569e-08  0.00035989382  
-0.00036110064  0.00022949190  1.6217550e-08  -1.4347038e-08  0.0000000   0.00028593105  0.00042201598  9.2580812e-05  -4.5571796e-08  3.2729184e-08  
3.3408787e-06  1.5596143e-08  0.00022957699  -3.2120513e-08  -0.00028593105  0.0000000   -1.1020554e-05  -2.2852599e-08  9.2598321e-05  -1.3819574e-08  
-1.7728005e-05  3.4933595e-09  7.7736786e-09  0.00022947585  -0.00042201598  1.1020554e-05  0.0000000   -3.6934684e-08  -1.0935238e-08  9.2559876e-05  
-9.1642940e-06  -0.00035998090  3.7249236e-08  6.3987025e-08  -9.2580812e-05  2.2852599e-08  3.6934684e-08  0.0000000   0.00028602979  0.00042220124  
-3.4707332e-05  -5.4713844e-08  -0.00035996379  2.9323569e-08  4.5571796e-08  -9.2598321e-05  1.0935238e-08  -0.00028602979  0.0000000   -1.1028795e-05  
2.0689667e-05  -3.7273955e-08  4.8086347e-08  -0.00035989382  -3.2729184e-08  1.3819574e-08  -9.2559876e-05  -0.00042220124  1.1028795e-05  0.0000000   
