0.0000000   -0.00064963215  -0.00016526748  3.7472788e-05  3.9148703e-05  -4.6584216e-06  0.00064963215  0.0000000   0.00046680678  0.00027869470  
-2.5580811e-05  3.4393390e-05  0.00016526748  -0.00046680678  0.0000000   3.4909870e-05  -0.00027436432  2.0523591e-05  -3.7472788e-05  -0.00027869470  
-3.4909870e-05  0.0000000   -0.00045292279  -0.00017606493  -3.9148703e-05  2.5580811e-05  0.00027436432  0.00045292279  0.0000000   -0.0011130163  
4.6584216e-06  -3.4393390e-05  -2.0523591e-05  0.00017606493  0.0011130163  0.0000000   -7.9890415e-321  0.0000000   0.0000000   0.0000000   
0.0000000   0.0000000   0.0000000   0.0000000   0.0000000   0.0000000   0.0000000   0.0000000   0.0000000   0.0000000   
0.0000000   0.0000000   0.0000000   0.0000000   0.0000000   0.0000000   0.0000000   0.0000000   0.0000000   0.0000000   
0.0000000   0.0000000   0.0000000   0.0000000   0.0000000   0.0000000   0.0000000   0.0000000   0.0000000   0.0000000   
0.0000000   0.0000000   0.0000000   0.0000000   0.0000000   0.0000000   0.0000000   0.0000000   0.0000000   0.0000000   
0.0000000   0.0000000   0.0000000   0.0000000   0.0000000   0.0000000   0.0000000   0.0000000   0.0000000   0.0000000   
0.0000000   0.0000000   0.0000000   0.0000000   0.0000000   0.0000000   0.0000000   0.0000000   0.0000000   0.0000000   
