0.0000000   1.8030648e-05  6.1124344e-06  -5.3973372e-05  4.4826180e-05  2.0772983e-05  -2.2345726e-05  4.0865103e-05  -1.8334511e-05  1.4076328e-05  
-1.8030648e-05  0.0000000   0.00030443332  -5.0005272e-05  -0.00014320772  3.4739726e-07  -2.0632957e-07  0.00031729922  2.3071695e-07  2.8802494e-07  
-6.1124344e-06  -0.00030443332  0.0000000   0.0038198235  -3.8374911e-07  -0.00014136526  4.6292777e-06  -1.1723567e-07  0.00031322713  2.2705642e-06  
5.3973372e-05  5.0005272e-05  -0.0038198235  0.0000000   -7.5004980e-08  -4.6678338e-06  -0.00014139451  3.3951491e-07  -2.1989255e-06  0.00031330077  
-4.4826180e-05  0.00014320772  3.8374911e-07  7.5004980e-08  0.0000000   0.00029955164  -4.9210309e-05  -0.0043498582  -6.7097499e-07  -4.3709481e-06  
-2.0772983e-05  -3.4739726e-07  0.00014136526  4.6678338e-06  -0.00029955164  0.0000000   0.0037585163  -6.8818762e-07  -0.0042941255  -4.2789526e-07  
2.2345726e-05  2.0632957e-07  -4.6292777e-06  0.00014139451  4.9210309e-05  -0.0037585163  0.0000000   -4.3662414e-06  -6.4872200e-07  -0.0042950322  
-4.0865103e-05  -0.00031729922  1.1723567e-07  -3.3951491e-07  0.0043498582  6.8818762e-07  4.3662414e-06  0.0000000   0.00029949545  -4.9197382e-05  
1.8334511e-05  -2.3071695e-07  -0.00031322713  2.1989255e-06  6.7097499e-07  0.0042941255  6.4872200e-07  -0.00029949545  0.0000000   0.0037577011  
-1.4076328e-05  -2.8802494e-07  -2.2705642e-06  -0.00031330077  4.3709481e-06  4.2789526e-07  0.0042950322  4.9197382e-05  -0.0037577011  0.0000000   
