0.0000000   -0.00031158049  -0.00020656789  -8.0807185e-06  -0.00019889295  0.00011293959  0.00031158049  0.0000000   -0.00055491651  0.00038036246  
-0.00011292377  -0.00019330547  0.00020656789  0.00055491651  0.0000000   -5.2613387e-05  -0.00034190297  0.00012660157  8.0807185e-06  -0.00038036246  
5.2613387e-05  0.0000000   0.00045545963  -0.00049179521  0.00019889295  0.00011292377  0.00034190297  -0.00045545963  0.0000000   -0.0053760600  
-0.00011293959  0.00019330547  -0.00012660157  0.00049179521  0.0053760600  0.0000000   -7.9890415e-321  0.0000000   0.0000000   0.0000000   
0.0000000   0.0000000   0.0000000   0.0000000   0.0000000   0.0000000   0.0000000   0.0000000   0.0000000   0.0000000   
0.0000000   0.0000000   0.0000000   0.0000000   0.0000000   0.0000000   0.0000000   0.0000000   0.0000000   0.0000000   
0.0000000   0.0000000   0.0000000   0.0000000   0.0000000   0.0000000   0.0000000   0.0000000   0.0000000   0.0000000   
0.0000000   0.0000000   0.0000000   0.0000000   0.0000000   0.0000000   0.0000000   0.0000000   0.0000000   0.0000000   
0.0000000   0.0000000   0.0000000   0.0000000   0.0000000   0.0000000   0.0000000   0.0000000   0.0000000   0.0000000   
0.0000000   0.0000000   0.0000000   0.0000000   0.0000000   0.0000000   0.0000000   0.0000000   0.0000000   0.0000000   
