0.0000000   -1.2523122e-05  -0.00024110474  -0.00027116869  -0.00030771690  2.2808428e-05  -0.00010083263  0.00021178473  -0.00010769106  -3.5613180e-05  
1.2523122e-05  0.0000000   -0.00054351349  -0.00010779557  0.00045526891  -9.8887442e-08  7.7020736e-07  9.0335168e-05  -4.2933948e-07  7.5189416e-08  
0.00024110474  0.00054351349  0.0000000   -0.0036031911  -4.6902028e-08  0.00045005405  4.6420936e-07  8.3278493e-08  8.9353777e-05  -2.5490988e-06  
0.00027116869  0.00010779557  0.0036031911  0.0000000   4.1972535e-07  -4.2669030e-07  0.00045012031  2.7033001e-07  2.4856044e-06  8.9375500e-05  
0.00030771690  -0.00045526891  4.6902028e-08  -4.1972535e-07  0.0000000   -0.00054227630  -0.00010755165  0.0016817012  -5.4062456e-07  2.8929049e-06  
-2.2808428e-05  9.8887442e-08  -0.00045005405  4.2669030e-07  0.00054227630  0.0000000   -0.0035951067  -6.7812328e-07  0.0016628515  4.9941073e-07  
0.00010083263  -7.7020736e-07  -4.6420936e-07  -0.00045012031  0.00010755165  0.0035951067  0.0000000   2.7194483e-06  -5.2539704e-07  0.0016632934  
-0.00021178473  -9.0335168e-05  -8.3278493e-08  -2.7033001e-07  -0.0016817012  6.7812328e-07  -2.7194483e-06  0.0000000   -0.00054221027  -0.00010760277  
0.00010769106  4.2933948e-07  -8.9353777e-05  -2.4856044e-06  5.4062456e-07  -0.0016628515  5.2539704e-07  0.00054221027  0.0000000   -0.0035956126  
3.5613180e-05  -7.5189416e-08  2.5490988e-06  -8.9375500e-05  -2.8929049e-06  -4.9941073e-07  -0.0016632934  0.00010760277  0.0035956126  0.0000000   
