0.0000000   1.5459813e-05  -8.2022086e-05  6.1990681e-05  6.9227947e-05  -0.00010961774  -3.1287046e-06  -5.0173803e-05  8.4081781e-06  0.00013677567  
-1.5459813e-05  0.0000000   -0.00013201447  0.00036541872  -0.00031116321  -1.4197945e-07  -1.7726740e-08  6.1531181e-05  -3.4348181e-08  1.6831238e-07  
8.2022086e-05  0.00013201447  0.0000000   -0.0014086719  -1.1456723e-07  -0.00031062926  -8.5727584e-08  6.2997056e-08  6.1443157e-05  -5.8767428e-07  
-6.1990681e-05  -0.00036541872  0.0014086719  0.0000000   -6.8358570e-08  1.3885235e-07  -0.00031067451  -1.4011457e-07  5.7651967e-07  6.1443712e-05  
-6.9227947e-05  0.00031116321  1.1456723e-07  6.8358570e-08  0.0000000   -0.00013170092  0.00036455786  -0.0016484187  -6.9809209e-07  -2.0790649e-07  
0.00010961774  1.4197945e-07  0.00031062926  -1.3885235e-07  0.00013170092  0.0000000   -0.0014054188  -6.6228033e-07  -0.0016455362  -9.1444056e-08  
3.1287046e-06  1.7726740e-08  8.5727584e-08  0.00031067451  -0.00036455786  0.0014054188  0.0000000   -3.2070138e-07  3.2446822e-07  -0.0016456734  
5.0173803e-05  -6.1531181e-05  -6.2997056e-08  1.4011457e-07  0.0016484187  6.6228033e-07  3.2070138e-07  0.0000000   -0.00013173147  0.00036465270  
-8.4081781e-06  3.4348181e-08  -6.1443157e-05  -5.7651967e-07  6.9809209e-07  0.0016455362  -3.2446822e-07  0.00013173147  0.0000000   -0.0014057887  
-0.00013677567  -1.6831238e-07  5.8767428e-07  -6.1443712e-05  2.0790649e-07  9.1444056e-08  0.0016456734  -0.00036465270  0.0014057887  0.0000000   
