0.0000000   2.7325347e-05  -2.6806345e-05  1.1417482e-05  -9.6791978e-06  9.4664152e-06  0.00015267744  -4.0354949e-05  -0.00015407001  2.7086339e-05  
-2.7325347e-05  0.0000000   -9.1250083e-05  -0.00015644465  7.6522687e-06  3.9412070e-05  -2.8225227e-05  0.00010360503  2.4044092e-05  2.9566450e-05  
2.6806345e-05  9.1250083e-05  0.0000000   -0.0034832909  -0.016367611  0.00025763931  0.0010388930  0.0014717976  0.00022859277  -4.9545806e-05  
-1.1417482e-05  0.00015644465  0.0034832909  0.0000000   -0.00088133669  3.2709121e-05  3.6772645e-05  -0.0012903175  4.6855700e-05  -7.1924501e-05  
9.6791978e-06  -7.6522687e-06  0.016367611  0.00088133669  0.0000000   -0.00026845384  -0.0022942868  0.017281748  -0.00070729654  -0.00010593796  
-9.4664152e-06  -3.9412070e-05  -0.00025763931  -3.2709121e-05  0.00026845384  0.0000000   1.3877107e-05  0.00086011708  0.00024444045  0.00016367165  
-0.00015267744  2.8225227e-05  -0.0010388930  -3.6772645e-05  0.0022942868  -1.3877107e-05  0.0000000   -0.0011139418  -0.00090363711  -0.0014497497  
4.0354949e-05  -0.00010360503  -0.0014717976  0.0012903175  -0.017281748  -0.00086011708  0.0011139418  0.0000000   0.00026084191  -4.9386645e-05  
0.00015407001  -2.4044092e-05  -0.00022859277  -4.6855700e-05  0.00070729654  -0.00024444045  0.00090363711  -0.00026084191  0.0000000   -0.0027465412  
-2.7086339e-05  -2.9566450e-05  4.9545806e-05  7.1924501e-05  0.00010593796  -0.00016367165  0.0014497497  4.9386645e-05  0.0027465412  0.0000000   
