0.0000000   9.7360574e-09  -0.00013827565  2.9456555e-05  0.00013366450  2.2442012e-05  0.00030422324  2.1572515e-05  0.00028915490  -2.3652772e-06  
-9.7360574e-09  0.0000000   -7.1359515e-05  0.00046450952  2.2134062e-05  -3.4755776e-08  3.1733209e-07  -0.00043112487  -3.1700095e-07  -6.7041321e-08  
0.00013827565  7.1359515e-05  0.0000000   -0.0018433645  6.9752838e-08  2.2091000e-05  -1.2305145e-06  -2.7847860e-07  -0.00042989183  3.5019968e-08  
-2.9456555e-05  -0.00046450952  0.0018433645  0.0000000   -2.9338914e-07  1.2920377e-06  2.2127094e-05  -3.8059477e-08  -2.8721420e-08  -0.00042982645  
-0.00013366450  -2.2134062e-05  -6.9752838e-08  2.9338914e-07  0.0000000   -7.1192169e-05  0.00046327481  0.0018125575  1.2377425e-06  2.2224786e-07  
-2.2442012e-05  3.4755776e-08  -2.2091000e-05  -1.2920377e-06  7.1192169e-05  0.0000000   -0.0018386600  1.2977670e-06  0.0018077439  8.7392638e-08  
-0.00030422324  -3.1733209e-07  1.2305145e-06  -2.2127094e-05  -0.00046327481  0.0018386600  0.0000000   1.5732987e-07  -1.4961587e-08  0.0018071723  
-2.1572515e-05  0.00043112487  2.7847860e-07  3.8059477e-08  -0.0018125575  -1.2977670e-06  -1.5732987e-07  0.0000000   -7.1114120e-05  0.00046326746  
-0.00028915490  3.1700095e-07  0.00042989183  2.8721420e-08  -1.2377425e-06  -0.0018077439  1.4961587e-08  7.1114120e-05  0.0000000   -0.0018384287  
2.3652772e-06  6.7041321e-08  -3.5019968e-08  0.00042982645  -2.2224786e-07  -8.7392638e-08  -0.0018071723  -0.00046326746  0.0018384287  0.0000000   
