0.0000000   0.0045180649  -0.00013551189  6.1707124e-05  -6.7562754e-05  -1.5921282e-05  -0.0045180649  0.0000000   0.00010920983  -5.1563644e-05  
1.7223158e-05  -4.7578265e-05  0.00013551189  -0.00010920983  0.0000000   4.0254069e-06  -3.0091949e-05  -5.0047091e-05  -6.1707124e-05  5.1563644e-05  
-4.0254069e-06  0.0000000   3.3063587e-05  0.00010899038  6.7562754e-05  -1.7223158e-05  3.0091949e-05  -3.3063587e-05  0.0000000   0.0058087988  
1.5921282e-05  4.7578265e-05  5.0047091e-05  -0.00010899038  -0.0058087988  0.0000000   -7.9890415e-321  0.0000000   0.0000000   0.0000000   
0.0000000   0.0000000   0.0000000   0.0000000   0.0000000   0.0000000   0.0000000   0.0000000   0.0000000   0.0000000   
0.0000000   0.0000000   0.0000000   0.0000000   0.0000000   0.0000000   0.0000000   0.0000000   0.0000000   0.0000000   
0.0000000   0.0000000   0.0000000   0.0000000   0.0000000   0.0000000   0.0000000   0.0000000   0.0000000   0.0000000   
0.0000000   0.0000000   0.0000000   0.0000000   0.0000000   0.0000000   0.0000000   0.0000000   0.0000000   0.0000000   
0.0000000   0.0000000   0.0000000   0.0000000   0.0000000   0.0000000   0.0000000   0.0000000   0.0000000   0.0000000   
0.0000000   0.0000000   0.0000000   0.0000000   0.0000000   0.0000000   0.0000000   0.0000000   0.0000000   0.0000000   
