0.0000000   0.00038873317  -2.7194603e-05  5.9575733e-05  0.00011673292  -1.7246247e-05  -0.00038873317  0.0000000   0.00043372208  -0.00018267877  
4.4805523e-05  0.00014282525  2.7194603e-05  -0.00043372208  0.0000000   5.4983027e-05  0.00020135447  7.3494269e-05  -5.9575733e-05  0.00018267877  
-5.4983027e-05  0.0000000   -0.00046603481  -1.8448584e-05  -0.00011673292  -4.4805523e-05  -0.00020135447  0.00046603481  0.0000000   -0.00070694704  
1.7246247e-05  -0.00014282525  -7.3494269e-05  1.8448584e-05  0.00070694704  0.0000000   -7.9890415e-321  0.0000000   0.0000000   0.0000000   
0.0000000   0.0000000   0.0000000   0.0000000   0.0000000   0.0000000   0.0000000   0.0000000   0.0000000   0.0000000   
0.0000000   0.0000000   0.0000000   0.0000000   0.0000000   0.0000000   0.0000000   0.0000000   0.0000000   0.0000000   
0.0000000   0.0000000   0.0000000   0.0000000   0.0000000   0.0000000   0.0000000   0.0000000   0.0000000   0.0000000   
0.0000000   0.0000000   0.0000000   0.0000000   0.0000000   0.0000000   0.0000000   0.0000000   0.0000000   0.0000000   
0.0000000   0.0000000   0.0000000   0.0000000   0.0000000   0.0000000   0.0000000   0.0000000   0.0000000   0.0000000   
0.0000000   0.0000000   0.0000000   0.0000000   0.0000000   0.0000000   0.0000000   0.0000000   0.0000000   0.0000000   
