0.0000000   -2.0259330e-05  -4.0382726e-05  0.00018508643  -2.5540796e-06  0.00010884211  -7.3210306e-05  -0.00013134055  8.6698143e-05  2.1427457e-05  
2.0259330e-05  0.0000000   -0.00037769078  0.00033935510  0.00013009668  -0.00038233547  4.7581414e-05  0.00061974818  -0.00021304795  -7.9155508e-05  
4.0382726e-05  0.00037769078  0.0000000   0.0047393465  0.0035011527  -1.6757399e-05  0.00057733780  0.00014486175  -0.00017204037  4.9804182e-05  
-0.00018508643  -0.00033935510  -0.0047393465  0.0000000   -0.0021228477  1.0124000e-05  4.0198346e-05  -0.00011112940  -9.7527617e-05  0.00021575224  
2.5540796e-06  -0.00013009668  -0.0035011527  0.0021228477  0.0000000   -6.6979942e-05  0.0025533080  0.00047854220  0.00069166892  -8.0001795e-05  
-0.00010884211  0.00038233547  1.6757399e-05  -1.0124000e-05  6.6979942e-05  0.0000000   -0.00029787497  -0.00084867543  -0.00071371129  -0.00062196074  
7.3210306e-05  -4.7581414e-05  -0.00057733780  -4.0198346e-05  -0.0025533080  0.00029787497  0.0000000   -0.00026545910  -0.00068261530  -0.0012393816  
0.00013134055  -0.00061974818  -0.00014486175  0.00011112940  -0.00047854220  0.00084867543  0.00026545910  0.0000000   6.6517993e-06  2.3456402e-05  
-8.6698143e-05  0.00021304795  0.00017204037  9.7527617e-05  -0.00069166892  0.00071371129  0.00068261530  -6.6517993e-06  0.0000000   -0.0037385866  
-2.1427457e-05  7.9155508e-05  -4.9804182e-05  -0.00021575224  8.0001795e-05  0.00062196074  0.0012393816  -2.3456402e-05  0.0037385866  0.0000000   
