0.0000000   1.0458407e-05  3.9212071e-05  0.00016178798  -0.00023588451  1.0680771e-05  -6.6640805e-05  -7.0504430e-06  -5.5229529e-06  -1.7418210e-05  
-1.0458407e-05  0.0000000   0.00011575321  -0.00017868373  -0.00016981633  -0.00040441849  0.00019389397  0.00012174564  -2.2680496e-05  -2.8322832e-05  
-3.9212071e-05  -0.00011575321  0.0000000   0.0027003006  -0.0016167092  0.0010631016  -0.00051669685  -0.0044329263  -0.00066704155  -0.00040544139  
-0.00016178798  0.00017868373  -0.0027003006  0.0000000   -0.0014200686  9.5221477e-05  -0.00065774404  0.0077164072  0.0014475926  0.00075913901  
0.00023588451  0.00016981633  0.0016167092  0.0014200686  0.0000000   0.00073027489  -0.00093925888  0.0097124464  0.0019597547  0.0010151994  
-1.0680771e-05  0.00040441849  -0.0010631016  -9.5221477e-05  -0.00073027489  0.0000000   0.0028030294  7.6004382e-05  -0.00013374802  0.00044398128  
6.6640805e-05  -0.00019389397  0.00051669685  0.00065774404  0.00093925888  -0.0028030294  0.0000000   -0.00090853494  -0.00050606498  -0.00019312876  
7.0504430e-06  -0.00012174564  0.0044329263  -0.0077164072  -0.0097124464  -7.6004382e-05  0.00090853494  0.0000000   -0.0012326070  -0.0012567025  
5.5229529e-06  2.2680496e-05  0.00066704155  -0.0014475926  -0.0019597547  0.00013374802  0.00050606498  0.0012326070  0.0000000   -0.0016335299  
1.7418210e-05  2.8322832e-05  0.00040544139  -0.00075913901  -0.0010151994  -0.00044398128  0.00019312876  0.0012567025  0.0016335299  0.0000000   
