0.0000000   -0.0037789760  9.6333499e-05  2.1158591e-05  -8.3169543e-06  8.3932139e-07  0.0037789760  0.0000000   -0.00028060159  0.00021121799  
-3.3544572e-06  1.3232070e-05  -9.6333499e-05  0.00028060159  0.0000000   2.1187780e-05  -0.00021254969  0.00011801406  -2.1158591e-05  -0.00021121799  
-2.1187780e-05  0.0000000   0.00030289734  0.00012906447  8.3169543e-06  3.3544572e-06  0.00021254969  -0.00030289734  0.0000000   -0.00033773034  
-8.3932139e-07  -1.3232070e-05  -0.00011801406  -0.00012906447  0.00033773034  0.0000000   -7.9890415e-321  0.0000000   0.0000000   0.0000000   
0.0000000   0.0000000   0.0000000   0.0000000   0.0000000   0.0000000   0.0000000   0.0000000   0.0000000   0.0000000   
0.0000000   0.0000000   0.0000000   0.0000000   0.0000000   0.0000000   0.0000000   0.0000000   0.0000000   0.0000000   
0.0000000   0.0000000   0.0000000   0.0000000   0.0000000   0.0000000   0.0000000   0.0000000   0.0000000   0.0000000   
0.0000000   0.0000000   0.0000000   0.0000000   0.0000000   0.0000000   0.0000000   0.0000000   0.0000000   0.0000000   
0.0000000   0.0000000   0.0000000   0.0000000   0.0000000   0.0000000   0.0000000   0.0000000   0.0000000   0.0000000   
0.0000000   0.0000000   0.0000000   0.0000000   0.0000000   0.0000000   0.0000000   0.0000000   0.0000000   0.0000000   
