0.0000000   -3.1833781e-05  6.9814474e-05  2.3051884e-05  -4.9231926e-05  -3.2383589e-05  -9.8033939e-05  4.8699108e-05  -8.2483531e-05  3.3770015e-05  
3.1833781e-05  0.0000000   -0.00031928122  -7.6373776e-06  -0.00026809744  -1.2298903e-08  9.7705855e-08  7.3721562e-05  -1.5220827e-08  -2.9794984e-08  
-6.9814474e-05  0.00031928122  0.0000000   0.0014038202  8.5854752e-10  -0.00026763104  4.2016226e-08  1.0975141e-08  7.3595862e-05  4.7957881e-08  
-2.3051884e-05  7.6373776e-06  -0.0014038202  0.0000000   1.0514319e-07  -1.1344771e-08  -0.00026766180  -2.7169400e-08  -5.2824057e-08  7.3602069e-05  
4.9231926e-05  0.00026809744  -8.5854752e-10  -1.0514319e-07  0.0000000   -0.00031927716  -7.6390287e-06  -0.00023167815  -2.5551730e-09  8.6434149e-08  
3.2383589e-05  1.2298903e-08  0.00026763104  1.1344771e-08  0.00031927716  0.0000000   0.0014038060  -6.2574700e-09  -0.00023128183  -4.8288772e-09  
9.8033939e-05  -9.7705855e-08  -4.2016226e-08  0.00026766180  7.6390287e-06  -0.0014038060  0.0000000   8.9080457e-08  2.8573185e-08  -0.00023131151  
-4.8699108e-05  -7.3721562e-05  -1.0975141e-08  2.7169400e-08  0.00023167815  6.2574700e-09  -8.9080457e-08  0.0000000   -0.00031931514  -7.6367246e-06  
8.2483531e-05  1.5220827e-08  -7.3595862e-05  5.2824057e-08  2.5551730e-09  0.00023128183  -2.8573185e-08  0.00031931514  0.0000000   0.0014039582  
-3.3770015e-05  2.9794984e-08  -4.7957881e-08  -7.3602069e-05  -8.6434149e-08  4.8288772e-09  0.00023131151  7.6367246e-06  -0.0014039582  0.0000000   
