0.0000000   -3.5698842e-05  2.9883307e-05  -1.7678810e-05  -2.0656648e-05  -1.9470015e-05  -5.1601794e-05  4.4104024e-07  -3.0015647e-05  3.9542494e-05  
3.5698842e-05  0.0000000   8.9984956e-05  6.4271705e-05  -1.3068310e-05  -1.5041977e-08  2.4059941e-08  -8.2751293e-05  -3.6717254e-08  7.2491171e-08  
-2.9883307e-05  -8.9984956e-05  0.0000000   -0.010088650  -1.3596964e-08  -1.1853550e-05  -1.2040447e-06  -4.9291094e-08  -7.5187296e-05  -1.2008850e-07  
1.7678810e-05  -6.4271705e-05  0.010088650  0.0000000   7.9411600e-09  1.2069455e-06  -1.1855586e-05  6.2935509e-08  1.2484664e-07  -7.5197723e-05  
2.0656648e-05  1.3068310e-05  1.3596964e-08  -7.9411600e-09  0.0000000   8.9844087e-05  6.4188266e-05  0.0013579042  8.1123702e-07  -1.0539059e-06  
1.9470015e-05  1.5041977e-08  1.1853550e-05  -1.2069455e-06  -8.9844087e-05  0.0000000   -0.010073137  8.0394844e-07  0.0012337640  2.9470783e-09  
5.1601794e-05  -2.4059941e-08  1.2040447e-06  1.1855586e-05  -6.4188266e-05  0.010073137  0.0000000   -1.0576988e-06  -8.7094470e-08  0.0012338581  
-4.4104024e-07  8.2751293e-05  4.9291094e-08  -6.2935509e-08  -0.0013579042  -8.0394844e-07  1.0576988e-06  0.0000000   8.9857485e-05  6.4184090e-05  
3.0015647e-05  3.6717254e-08  7.5187296e-05  -1.2484664e-07  -8.1123702e-07  -0.0012337640  8.7094470e-08  -8.9857485e-05  0.0000000   -0.010073479  
-3.9542494e-05  -7.2491171e-08  1.2008850e-07  7.5197723e-05  1.0539059e-06  -2.9470783e-09  -0.0012338581  -6.4184090e-05  0.010073479  0.0000000   
