0.0000000   -6.8327501e-06  -3.6707128e-05  3.0446768e-05  0.00010375024  -9.1893338e-05  2.7740526e-05  9.3349790e-05  1.2155338e-05  9.1352006e-06  
6.8327501e-06  0.0000000   0.00029341887  9.3142413e-05  0.00021372930  8.3644179e-05  0.00033084465  -0.00025263729  -0.00017443192  -0.00011793908  
3.6707128e-05  -0.00029341887  0.0000000   0.014153206  -0.014052866  0.0010910972  0.0054319361  -0.0014094737  0.0013447996  -3.9519080e-05  
-3.0446768e-05  -9.3142413e-05  -0.014153206  0.0000000   0.0067819726  -0.00026692942  -0.00066516363  0.00033582029  -0.00028132648  0.00033125653  
-0.00010375024  -0.00021372930  0.014052866  -0.0067819726  0.0000000   -0.00038993649  -0.0011550517  -0.013620017  -0.00018472133  5.3421280e-05  
9.1893338e-05  -8.3644179e-05  -0.0010910972  0.00026692942  0.00038993649  0.0000000   0.00087345358  0.0011764775  -0.00015930420  0.00064212289  
-2.7740526e-05  -0.00033084465  -0.0054319361  0.00066516363  0.0011550517  -0.00087345358  0.0000000   -0.0059379818  0.00058206250  -0.00046905708  
-9.3349790e-05  0.00025263729  0.0014094737  -0.00033582029  0.013620017  -0.0011764775  0.0059379818  0.0000000   0.0014736702  -4.8999748e-05  
-1.2155338e-05  0.00017443192  -0.0013447996  0.00028132648  0.00018472133  0.00015930420  -0.00058206250  -0.0014736702  0.0000000   -0.0090662253  
-9.1352006e-06  0.00011793908  3.9519080e-05  -0.00033125653  -5.3421280e-05  -0.00064212289  0.00046905708  4.8999748e-05  0.0090662253  0.0000000   
