0.0000000   -3.2419607e-05  0.00019892597  -0.00016557450  -5.5077431e-05  -3.4058626e-06  9.9397328e-05  0.00025794669  -0.00012329028  -3.8893155e-05  
3.2419607e-05  0.0000000   -0.00031817186  0.00023462949  0.00018116349  -9.4219704e-05  -8.1817265e-05  0.00050709513  5.1454077e-05  2.5458056e-05  
-0.00019892597  0.00031817186  0.0000000   0.0091044638  0.0073180056  -5.5431867e-06  0.0010446647  0.00028355232  0.00074475556  -5.8484632e-05  
0.00016557450  -0.00023462949  -0.0091044638  0.0000000   -0.0048204960  1.6427979e-06  -0.00084154000  -0.00044728010  -0.0010835862  0.00013744395  
5.5077431e-05  -0.00018116349  -0.0073180056  0.0048204960  0.0000000   8.8522794e-05  0.0038707333  0.00027862572  0.0030762143  -4.2682710e-05  
3.4058626e-06  9.4219704e-05  5.5431867e-06  -1.6427979e-06  -8.8522794e-05  0.0000000   0.00039249678  -0.0033682502  -0.00031913958  6.1359778e-05  
-9.9397328e-05  8.1817265e-05  -0.0010446647  0.00084154000  -0.0038707333  -0.00039249678  0.0000000   -0.00014323447  0.00086916009  -0.0017670577  
-0.00025794669  -0.00050709513  -0.00028355232  0.00044728010  -0.00027862572  0.0033682502  0.00014323447  0.0000000   -8.8272400e-05  -9.6560530e-05  
0.00012329028  -5.1454077e-05  -0.00074475556  0.0010835862  -0.0030762143  0.00031913958  -0.00086916009  8.8272400e-05  0.0000000   -0.0054614829  
3.8893155e-05  -2.5458056e-05  5.8484632e-05  -0.00013744395  4.2682710e-05  -6.1359778e-05  0.0017670577  9.6560530e-05  0.0054614829  0.0000000   
