0.0000000   -2.2315249e-06  1.2044669e-05  0.00015210532  -0.00011563830  -1.4943712e-05  -8.3312144e-05  -0.00016722500  -8.0919210e-05  4.4229959e-05  
2.2315249e-06  0.0000000   0.00020830375  0.00014629546  0.00010519672  7.1969170e-05  0.00029914299  -7.1028463e-05  5.6042274e-05  4.3410947e-05  
-1.2044669e-05  -0.00020830375  0.0000000   -5.5142461e-05  -0.00018409236  8.0679471e-05  0.00016273214  0.00027881037  -0.00043903353  -0.00011763801  
-0.00015210532  -0.00014629546  5.5142461e-05  0.0000000   -0.00026822587  -0.00018113558  0.00049423676  -0.00015450557  0.00010424857  0.00010740635  
0.00011563830  -0.00010519672  0.00018409236  0.00026822587  0.0000000   0.00019853550  -0.00023071466  9.2914569e-05  0.00023998769  -4.9811156e-05  
1.4943712e-05  -7.1969170e-05  -8.0679471e-05  0.00018113558  -0.00019853550  0.0000000   0.0010665921  -0.00028282315  0.00083447802  0.00046152745  
8.3312144e-05  -0.00029914299  -0.00016273214  -0.00049423676  0.00023071466  -0.0010665921  0.0000000   -0.00019890722  -6.4213974e-05  0.00021946254  
0.00016722500  7.1028463e-05  -0.00027881037  0.00015450557  -9.2914569e-05  0.00028282315  0.00019890722  0.0000000   -0.00037750745  -0.00022450824  
8.0919210e-05  -5.6042274e-05  0.00043903353  -0.00010424857  -0.00023998769  -0.00083447802  6.4213974e-05  0.00037750745  0.0000000   0.00017021541  
-4.4229959e-05  -4.3410947e-05  0.00011763801  -0.00010740635  4.9811156e-05  -0.00046152745  -0.00021946254  0.00022450824  -0.00017021541  0.0000000   
