0.0000000   2.2742103e-08  1.1164914e-05  3.5712374e-05  -7.4760357e-05  8.6361044e-06  -5.8383130e-05  -7.5260031e-07  9.9944671e-06  -2.3972502e-05  
-2.2742103e-08  0.0000000   -2.2823716e-05  -0.00012364427  9.3269214e-05  -7.8584079e-05  -3.7467570e-05  -4.3516424e-05  -4.0878030e-05  1.3999109e-05  
-1.1164914e-05  2.2823716e-05  0.0000000   -0.0062774371  0.00083101714  0.00011532781  0.00096957530  0.0057585939  -0.0015937996  -0.00029237074  
-3.5712374e-05  0.00012364427  0.0062774371  0.0000000   0.0025522720  0.00038029662  4.1985489e-05  -0.0012044675  -0.00033136378  -4.6770769e-05  
7.4760357e-05  -9.3269214e-05  -0.00083101714  -0.0025522720  0.0000000   -0.00017912549  0.0012774906  0.0071378375  -0.0013836504  -0.00033028276  
-8.6361044e-06  7.8584079e-05  -0.00011532781  -0.00038029662  0.00017912549  0.0000000   0.00059992323  0.00045162029  0.00050595444  -0.0011734210  
5.8383130e-05  3.7467570e-05  -0.00096957530  -4.1985489e-05  -0.0012774906  -0.00059992323  0.0000000   0.00018941314  0.00010530657  -0.00027966688  
7.5260031e-07  4.3516424e-05  -0.0057585939  0.0012044675  -0.0071378375  -0.00045162029  -0.00018941314  0.0000000   0.0012217654  0.00028342664  
-9.9944671e-06  4.0878030e-05  0.0015937996  0.00033136378  0.0013836504  -0.00050595444  -0.00010530657  -0.0012217654  0.0000000   -0.00013207888  
2.3972502e-05  -1.3999109e-05  0.00029237074  4.6770769e-05  0.00033028276  0.0011734210  0.00027966688  -0.00028342664  0.00013207888  0.0000000   
