0.0000000   -2.3025074e-06  7.9746781e-05  3.2324402e-05  -3.2503814e-05  1.3830758e-05  -0.00011726734  4.7981642e-06  -1.7793514e-05  5.8950926e-05  
2.3025074e-06  0.0000000   4.2611286e-05  1.6057224e-05  0.00012095267  2.2693460e-05  2.1676066e-05  0.00014604977  -8.2523544e-06  9.6722945e-05  
-7.9746781e-05  -4.2611286e-05  0.0000000   0.0022667132  0.0026310175  -1.4330243e-05  -3.0272046e-05  8.8626831e-05  -4.1381090e-05  -1.5535568e-05  
-3.2324402e-05  -1.6057224e-05  -0.0022667132  0.0000000   -9.3014749e-05  -0.00014044385  -6.7834411e-05  -0.00054776951  0.00011573054  -0.00037508697  
3.2503814e-05  -0.00012095267  -0.0026310175  9.3014749e-05  0.0000000   -0.00038577408  -1.9496709e-05  -0.013466857  1.2062269e-05  -0.00016296921  
-1.3830758e-05  -2.2693460e-05  1.4330243e-05  0.00014044385  0.00038577408  0.0000000   -0.0013927248  2.9009623e-05  0.0037400568  0.00023451147  
0.00011726734  -2.1676066e-05  3.0272046e-05  6.7834411e-05  1.9496709e-05  0.0013927248  0.0000000   -0.00053937366  -1.2521336e-05  0.0038001555  
-4.7981642e-06  -0.00014604977  -8.8626831e-05  0.00054776951  0.013466857  -2.9009623e-05  0.00053937366  0.0000000   -0.00054351853  -1.1999623e-05  
1.7793514e-05  8.2523544e-06  4.1381090e-05  -0.00011573054  -1.2062269e-05  -0.0037400568  1.2521336e-05  0.00054351853  0.0000000   0.0016535508  
-5.8950926e-05  -9.6722945e-05  1.5535568e-05  0.00037508697  0.00016296921  -0.00023451147  -0.0038001555  1.1999623e-05  -0.0016535508  0.0000000   
