0.0000000   -0.00048142490  7.7208518e-05  0.00015962873  -0.00014649286  6.6625577e-05  0.00048142490  0.0000000   0.00088956113  -2.1384320e-05  
-6.0717741e-05  -0.00015035000  -7.7208518e-05  -0.00088956113  0.0000000   -1.4840005e-05  2.8756330e-05  0.00011948775  -0.00015962873  2.1384320e-05  
1.4840005e-05  0.0000000   -0.00075617652  0.00040458263  0.00014649286  6.0717741e-05  -2.8756330e-05  0.00075617652  0.0000000   -0.0060800106  
-6.6625577e-05  0.00015035000  -0.00011948775  -0.00040458263  0.0060800106  0.0000000   -7.9890415e-321  0.0000000   0.0000000   0.0000000   
0.0000000   0.0000000   0.0000000   0.0000000   0.0000000   0.0000000   0.0000000   0.0000000   0.0000000   0.0000000   
0.0000000   0.0000000   0.0000000   0.0000000   0.0000000   0.0000000   0.0000000   0.0000000   0.0000000   0.0000000   
0.0000000   0.0000000   0.0000000   0.0000000   0.0000000   0.0000000   0.0000000   0.0000000   0.0000000   0.0000000   
0.0000000   0.0000000   0.0000000   0.0000000   0.0000000   0.0000000   0.0000000   0.0000000   0.0000000   0.0000000   
0.0000000   0.0000000   0.0000000   0.0000000   0.0000000   0.0000000   0.0000000   0.0000000   0.0000000   0.0000000   
0.0000000   0.0000000   0.0000000   0.0000000   0.0000000   0.0000000   0.0000000   0.0000000   0.0000000   0.0000000   
