0.0000000   0.0000000   0.0000000   0.0000000   0.0000000   0.0000000   0.0000000   0.0000000   0.0000000   0.0000000   
0.0000000   3.2552500   0.0000000   0.0000000   0.0000000   0.0000000   0.0000000   0.0000000   0.0000000   0.0000000   
0.0000000   0.0000000   3.4404700   0.0000000   0.0000000   0.0000000   0.0000000   0.0000000   0.0000000   0.0000000   
0.0000000   0.0000000   0.0000000   4.2305800   0.0000000   0.0000000   -2.9248686e-321  0.0000000   0.0000000   0.0000000   
0.0000000   0.0000000   0.0000000   0.0000000   4.5665100   0.0000000   0.0000000   0.0000000   -3.1725000  0.0000000   
0.0000000   0.0000000   0.0000000   0.0000000   0.0000000   4.5938700   0.0000000   0.0000000   0.0000000   -3.8120000  
0.0000000   0.0000000   0.0000000   0.0000000   0.0000000   0.0000000   5.0131800   0.0000000   0.0000000   0.0000000   
-4.1420000  0.0000000   0.0000000   0.0000000   0.0000000   0.0000000   0.0000000   5.4248300   0.0000000   0.0000000   
0.0000000   -3.9860000  0.0000000   0.0000000   0.0000000   0.0000000   0.0000000   0.0000000   6.0470300   0.0000000   
0.0000000   0.0000000   -5.4340000  0.0000000   0.0000000   0.0000000   0.0000000   0.0000000   0.0000000   6.0886900   
