0.0000000   8.3468482e-07  3.5996186e-05  -3.3281793e-06  4.2674371e-06  -0.00026131411  -4.4883580e-05  -2.9998736e-06  5.9844591e-07  2.9217968e-06  
-8.3468482e-07  0.0000000   4.4302845e-06  -0.00036833820  -0.00021895387  4.9001886e-08  -1.8713782e-06  -2.4846265e-05  1.5723796e-06  2.9056802e-05  
-3.5996186e-05  -4.4302845e-06  0.0000000   4.0596393e-06  -6.0565890e-07  -0.00033804598  0.00012901063  -5.3920932e-07  -6.1267188e-05  3.8716298e-06  
3.3281793e-06  0.00036833820  -4.0596393e-06  0.0000000   0.00058392228  8.9809656e-06  -4.6811170e-08  0.00021017192  -3.8035445e-06  -0.00050311899  
-4.2674371e-06  0.00021895387  6.0565890e-07  -0.00058392228  0.0000000   -6.2924965e-06  1.3889716e-05  -6.4658817e-05  -1.6943556e-06  -1.1923018e-05  
0.00026131411  -4.9001886e-08  0.00033804598  -8.9809656e-06  6.2924965e-06  0.0000000   -0.00065133750  -8.7046470e-06  0.00021431644  5.5383965e-06  
4.4883580e-05  1.8713782e-06  -0.00012901063  4.6811170e-08  -1.3889716e-05  0.00065133750  0.0000000   -7.6264230e-07  -1.8975065e-05  -3.8972577e-07  
2.9998736e-06  2.4846265e-05  5.3920932e-07  -0.00021017192  6.4658817e-05  8.7046470e-06  7.6264230e-07  0.0000000   -4.1686000e-06  -2.5978240e-05  
-5.9844591e-07  -1.5723796e-06  6.1267188e-05  3.8035445e-06  1.6943556e-06  -0.00021431644  1.8975065e-05  4.1686000e-06  0.0000000   -7.6644984e-07  
-2.9217968e-06  -2.9056802e-05  -3.8716298e-06  0.00050311899  1.1923018e-05  -5.5383965e-06  3.8972577e-07  2.5978240e-05  7.6644984e-07  0.0000000   
