0.0000000   -1.2070296e-05  5.4623534e-05  -2.1552304e-05  -4.2960457e-06  -2.6074628e-06  -0.00025261166  2.1766440e-06  2.7910957e-05  2.2407195e-06  
1.2070296e-05  0.0000000   -7.2523325e-05  -0.00017962561  -5.5389661e-05  0.00046695398  3.2856990e-05  -0.00010712214  1.6614753e-05  -9.5596268e-05  
-5.4623534e-05  7.2523325e-05  0.0000000   -8.7815247e-05  0.00024417216  -0.00011587943  0.00029969293  -3.6797588e-05  6.2248234e-06  4.7416600e-06  
2.1552304e-05  0.00017962561  8.7815247e-05  0.0000000   -0.00039028428  0.00084722348  0.00040562238  4.9080922e-05  0.00019806985  -0.00028694632  
4.2960457e-06  5.5389661e-05  -0.00024417216  0.00039028428  0.0000000   0.0088413503  -0.0014465924  0.00017663437  9.4242780e-05  -6.1555499e-05  
2.6074628e-06  -0.00046695398  0.00011587943  -0.00084722348  -0.0088413503  0.0000000   0.00022866979  0.00022542795  -0.00012544286  -0.00017452745  
0.00025261166  -3.2856990e-05  -0.00029969293  -0.00040562238  0.0014465924  -0.00022866979  0.0000000   -1.5494971e-05  -7.1103973e-05  0.00012471575  
-2.1766440e-06  0.00010712214  3.6797588e-05  -4.9080922e-05  -0.00017663437  -0.00022542795  1.5494971e-05  0.0000000   0.0010311282  -0.00058783656  
-2.7910957e-05  -1.6614753e-05  -6.2248234e-06  -0.00019806985  -9.4242780e-05  0.00012544286  7.1103973e-05  -0.0010311282  0.0000000   0.0093391127  
-2.2407195e-06  9.5596268e-05  -4.7416600e-06  0.00028694632  6.1555499e-05  0.00017452745  -0.00012471575  0.00058783656  -0.0093391127  0.0000000   
