0.0000000   4.1035366e-05  8.6530366e-05  0.00012607145  -6.8897905e-05  -4.0334230e-05  -0.00021934444  0.00017170469  -0.00022523325  2.9462082e-05  
-4.1035366e-05  0.0000000   0.00077973244  3.1571347e-05  0.00086607377  -1.9801318e-07  1.5008281e-06  -0.00010189631  -1.4227037e-07  -1.6988655e-07  
-8.6530366e-05  -0.00077973244  0.0000000   0.0024670615  1.3250485e-07  0.00086108493  -5.9679763e-07  1.2965418e-07  -0.00010125142  -4.8973915e-07  
-0.00012607145  -3.1571347e-05  -0.0024670615  0.0000000   1.4460520e-06  2.7833915e-07  0.00086179461  -1.1721917e-07  4.6054100e-07  -0.00010132519  
6.8897905e-05  -0.00086607377  -1.3250485e-07  -1.4460520e-06  0.0000000   0.00077988552  3.1572380e-05  -0.00040002585  -1.2739027e-07  -7.1049488e-07  
4.0334230e-05  1.9801318e-07  -0.00086108493  -2.7833915e-07  -0.00077988552  0.0000000   0.0024673849  2.0797844e-07  -0.00039789731  -2.5452384e-07  
0.00021934444  -1.5008281e-06  5.9679763e-07  -0.00086179461  -3.1572380e-05  -0.0024673849  0.0000000   -6.4864219e-07  3.6987387e-07  -0.00039820367  
-0.00017170469  0.00010189631  -1.2965418e-07  1.1721917e-07  0.00040002585  -2.0797844e-07  6.4864219e-07  0.0000000   0.00078024012  3.1685978e-05  
0.00022523325  1.4227037e-07  0.00010125142  -4.6054100e-07  1.2739027e-07  0.00039789731  -3.6987387e-07  -0.00078024012  0.0000000   0.0024687231  
-2.9462082e-05  1.6988655e-07  4.8973915e-07  0.00010132519  7.1049488e-07  2.5452384e-07  0.00039820367  -3.1685978e-05  -0.0024687231  0.0000000   
