0.0000000   -1.4203761e-05  6.7488359e-05  -2.9326320e-05  2.7239743e-05  2.7078605e-05  -7.1073988e-05  8.0657159e-05  0.00010126214  1.4925146e-05  
1.4203761e-05  0.0000000   0.00012861050  0.00030218600  0.00024770283  -0.00041109802  -1.0960246e-05  1.1013799e-05  8.1841039e-07  1.6553590e-05  
-6.7488359e-05  -0.00012861050  0.0000000   0.00055596875  -0.0044803953  5.9287850e-05  8.7821068e-05  0.0052329642  -0.00026061775  0.00012726201  
2.9326320e-05  -0.00030218600  -0.00055596875  0.0000000   0.00070193936  -5.1126505e-05  8.9831137e-05  -0.0017798502  2.2925274e-05  0.00037430985  
-2.7239743e-05  -0.00024770283  0.0044803953  -0.00070193936  0.0000000   0.00013117875  0.00031991400  0.0035337894  0.00023977962  0.00010434789  
-2.7078605e-05  0.00041109802  -5.9287850e-05  5.1126505e-05  -0.00013117875  0.0000000   -4.0842895e-05  -3.8673410e-05  -0.00017568505  -0.00043361895  
7.1073988e-05  1.0960246e-05  -8.7821068e-05  -8.9831137e-05  -0.00031991400  4.0842895e-05  0.0000000   -0.00055452665  0.00017726588  -1.1875517e-05  
-8.0657159e-05  -1.1013799e-05  -0.0052329642  0.0017798502  -0.0035337894  3.8673410e-05  0.00055452665  0.0000000   -0.00023558227  -1.2765506e-05  
-0.00010126214  -8.1841039e-07  0.00026061775  -2.2925274e-05  -0.00023977962  0.00017568505  -0.00017726588  0.00023558227  0.0000000   0.00056511168  
-1.4925146e-05  -1.6553590e-05  -0.00012726201  -0.00037430985  -0.00010434789  0.00043361895  1.1875517e-05  1.2765506e-05  -0.00056511168  0.0000000   
