0.0000000   2.8309712e-05  6.9885710e-05  1.1190936e-05  -2.1445931e-06  -8.7877640e-05  -1.8329552e-05  -1.6437906e-05  -1.0023732e-05  -2.0609356e-06  
-2.8309712e-05  0.0000000   -0.00013215009  -0.00019682455  -7.4633683e-05  -9.9788282e-05  1.5266964e-05  0.00034516126  3.1694199e-05  1.7805299e-05  
-6.9885710e-05  0.00013215009  0.0000000   0.00082076330  0.0056975191  8.3138869e-05  -0.00039022110  -1.8379145e-05  0.00023097725  0.00016817975  
-1.1190936e-05  0.00019682455  -0.00082076330  0.0000000   0.018161581  -0.00021185111  0.00026431388  0.00042995124  -0.00046407364  3.3390069e-05  
2.1445931e-06  7.4633683e-05  -0.0056975191  -0.018161581  0.0000000   -0.00092176138  0.0010724903  -0.014341651  -0.0019907837  -0.00020015774  
8.7877640e-05  9.9788282e-05  -8.3138869e-05  0.00021185111  0.00092176138  0.0000000   -0.0011157084  -0.0024272141  -0.00011831776  -0.00071182522  
1.8329552e-05  -1.5266964e-05  0.00039022110  -0.00026431388  -0.0010724903  0.0011157084  0.0000000   -0.00038100586  -0.00019471833  0.0018001549  
1.6437906e-05  -0.00034516126  1.8379145e-05  -0.00042995124  0.014341651  0.0024272141  0.00038100586  0.0000000   -0.0011910377  -0.00034573105  
1.0023732e-05  -3.1694199e-05  -0.00023097725  0.00046407364  0.0019907837  0.00011831776  0.00019471833  0.0011910377  0.0000000   -0.0016661736  
2.0609356e-06  -1.7805299e-05  -0.00016817975  -3.3390069e-05  0.00020015774  0.00071182522  -0.0018001549  0.00034573105  0.0016661736  0.0000000   
