0.0000000   2.4313487e-05  5.0023208e-05  7.7063779e-05  7.8917956e-05  -1.8823986e-05  3.3636666e-05  2.8587868e-05  4.6716439e-05  1.0678860e-05  
-2.4313487e-05  0.0000000   -0.00013133819  0.00033826427  2.9149681e-05  -1.0333266e-07  1.7894647e-07  0.00043970978  -4.7685286e-07  -2.1809805e-07  
-5.0023208e-05  0.00013133819  0.0000000   0.0039367975  2.5937334e-08  2.8770954e-05  2.2346787e-06  -4.8648502e-07  0.00043381882  -2.3462361e-08  
-7.7063779e-05  -0.00033826427  -0.0039367975  0.0000000   -1.8516423e-07  -2.2297775e-06  2.8774142e-05  -1.9463281e-07  1.1709624e-07  0.00043378169  
-7.8917956e-05  -2.9149681e-05  -2.5937334e-08  1.8516423e-07  0.0000000   -0.00013108340  0.00033763341  -0.0015505284  1.6977200e-06  7.1706791e-07  
1.8823986e-05  1.0333266e-07  -2.8770954e-05  2.2297775e-06  0.00013108340  0.0000000   0.0039293143  1.6870654e-06  -0.0015297808  -1.5691635e-07  
-3.3636666e-05  -1.7894647e-07  -2.2346787e-06  -2.8774142e-05  -0.00033763341  -0.0039293143  0.0000000   7.3290743e-07  -1.4749343e-07  -0.0015296776  
-2.8587868e-05  -0.00043970978  4.8648502e-07  1.9463281e-07  0.0015505284  -1.6870654e-06  -7.3290743e-07  0.0000000   -0.00013107074  0.00033757333  
-4.6716439e-05  4.7685286e-07  -0.00043381882  -1.1709624e-07  -1.6977200e-06  0.0015297808  1.4749343e-07  0.00013107074  0.0000000   0.0039287438  
-1.0678860e-05  2.1809805e-07  2.3462361e-08  -0.00043378169  -7.1706791e-07  1.5691635e-07  0.0015296776  -0.00033757333  -0.0039287438  0.0000000   
