0.0000000   2.6010909e-07  0.00019918431  -9.6767442e-05  0.00016874901  -1.5787821e-05  -0.00011757022  0.00013978601  -8.3736794e-05  2.0503940e-05  
-2.6010909e-07  0.0000000   -0.00020395587  0.00021192260  0.00036703259  -5.9682555e-08  -2.7028954e-08  0.00010103793  -3.0249650e-08  9.0498521e-09  
-0.00019918431  0.00020395587  0.0000000   0.00062417114  -9.0257627e-08  0.00036686263  -4.9528972e-08  -2.7402737e-08  0.00010099774  6.3183689e-08  
9.6767442e-05  -0.00021192260  -0.00062417114  0.0000000   4.9711107e-08  1.0561914e-07  0.00036689548  2.9062232e-08  -5.1675137e-08  0.00010101260  
-0.00016874901  -0.00036703259  9.0257627e-08  -4.9711107e-08  0.0000000   -0.00020396003  0.00021191546  0.00038511982  -8.9118430e-08  9.2567603e-10  
1.5787821e-05  5.9682555e-08  -0.00036686263  -1.0561914e-07  0.00020396003  0.0000000   0.00062417262  -6.2266423e-08  0.00038497842  2.4371987e-08  
0.00011757022  2.7028954e-08  4.9528972e-08  -0.00036689548  -0.00021191546  -0.00062417262  0.0000000   -1.4836181e-09  2.8897242e-08  0.00038501279  
-0.00013978601  -0.00010103793  2.7402737e-08  -2.9062232e-08  -0.00038511982  6.2266423e-08  1.4836181e-09  0.0000000   -0.00020395622  0.00021193009  
8.3736794e-05  3.0249650e-08  -0.00010099774  5.1675137e-08  8.9118430e-08  -0.00038497842  -2.8897242e-08  0.00020395622  0.0000000   0.00062421927  
-2.0503940e-05  -9.0498521e-09  -6.3183689e-08  -0.00010101260  -9.2567603e-10  -2.4371987e-08  -0.00038501279  -0.00021193009  -0.00062421927  0.0000000   
