0.0000000   7.7357010e-07  -3.5810548e-05  -8.9946223e-05  3.1825839e-05  -2.0134553e-05  -4.1143149e-06  0.00021563213  5.2933037e-05  2.7529536e-06  
-7.7357010e-07  0.0000000   0.00014809158  -0.00011925316  -6.2283300e-05  -0.00029008264  0.00011005130  0.00032987792  -6.7450138e-05  -0.00062588318  
3.5810548e-05  -0.00014809158  0.0000000   -0.00021183379  -0.019617245  0.00049053824  -0.00086673409  -0.0065414813  -0.00031433305  -0.00022500330  
8.9946223e-05  0.00011925316  0.00021183379  0.0000000   -0.00055679394  0.00042921437  0.00033172465  0.019215738  0.00036363284  -0.00025824283  
-3.1825839e-05  6.2283300e-05  0.019617245  0.00055679394  0.0000000   0.00014152574  0.00017654818  0.00010991748  0.00017024540  -2.7896435e-05  
2.0134553e-05  0.00029008264  -0.00049053824  -0.00042921437  -0.00014152574  0.0000000   0.00074976837  0.00016004181  0.00047037166  7.0106481e-05  
4.1143149e-06  -0.00011005130  0.00086673409  -0.00033172465  -0.00017654818  -0.00074976837  0.0000000   7.3567929e-05  -6.6393519e-05  0.00036975686  
-0.00021563213  -0.00032987792  0.0065414813  -0.019215738  -0.00010991748  -0.00016004181  -7.3567929e-05  0.0000000   8.0269389e-05  0.00012471441  
-5.2933037e-05  6.7450138e-05  0.00031433305  -0.00036363284  -0.00017024540  -0.00047037166  6.6393519e-05  -8.0269389e-05  0.0000000   0.00024221703  
-2.7529536e-06  0.00062588318  0.00022500330  0.00025824283  2.7896435e-05  -7.0106481e-05  -0.00036975686  -0.00012471441  -0.00024221703  0.0000000   
