0.0000000   0.0000000   0.0000000   0.0000000   0.0000000   0.0000000   0.0000000   0.0000000   0.0000000   0.0000000   
0.0000000   3.1820000   0.0000000   0.0000000   0.0000000   0.0000000   0.0000000   0.0000000   0.0000000   0.0000000   
0.0000000   0.0000000   3.3918100   0.0000000   0.0000000   0.0000000   0.0000000   0.0000000   0.0000000   0.0000000   
0.0000000   0.0000000   0.0000000   4.1255900   0.0000000   0.0000000   -2.9248686e-321  -4.6450263e-310  0.0000000   0.0000000   
0.0000000   0.0000000   0.0000000   0.0000000   4.5291800   0.0000000   0.0000000   0.0000000   0.0000000   0.0000000   
0.0000000   0.0000000   0.0000000   0.0000000   0.0000000   4.5388800   0.0000000   0.0000000   0.0000000   0.0000000   
0.0000000   0.0000000   0.0000000   0.0000000   0.0000000   0.0000000   4.9513400   0.0000000   0.0000000   0.0000000   
0.0000000   0.0000000   0.0000000   -2.9248686e-321  -4.6450264e-310  0.0000000   0.0000000   5.4089800   0.0000000   0.0000000   
0.0000000   -1.0000000  0.0000000   0.0000000   0.0000000   0.0000000   0.0000000   0.0000000   5.0045700   0.0000000   
0.0000000   0.0000000   0.0000000   0.0000000   0.0000000   -1.0000000  0.0000000   0.0000000   0.0000000   6.0354400   
