0.0000000   1.4110652e-05  0.00017129954  -0.00010048038  5.1880024e-05  7.1062354e-05  4.2355859e-05  -0.00017770301  5.6347864e-05  -1.7284260e-05  
-1.4110652e-05  0.0000000   -0.00029092441  0.00042349854  -0.00016373757  -3.9581520e-05  0.00015478323  -0.00057407426  7.9008516e-06  0.00011572480  
-0.00017129954  0.00029092441  0.0000000   0.0073017874  -0.0046734451  -9.6328865e-05  0.00060233686  -0.00020526466  -8.4440708e-05  1.0441011e-05  
0.00010048038  -0.00042349854  -0.0073017874  0.0000000   0.0029003566  8.6297825e-05  -0.0015301059  2.9093030e-05  0.00011677261  -0.00030131352  
-5.1880024e-05  0.00016373757  0.0046734451  -0.0029003566  0.0000000   0.00012157318  -0.0033135469  -0.00046824315  -0.00033090682  -0.00027129167  
-7.1062354e-05  3.9581520e-05  9.6328865e-05  -8.6297825e-05  -0.00012157318  0.0000000   0.00028290772  -0.00061576933  -0.0034395134  0.0028014718  
-4.2355859e-05  -0.00015478323  -0.00060233686  0.0015301059  0.0033135469  -0.00028290772  0.0000000   -0.00031674118  -0.0050662018  0.0067533258  
0.00017770301  0.00057407426  0.00020526466  -2.9093030e-05  0.00046824315  0.00061576933  0.00031674118  0.0000000   1.9542292e-06  -5.0580723e-05  
-5.6347864e-05  -7.9008516e-06  8.4440708e-05  -0.00011677261  0.00033090682  0.0034395134  0.0050662018  -1.9542292e-06  0.0000000   0.0063480934  
1.7284260e-05  -0.00011572480  -1.0441011e-05  0.00030131352  0.00027129167  -0.0028014718  -0.0067533258  5.0580723e-05  -0.0063480934  0.0000000   
