0.0000000   3.5528099e-05  -0.00018640026  -0.00021283911  9.7068324e-05  -0.00010559834  -1.7290065e-05  -7.2163689e-05  7.5437762e-05  5.1772767e-06  
-3.5528099e-05  0.0000000   -1.3929260e-05  -6.7663556e-05  0.00010204983  -7.2946078e-05  8.8048809e-06  -8.1743304e-05  9.3003269e-05  5.8377479e-05  
0.00018640026  1.3929260e-05  0.0000000   4.8695700e-05  -0.00015988373  5.7672885e-05  -0.00011673086  0.00030996514  0.00033064280  -7.3873003e-05  
0.00021283911  6.7663556e-05  -4.8695700e-05  0.0000000   -9.7156669e-06  -3.8181701e-05  0.00037281011  -1.0699237e-05  -0.00026518184  -3.4454666e-05  
-9.7068324e-05  -0.00010204983  0.00015988373  9.7156669e-06  0.0000000   -0.00021935987  0.00028181829  0.00017116292  -0.00021607942  0.00016645746  
0.00010559834  7.2946078e-05  -5.7672885e-05  3.8181701e-05  0.00021935987  0.0000000   0.00012284556  0.00023378221  0.00023135761  0.00031919061  
1.7290065e-05  -8.8048809e-06  0.00011673086  -0.00037281011  -0.00028181829  -0.00012284556  0.0000000   -0.00011414822  -9.2304064e-06  -0.00023296906  
7.2163689e-05  8.1743304e-05  -0.00030996514  1.0699237e-05  -0.00017116292  -0.00023378221  0.00011414822  0.0000000   -3.0954279e-05  0.00017556245  
-7.5437762e-05  -9.3003269e-05  -0.00033064280  0.00026518184  0.00021607942  -0.00023135761  9.2304064e-06  3.0954279e-05  0.0000000   -0.00043191088  
-5.1772767e-06  -5.8377479e-05  7.3873003e-05  3.4454666e-05  -0.00016645746  -0.00031919061  0.00023296906  -0.00017556245  0.00043191088  0.0000000   
