0.0000000   1.9391304e-05  3.0501223e-05  -2.0849760e-05  1.0476677e-05  8.6694051e-06  -3.8258835e-05  -3.3524394e-05  -2.6269165e-05  6.2966832e-05  
-1.9391304e-05  0.0000000   9.7931098e-05  0.00074792079  0.00010150508  0.0063690158  -0.0013385111  -0.00030001388  0.0011038201  0.0036174970  
-3.0501223e-05  -9.7931098e-05  0.0000000   0.0010130003  -0.00013198170  -0.00028604720  -0.00026954817  -0.0011275624  -0.00010222216  1.6062245e-05  
2.0849760e-05  -0.00074792079  -0.0010130003  0.0000000   0.0027917067  0.00021006104  -0.00013946671  -0.0092674877  0.00027213941  -0.00049866760  
-1.0476677e-05  -0.00010150508  0.00013198170  -0.0027917067  0.0000000   0.00086018273  -0.0044358983  0.00083580280  0.00067995516  -0.0013738530  
-8.6694051e-06  -0.0063690158  0.00028604720  -0.00021006104  -0.00086018273  0.0000000   1.8107672e-05  0.0026466269  0.00023599950  -0.00051669325  
3.8258835e-05  0.0013385111  0.00026954817  0.00013946671  0.0044358983  -1.8107672e-05  0.0000000   0.00056693221  -0.00070165400  -0.00021917361  
3.3524394e-05  0.00030001388  0.0011275624  0.0092674877  -0.00083580280  -0.0026466269  -0.00056693221  0.0000000   -0.00024036524  -0.0026052837  
2.6269165e-05  -0.0011038201  0.00010222216  -0.00027213941  -0.00067995516  -0.00023599950  0.00070165400  0.00024036524  0.0000000   0.00013501281  
-6.2966832e-05  -0.0036174970  -1.6062245e-05  0.00049866760  0.0013738530  0.00051669325  0.00021917361  0.0026052837  -0.00013501281  0.0000000   
