0.0000000   4.7295152e-05  -8.3894478e-06  -0.00021660079  -0.00015129008  -8.9154444e-06  -9.1161495e-07  -3.6748702e-05  -5.6876784e-05  -2.9837600e-06  
-4.7295152e-05  0.0000000   -0.00011406263  -0.00012632480  3.1254042e-05  -1.8005501e-07  -0.0016914601  -1.0137155e-05  0.0021269169  0.00054321983  
8.3894478e-06  0.00011406263  0.0000000   -0.00096000853  0.021221140  0.00023109171  0.00098994518  0.0038092902  0.00033024777  -0.00013148980  
0.00021660079  0.00012632480  0.00096000853  0.0000000   -0.010002081  -0.00014548372  -0.00051246874  -0.0018627939  -0.00039742875  5.7031019e-05  
0.00015129008  -3.1254042e-05  -0.021221140  0.010002081  0.0000000   0.00014067284  0.00010689667  0.0015024851  0.00019509921  -5.6749827e-05  
8.9154444e-06  1.8005501e-07  -0.00023109171  0.00014548372  -0.00014067284  0.0000000   0.00014559308  0.00016909984  -5.8762796e-05  0.00055107315  
9.1161495e-07  0.0016914601  -0.00098994518  0.00051246874  -0.00010689667  -0.00014559308  0.0000000   4.1306239e-05  -9.1526972e-05  -9.0056416e-05  
3.6748702e-05  1.0137155e-05  -0.0038092902  0.0018627939  -0.0015024851  -0.00016909984  -4.1306239e-05  0.0000000   3.2161535e-05  -2.8093421e-05  
5.6876784e-05  -0.0021269169  -0.00033024777  0.00039742875  -0.00019509921  5.8762796e-05  9.1526972e-05  -3.2161535e-05  0.0000000   -9.6703858e-05  
2.9837600e-06  -0.00054321983  0.00013148980  -5.7031019e-05  5.6749827e-05  -0.00055107315  9.0056416e-05  2.8093421e-05  9.6703858e-05  0.0000000   
