0.0000000   3.7293765e-05  0.00013699807  -0.00017265931  -0.00025532474  6.4554335e-05  5.5597220e-05  1.6240782e-05  9.2524141e-05  -6.4336677e-05  
-3.7293765e-05  0.0000000   1.0925143e-05  -3.5154836e-05  -6.8991063e-05  -1.6861133e-09  -2.3776717e-08  -1.5771307e-05  -2.7314968e-08  -3.4548592e-08  
-0.00013699807  -1.0925143e-05  0.0000000   0.0092748412  -3.7425978e-07  -6.3530178e-05  -3.4454401e-07  2.0542457e-08  -1.4515835e-05  1.2100808e-07  
0.00017265931  3.5154836e-05  -0.0092748412  0.0000000   -2.8556547e-07  3.2090066e-07  -6.3542260e-05  1.1903690e-08  -1.2285722e-07  -1.4486640e-05  
0.00025532474  6.8991063e-05  3.7425978e-07  2.8556547e-07  0.0000000   1.0837933e-05  -3.4966908e-05  0.00048596255  3.0596702e-07  2.4589570e-07  
-6.4554335e-05  1.6861133e-09  6.3530178e-05  -3.2090066e-07  -1.0837933e-05  0.0000000   0.0092743188  1.5018708e-07  0.00044857468  -7.9963561e-07  
-5.5597220e-05  2.3776717e-08  3.4454401e-07  6.3542260e-05  3.4966908e-05  -0.0092743188  0.0000000   3.3652497e-08  8.0563382e-07  0.00044861892  
-1.6240782e-05  1.5771307e-05  -2.0542457e-08  -1.1903690e-08  -0.00048596255  -1.5018708e-07  -3.3652497e-08  0.0000000   1.0963912e-05  -3.5118198e-05  
-9.2524141e-05  2.7314968e-08  1.4515835e-05  1.2285722e-07  -3.0596702e-07  -0.00044857468  -8.0563382e-07  -1.0963912e-05  0.0000000   0.0092735875  
6.4336677e-05  3.4548592e-08  -1.2100808e-07  1.4486640e-05  -2.4589570e-07  7.9963561e-07  -0.00044861892  3.5118198e-05  -0.0092735875  0.0000000   
