0.0000000   1.2277625e-05  8.1395895e-05  1.9112158e-05  3.2397393e-05  -1.0658887e-05  0.00015036255  -4.4845917e-05  0.00013417856  -6.6178461e-05  
-1.2277625e-05  0.0000000   0.00030023812  -0.00032168124  0.00023035853  -0.00028126797  0.00033005825  0.00047549908  0.00021706006  -0.00017441575  
-8.1395895e-05  -0.00030023812  0.0000000   0.0024946819  0.0028671507  -4.7523039e-05  0.00024545442  0.00031004726  -0.00016248890  0.00012692325  
-1.9112158e-05  0.00032168124  -0.0024946819  0.0000000   -0.00079165022  1.4706809e-05  4.8950374e-05  0.0022531414  -0.00049825258  -3.7501621e-05  
-3.2397393e-05  -0.00023035853  -0.0028671507  0.00079165022  0.0000000   0.00010726036  -0.00038180403  -2.6450850e-05  0.00015773172  -0.00022552474  
1.0658887e-05  0.00028126797  4.7523039e-05  -1.4706809e-05  -0.00010726036  0.0000000   0.0012534439  -0.00010829186  0.00087679169  -0.0017565638  
-0.00015036255  -0.00033005825  -0.00024545442  -4.8950374e-05  0.00038180403  -0.0012534439  0.0000000   -0.00026255324  0.00019351465  0.00093002168  
4.4845917e-05  -0.00047549908  -0.00031004726  -0.0022531414  2.6450850e-05  0.00010829186  0.00026255324  0.0000000   -0.00020893103  -3.1801572e-05  
-0.00013417856  -0.00021706006  0.00016248890  0.00049825258  -0.00015773172  -0.00087679169  -0.00019351465  0.00020893103  0.0000000   0.00089035029  
6.6178461e-05  0.00017441575  -0.00012692325  3.7501621e-05  0.00022552474  0.0017565638  -0.00093002168  3.1801572e-05  -0.00089035029  0.0000000   
