0.0000000   2.2903727e-06  -0.00021282771  -0.00010286592  0.00018273786  -2.2613231e-05  -6.1479626e-05  4.4979004e-06  -5.7772270e-07  -1.3739712e-06  
-2.2903727e-06  0.0000000   -0.00074381535  9.3915163e-05  -0.00066968598  -1.6597197e-07  -4.2560045e-07  -1.4196016e-05  3.9887400e-06  -5.1229749e-07  
0.00021282771  0.00074381535  0.0000000   -0.00091095431  -1.1709835e-07  -0.00066905141  2.7803173e-08  -4.7673254e-06  -1.4734239e-05  4.8803451e-06  
0.00010286592  -9.3915163e-05  0.00091095431  0.0000000   -4.0910174e-07  7.4543170e-08  -0.00066951412  1.1849365e-07  -5.1433586e-06  -1.4201970e-05  
-0.00018273786  0.00066968598  1.1709835e-07  4.0910174e-07  0.0000000   -0.00074306463  9.3794318e-05  -3.3398405e-06  -3.5180384e-05  4.4996448e-06  
2.2613231e-05  1.6597197e-07  0.00066905141  -7.4543170e-08  0.00074306463  0.0000000   -0.00091005458  3.5562583e-05  -4.0622044e-06  -4.3657099e-05  
6.1479626e-05  4.2560045e-07  -2.7803173e-08  0.00066951412  -9.3794318e-05  0.00091005458  0.0000000   -4.7274007e-06  4.3500314e-05  -4.0079654e-06  
-4.4979004e-06  1.4196016e-05  4.7673254e-06  -1.1849365e-07  3.3398405e-06  -3.5562583e-05  4.7274007e-06  0.0000000   0.00074324372  -9.3830869e-05  
5.7772270e-07  -3.9887400e-06  1.4734239e-05  5.1433586e-06  3.5180384e-05  4.0622044e-06  -4.3500314e-05  -0.00074324372  0.0000000   0.00091026703  
1.3739712e-06  5.1229749e-07  -4.8803451e-06  1.4201970e-05  -4.4996448e-06  4.3657099e-05  4.0079654e-06  9.3830869e-05  -0.00091026703  0.0000000   
