0.0000000   0.0013182661  5.8162979e-05  4.5084688e-05  -7.1282399e-05  2.0119099e-05  -0.0013182661  0.0000000   0.00030987826  -0.00018250870  
-1.9827939e-05  -5.5866742e-05  -5.8162979e-05  -0.00030987826  0.0000000   -4.1014865e-06  -0.00017685941  -3.7854931e-05  -4.5084688e-05  0.00018250870  
4.1014865e-06  0.0000000   0.00038614109  -8.1011334e-05  7.1282399e-05  1.9827939e-05  0.00017685941  -0.00038614109  0.0000000   0.0027008627  
-2.0119099e-05  5.5866742e-05  3.7854931e-05  8.1011334e-05  -0.0027008627  0.0000000   -2.9298093e-321  3.4534885e+268  0.0000000   0.0000000   
0.0000000   0.0000000   0.0000000   0.0000000   0.0000000   0.0000000   0.0000000   0.0000000   0.0000000   0.0000000   
0.0000000   0.0000000   0.0000000   0.0000000   0.0000000   0.0000000   0.0000000   0.0000000   0.0000000   0.0000000   
0.0000000   0.0000000   0.0000000   0.0000000   0.0000000   0.0000000   0.0000000   0.0000000   0.0000000   0.0000000   
0.0000000   0.0000000   0.0000000   -5.5829418e-322  0.0000000   0.0000000   0.0000000   0.0000000   0.0000000   0.0000000   
-5.5829418e-322  0.0000000   0.0000000   0.0000000   0.0000000   0.0000000   0.0000000   -5.5829418e-322  0.0000000   0.0000000   
0.0000000   0.0000000   0.0000000   0.0000000   -5.5829418e-322  0.0000000   0.0000000   0.0000000   0.0000000   0.0000000   
