0.0000000   -3.3807174e-05  -6.3967232e-05  1.2732990e-05  -7.2802967e-05  -7.6769522e-05  0.00018424195  -6.7602595e-05  0.00017736910  5.3155166e-05  
3.3807174e-05  0.0000000   -0.00019479027  -0.00036389742  0.00024925252  -5.1621314e-07  -1.2864341e-07  -0.00034014208  3.7531082e-07  -4.7205843e-07  
6.3967232e-05  0.00019479027  0.0000000   -0.0045264178  -1.9624132e-07  0.00024486916  -3.7669776e-06  6.0612000e-07  -0.00033413781  -2.7664102e-06  
-1.2732990e-05  0.00036389742  0.0045264178  0.0000000   4.5773773e-07  3.7207238e-06  0.00024486920  -2.5795557e-08  2.8681773e-06  -0.00033410588  
7.2802967e-05  -0.00024925252  1.9624132e-07  -4.5773773e-07  0.0000000   -0.00019339559  -0.00036123834  0.0029145582  -4.2648111e-06  2.0027004e-06  
7.6769522e-05  5.1621314e-07  -0.00024486916  -3.7207238e-06  0.00019339559  0.0000000   -0.0044939277  -4.3119871e-06  0.0028633569  -6.5088352e-07  
-0.00018424195  1.2864341e-07  3.7669776e-06  -0.00024486920  0.00036123834  0.0044939277  0.0000000   2.0744447e-06  4.8173427e-08  0.0028630669  
6.7602595e-05  0.00034014208  -6.0612000e-07  2.5795557e-08  -0.0029145582  4.3119871e-06  -2.0744447e-06  0.0000000   -0.00019342531  -0.00036132270  
-0.00017736910  -3.7531082e-07  0.00033413781  -2.8681773e-06  4.2648111e-06  -0.0028633569  -4.8173427e-08  0.00019342531  0.0000000   -0.0044939763  
-5.3155166e-05  4.7205843e-07  2.7664102e-06  0.00033410588  -2.0027004e-06  6.5088352e-07  -0.0028630669  0.00036132270  0.0044939763  0.0000000   
