0.0000000   1.0721470e-05  -0.00017943952  -0.00017281026  8.1293446e-06  8.0979728e-05  3.6289972e-06  -0.00017925605  3.2292525e-05  -3.6139182e-05  
-1.0721470e-05  0.0000000   -2.0906670e-05  7.1665394e-05  0.00011026771  0.00050139608  -4.3564742e-05  8.7393252e-05  0.00010343209  -6.5374827e-05  
0.00017943952  2.0906670e-05  0.0000000   -0.00047934451  4.0536890e-05  5.8354420e-05  0.00029164421  0.00057153240  6.8969020e-05  0.00017116173  
0.00017281026  -7.1665394e-05  0.00047934451  0.0000000   0.00048169186  0.00016683153  3.6036232e-05  -0.00050606825  0.00024622508  8.9198049e-05  
-8.1293446e-06  -0.00011026771  -4.0536890e-05  -0.00048169186  0.0000000   9.9262482e-05  -0.00032691894  0.00035540431  -6.9076408e-06  -4.5498728e-05  
-8.0979728e-05  -0.00050139608  -5.8354420e-05  -0.00016683153  -9.9262482e-05  0.0000000   0.0015878257  -0.00017712036  1.7709856e-05  0.00011041419  
-3.6289972e-06  4.3564742e-05  -0.00029164421  -3.6036232e-05  0.00032691894  -0.0015878257  0.0000000   -5.2259786e-05  -9.0323876e-05  -0.00046476403  
0.00017925605  -8.7393252e-05  -0.00057153240  0.00050606825  -0.00035540431  0.00017712036  5.2259786e-05  0.0000000   0.00020756874  -7.2604568e-05  
-3.2292525e-05  -0.00010343209  -6.8969020e-05  -0.00024622508  6.9076408e-06  -1.7709856e-05  9.0323876e-05  -0.00020756874  0.0000000   -0.0024337359  
3.6139182e-05  6.5374827e-05  -0.00017116173  -8.9198049e-05  4.5498728e-05  -0.00011041419  0.00046476403  7.2604568e-05  0.0024337359  0.0000000   
