0.0000000   -4.6428962e-05  0.00010693748  5.5437100e-05  0.00010473222  -6.0614938e-06  -2.8696491e-05  -3.4404626e-05  -1.5261969e-05  6.8072834e-06  
4.6428962e-05  0.0000000   0.00024237974  0.00050219140  -0.00015241530  -3.6021611e-07  -2.0306949e-07  0.00039300454  4.8771235e-07  -3.3771833e-07  
-0.00010693748  -0.00024237974  0.0000000   -0.0032409992  -3.2689205e-08  -0.00015101198  2.0257020e-06  5.2949950e-07  0.00038943949  4.0666750e-07  
-5.5437100e-05  -0.00050219140  0.0032409992  0.0000000   3.7878647e-07  -1.9935722e-06  -0.00015099331  -1.9420460e-07  -4.9058052e-07  0.00038936194  
-0.00010473222  0.00015241530  3.2689205e-08  -3.7878647e-07  0.0000000   0.00024194279  0.00050125600  0.0015608749  2.0454399e-06  -1.0834162e-06  
6.0614938e-06  3.6021611e-07  0.00015101198  1.9935722e-06  -0.00024194279  0.0000000   -0.0032349235  2.0741237e-06  0.0015468024  -5.8979837e-08  
2.8696491e-05  2.0306949e-07  -2.0257020e-06  0.00015099331  -0.00050125600  0.0032349235  0.0000000   -1.0449074e-06  -2.8787071e-07  0.0015464781  
3.4404626e-05  -0.00039300454  -5.2949950e-07  1.9420460e-07  -0.0015608749  -2.0741237e-06  1.0449074e-06  0.0000000   0.00024188881  0.00050119651  
1.5261969e-05  -4.8771235e-07  -0.00038943949  4.9058052e-07  -2.0454399e-06  -0.0015468024  2.8787071e-07  -0.00024188881  0.0000000   -0.0032344762  
-6.8072834e-06  3.3771833e-07  -4.0666750e-07  -0.00038936194  1.0834162e-06  5.8979837e-08  -0.0015464781  -0.00050119651  0.0032344762  0.0000000   
