0.0000000   0.0000000   0.0000000   0.0000000   0.0000000   0.0000000   0.0000000   0.0000000   0.0000000   0.0000000   
0.0000000   3.0315300   0.0000000   0.0000000   0.0000000   0.0000000   0.0000000   0.0000000   0.0000000   0.0000000   
0.0000000   0.0000000   3.3953300   0.0000000   0.0000000   0.0000000   0.0000000   0.0000000   0.0000000   0.0000000   
0.0000000   0.0000000   0.0000000   4.0788300   0.0000000   0.0000000   -2.9248686e-321  -4.6450263e-310  0.0000000   0.0000000   
0.0000000   0.0000000   0.0000000   0.0000000   4.4078300   0.0000000   0.0000000   0.0000000   0.0000000   0.0000000   
0.0000000   0.0000000   0.0000000   0.0000000   0.0000000   4.6037200   0.0000000   0.0000000   0.0000000   0.0000000   
0.0000000   0.0000000   0.0000000   0.0000000   0.0000000   0.0000000   5.1423200   0.0000000   0.0000000   0.0000000   
0.0000000   0.0000000   0.0000000   -2.9248686e-321  -4.6450264e-310  0.0000000   0.0000000   5.6080900   0.0000000   0.0000000   
0.0000000   -1.0000000  0.0000000   0.0000000   0.0000000   0.0000000   0.0000000   0.0000000   5.1475500   0.0000000   
0.0000000   0.0000000   0.0000000   0.0000000   0.0000000   -1.0000000  0.0000000   0.0000000   0.0000000   6.2320000   
