0.0000000   -4.3409981e-05  -2.1964013e-05  -5.3915722e-05  2.7125933e-05  -2.0653641e-05  -4.3996996e-05  0.00016768759  6.6637490e-05  -2.8311295e-05  
4.3409981e-05  0.0000000   9.4767819e-06  0.00011552981  -6.8065483e-05  3.0505958e-05  -0.00095635815  -0.00038425717  0.0010211111  -0.00016918683  
2.1964013e-05  -9.4767819e-06  0.0000000   -9.1562240e-05  -0.00030033463  0.00011299543  4.2214349e-05  0.0049853890  0.00047927528  -0.00017414524  
5.3915722e-05  -0.00011552981  9.1562240e-05  0.0000000   -0.0035527211  -0.00076441612  0.00074351280  -0.00056440060  7.7717056e-05  0.00039944057  
-2.7125933e-05  6.8065483e-05  0.00030033463  0.0035527211  0.0000000   -0.00014055155  0.00041871391  -0.0043546278  -0.00043767743  0.00038753383  
2.0653641e-05  -3.0505958e-05  -0.00011299543  0.00076441612  0.00014055155  0.0000000   -0.0062335414  -0.0021465126  0.0066401303  -1.6096422e-05  
4.3996996e-05  0.00095635815  -4.2214349e-05  -0.00074351280  -0.00041871391  0.0062335414  0.0000000   -0.00074656729  -0.0016749612  0.013619762  
-0.00016768759  0.00038425717  -0.0049853890  0.00056440060  0.0043546278  0.0021465126  0.00074656729  0.0000000   0.00071777547  -0.00094812560  
-6.6637490e-05  -0.0010211111  -0.00047927528  -7.7717056e-05  0.00043767743  -0.0066401303  0.0016749612  -0.00071777547  0.0000000   -0.014631858  
2.8311295e-05  0.00016918683  0.00017414524  -0.00039944057  -0.00038753383  1.6096422e-05  -0.013619762  0.00094812560  0.014631858  0.0000000   
