0.0000000   0.0000000   0.0000000   0.0000000   0.0000000   0.0000000   0.0000000   0.0000000   0.0000000   0.0000000   
0.0000000   3.1182600   0.0000000   0.0000000   0.0000000   0.0000000   0.0000000   0.0000000   0.0000000   0.0000000   
0.0000000   0.0000000   3.3160600   0.0000000   0.0000000   0.0000000   0.0000000   0.0000000   0.0000000   0.0000000   
0.0000000   0.0000000   0.0000000   4.0924700   0.0000000   0.0000000   -2.9248686e-321  0.0000000   0.0000000   0.0000000   
0.0000000   0.0000000   0.0000000   0.0000000   4.4273200   0.0000000   0.0000000   0.0000000   -3.1725000  0.0000000   
0.0000000   0.0000000   0.0000000   0.0000000   0.0000000   4.4817100   0.0000000   0.0000000   0.0000000   -3.8120000  
0.0000000   0.0000000   0.0000000   0.0000000   0.0000000   0.0000000   4.9318400   0.0000000   0.0000000   0.0000000   
-4.1420000  0.0000000   0.0000000   0.0000000   0.0000000   0.0000000   0.0000000   5.3901900   0.0000000   0.0000000   
0.0000000   -3.9860000  0.0000000   0.0000000   0.0000000   0.0000000   0.0000000   0.0000000   5.9595900   0.0000000   
0.0000000   0.0000000   -5.4340000  0.0000000   0.0000000   0.0000000   0.0000000   0.0000000   0.0000000   6.0069800   
