0.0000000   3.4835265e-05  0.00014819751  3.2183929e-05  -0.00010853220  5.5727702e-05  1.6346162e-05  2.4103441e-06  2.3950719e-05  -5.0707885e-06  
-3.4835265e-05  0.0000000   -0.00024596039  0.00012047280  -0.00047241411  -8.2744961e-05  -1.6002396e-05  1.0386088e-05  -3.8664353e-07  5.9769651e-06  
-0.00014819751  0.00024596039  0.0000000   -0.0029011986  0.0077928023  -0.00025596851  0.00032132031  0.0071697480  0.00017757125  -2.7170811e-05  
-3.2183929e-05  -0.00012047280  0.0029011986  0.0000000   -0.0022699746  8.5080121e-05  0.00030720697  -0.0012972478  -6.9346034e-05  0.00012728251  
0.00010853220  0.00047241411  -0.0077928023  0.0022699746  0.0000000   0.0016950346  -0.00027994379  -0.0048081571  -0.00020473021  1.2311597e-05  
-5.5727702e-05  8.2744961e-05  0.00025596851  -8.5080121e-05  -0.0016950346  0.0000000   5.3790320e-05  0.00023644111  -0.00041342765  -0.00019829224  
-1.6346162e-05  1.6002396e-05  -0.00032132031  -0.00030720697  0.00027994379  -5.3790320e-05  0.0000000   0.0018766811  1.1484627e-05  0.0017977037  
-2.4103441e-06  -1.0386088e-05  -0.0071697480  0.0012972478  0.0048081571  -0.00023644111  -0.0018766811  0.0000000   -0.0017333032  -3.0190327e-06  
-2.3950719e-05  3.8664353e-07  -0.00017757125  6.9346034e-05  0.00020473021  0.00041342765  -1.1484627e-05  0.0017333032  0.0000000   0.0020015887  
5.0707885e-06  -5.9769651e-06  2.7170811e-05  -0.00012728251  -1.2311597e-05  0.00019829224  -0.0017977037  3.0190327e-06  -0.0020015887  0.0000000   
