0.0000000   0.0000000   0.0000000   0.0000000   0.0000000   0.0000000   0.0000000   0.0000000   0.0000000   0.0000000   
0.0000000   3.0560600   0.0000000   0.0000000   0.0000000   0.0000000   0.0000000   0.0000000   0.0000000   0.0000000   
0.0000000   0.0000000   3.2722600   0.0000000   0.0000000   0.0000000   0.0000000   0.0000000   0.0000000   0.0000000   
0.0000000   0.0000000   0.0000000   4.0571600   0.0000000   0.0000000   0.0000000   0.0000000   0.0000000   0.0000000   
0.0000000   0.0000000   0.0000000   0.0000000   4.3687800   0.0000000   0.0000000   0.0000000   0.0000000   0.0000000   
0.0000000   0.0000000   0.0000000   0.0000000   0.0000000   4.4600100   0.0000000   0.0000000   0.0000000   0.0000000   
0.0000000   0.0000000   0.0000000   0.0000000   0.0000000   0.0000000   4.9179200   0.0000000   0.0000000   0.0000000   
0.0000000   0.0000000   0.0000000   0.0000000   0.0000000   0.0000000   0.0000000   5.3473800   0.0000000   0.0000000   
0.0000000   0.0000000   0.0000000   0.0000000   0.0000000   0.0000000   0.0000000   0.0000000   5.9917000   0.0000000   
0.0000000   0.0000000   0.0000000   0.0000000   0.0000000   0.0000000   0.0000000   0.0000000   0.0000000   6.0322500   
