0.0000000   1.1351499e-06  1.0064265e-05  9.6673195e-06  1.9561856e-05  -1.1930798e-06  -2.1663567e-06  1.4161257e-05  2.0057781e-06  1.8898553e-05  
-1.1351499e-06  0.0000000   -0.00058210277  0.00038770711  0.00040854923  0.00061961967  -0.00022089114  -0.00018522304  0.00037562942  -0.00035001364  
-1.0064265e-05  0.00058210277  0.0000000   -0.0031298186  -0.00042189291  -9.0037417e-05  0.00054311750  -0.0059290606  -0.00022896249  9.4586976e-05  
-9.6673195e-06  -0.00038770711  0.0031298186  0.0000000   0.0014971648  -0.00012158818  7.6507150e-05  -0.0017169901  -0.00013918501  8.8097089e-05  
-1.9561856e-05  -0.00040854923  0.00042189291  -0.0014971648  0.0000000   9.9359401e-05  -0.00016200639  -0.0078238533  8.1791410e-05  -0.00012336450  
1.1930798e-06  -0.00061961967  9.0037417e-05  0.00012158818  -9.9359401e-05  0.0000000   0.0016261999  -5.6646385e-05  0.00083460309  7.1948364e-05  
2.1663567e-06  0.00022089114  -0.00054311750  -7.6507150e-05  0.00016200639  -0.0016261999  0.0000000   0.00026265383  2.8984268e-05  0.00067288813  
-1.4161257e-05  0.00018522304  0.0059290606  0.0017169901  0.0078238533  5.6646385e-05  -0.00026265383  0.0000000   -0.00066312977  -1.5152884e-05  
-2.0057781e-06  -0.00037562942  0.00022896249  0.00013918501  -8.1791410e-05  -0.00083460309  -2.8984268e-05  0.00066312977  0.0000000   0.00037492777  
-1.8898553e-05  0.00035001364  -9.4586976e-05  -8.8097089e-05  0.00012336450  -7.1948364e-05  -0.00067288813  1.5152884e-05  -0.00037492777  0.0000000   
