0.0000000   1.5395803e-05  0.00013599816  -0.00012736130  -0.00016648298  -8.1465611e-08  4.0020245e-05  -0.00013201498  3.6617646e-05  -2.7990368e-05  
-1.5395803e-05  0.0000000   0.00019848160  -0.00043034160  0.00041057268  -2.2672161e-07  -3.2878870e-08  0.00027957566  -1.0482281e-07  -1.2833552e-07  
-0.00013599816  -0.00019848160  0.0000000   -0.0010684583  -1.6520858e-07  0.00041016497  2.0196586e-07  -1.3616789e-07  0.00027929415  -1.1382757e-07  
0.00012736130  0.00043034160  0.0010684583  0.0000000   -1.1406227e-07  -6.1731532e-08  0.00041006862  8.4807202e-09  2.1169763e-07  0.00027923450  
0.00016648298  -0.00041057268  1.6520858e-07  1.1406227e-07  0.0000000   0.00019844948  -0.00043026386  0.00065261848  -3.2035803e-07  -1.3457659e-07  
8.1465611e-08  2.2672161e-07  -0.00041016497  6.1731532e-08  -0.00019844948  0.0000000   -0.0010682747  -3.1957995e-07  0.00065201005  1.4745319e-07  
-4.0020245e-05  3.2878870e-08  -2.0196586e-07  -0.00041006862  0.00043026386  0.0010682747  0.0000000   -1.4738093e-07  4.7007283e-08  0.00065186445  
0.00013201498  -0.00027957566  1.3616789e-07  -8.4807202e-09  -0.00065261848  3.1957995e-07  1.4738093e-07  0.0000000   0.00019845212  -0.00043029334  
-3.6617646e-05  1.0482281e-07  -0.00027929415  -2.1169763e-07  3.2035803e-07  -0.00065201005  -4.7007283e-08  -0.00019845212  0.0000000   -0.0010683577  
2.7990368e-05  1.2833552e-07  1.1382757e-07  -0.00027923450  1.3457659e-07  -1.4745319e-07  -0.00065186445  0.00043029334  0.0010683577  0.0000000   
