0.0000000   -4.9064073e-05  -0.00049853860  0.00019359768  0.00051290339  -1.6016595e-05  -0.00020953180  0.00017083647  -0.00023384882  4.9507795e-05  
4.9064073e-05  0.0000000   -0.00036457249  4.3284792e-05  -0.00037405055  -4.7927334e-08  -3.8047487e-07  -6.0497576e-05  1.8723016e-07  -6.3801454e-08  
0.00049853860  0.00036457249  0.0000000   -0.0033485577  2.4529514e-07  -0.00037037261  -7.3779754e-07  3.1326546e-07  -5.9959900e-05  1.8884020e-06  
-0.00019359768  -4.3284792e-05  0.0033485577  0.0000000   3.8779197e-07  5.9609683e-07  -0.00037067147  4.4856002e-08  -2.0632392e-06  -5.9946421e-05  
-0.00051290339  0.00037405055  -2.4529514e-07  -3.8779197e-07  0.0000000   -0.00036347152  4.3225810e-05  0.0019233970  -1.7254739e-07  1.7256611e-06  
1.6016595e-05  4.7927334e-08  0.00037037261  -5.9609683e-07  0.00036347152  0.0000000   -0.0033402718  -1.4863657e-07  0.0019043028  -1.2428904e-07  
0.00020953180  3.8047487e-07  7.3779754e-07  0.00037067147  -4.3225810e-05  0.0033402718  0.0000000   2.0389894e-06  1.9098554e-08  0.0019051219  
-0.00017083647  6.0497576e-05  -3.1326546e-07  -4.4856002e-08  -0.0019233970  1.4863657e-07  -2.0389894e-06  0.0000000   -0.00036362928  4.3054156e-05  
0.00023384882  -1.8723016e-07  5.9959900e-05  2.0632392e-06  1.7254739e-07  -0.0019043028  -1.9098554e-08  0.00036362928  0.0000000   -0.0033385549  
-4.9507795e-05  6.3801454e-08  -1.8884020e-06  5.9946421e-05  -1.7256611e-06  1.2428904e-07  -0.0019051219  -4.3054156e-05  0.0033385549  0.0000000   
