0.0000000   -2.2674753e-05  6.2956939e-06  -3.9268786e-05  1.4293508e-05  8.6834787e-05  -8.2899419e-07  -0.00054183141  -3.0295791e-05  4.0177963e-06  
2.2674753e-05  0.0000000   3.8047093e-05  -6.3046375e-05  -2.1296461e-05  0.00032181623  -8.9108735e-05  0.00015333816  0.00053341655  0.0023901584  
-6.2956939e-06  -3.8047093e-05  0.0000000   0.00067143156  -0.00046683650  -0.00011871443  -0.00032057181  0.011833725  0.0010952915  0.00056530426  
3.9268786e-05  6.3046375e-05  -0.00067143156  0.0000000   0.0012672145  0.00013409883  0.00016750206  -0.014183050  0.00035763200  2.9379535e-05  
-1.4293508e-05  2.1296461e-05  0.00046683650  -0.0012672145  0.0000000   0.00016487280  -0.00010885961  -0.011857413  -0.0011961551  -0.00063424724  
-8.6834787e-05  -0.00032181623  0.00011871443  -0.00013409883  -0.00016487280  0.0000000   0.00064076414  -0.00097105966  0.0022381172  -0.018357020  
8.2899419e-07  8.9108735e-05  0.00032057181  -0.00016750206  0.00010885961  -0.00064076414  0.0000000   -0.00036974680  -0.00023214091  0.0018338208  
0.00054183141  -0.00015333816  -0.011833725  0.014183050  0.011857413  0.00097105966  0.00036974680  0.0000000   0.00011621061  7.9632728e-06  
3.0295791e-05  -0.00053341655  -0.0010952915  -0.00035763200  0.0011961551  -0.0022381172  0.00023214091  -0.00011621061  0.0000000   0.00063570330  
-4.0177963e-06  -0.0023901584  -0.00056530426  -2.9379535e-05  0.00063424724  0.018357020  -0.0018338208  -7.9632728e-06  -0.00063570330  0.0000000   
