0.0000000   1.9245193e-05  0.00027782272  -5.1205748e-05  -0.00029486903  -1.4567373e-05  -2.6038251e-05  -3.1583238e-05  -8.6255334e-06  3.8085624e-05  
-1.9245193e-05  0.0000000   3.7756870e-05  -0.00024664033  0.00020024898  -2.9236932e-07  2.3933542e-08  0.00016803034  -2.3064849e-07  -1.0865876e-07  
-0.00027782272  -3.7756870e-05  0.0000000   -0.0066839618  -1.9224055e-07  0.00019244711  1.8333535e-06  -1.3640490e-07  0.00016136868  -2.1181821e-06  
5.1205748e-05  0.00024664033  0.0066839618  0.0000000   3.6920550e-07  -1.8724316e-06  0.00019247397  7.6042181e-08  2.0982199e-06  0.00016138133  
0.00029486903  -0.00020024898  1.9224055e-07  -3.6920550e-07  0.0000000   3.7607186e-05  -0.00024605347  0.0016900744  -2.3248886e-06  -2.9308810e-07  
1.4567373e-05  2.9236932e-07  -0.00019244711  1.8724316e-06  -3.7607186e-05  0.0000000   -0.0066687538  -2.3821569e-06  0.0016238452  9.5330485e-07  
2.6038251e-05  -2.3933542e-08  -1.8333535e-06  -0.00019247397  0.00024605347  0.0066687538  0.0000000   -3.9716180e-07  -1.2004210e-06  0.0016239586  
3.1583238e-05  -0.00016803034  1.3640490e-07  -7.6042181e-08  -0.0016900744  2.3821569e-06  3.9716180e-07  0.0000000   3.7649974e-05  -0.00024609881  
8.6255334e-06  2.3064849e-07  -0.00016136868  -2.0982199e-06  2.3248886e-06  -0.0016238452  1.2004210e-06  -3.7649974e-05  0.0000000   -0.0066686442  
-3.8085624e-05  1.0865876e-07  2.1181821e-06  -0.00016138133  2.9308810e-07  -9.5330485e-07  -0.0016239586  0.00024609881  0.0066686442  0.0000000   
