0.0000000   1.9478093e-05  8.4334405e-05  1.8843557e-05  0.00012371517  1.6115850e-05  0.00012715621  1.6779021e-05  0.00011194463  -3.9925846e-05  
-1.9478093e-05  0.0000000   -5.2921644e-05  2.2566921e-05  6.5888128e-05  -0.00010085999  4.5385411e-05  -0.00056368314  -0.0029289613  8.0934351e-05  
-8.4334405e-05  5.2921644e-05  0.0000000   -0.00026246698  0.00050550978  5.7840061e-05  -0.00012298572  -0.0068726559  -0.00068485283  -0.00076032740  
-1.8843557e-05  -2.2566921e-05  0.00026246698  0.0000000   0.00040635155  0.00014607363  0.00012803389  0.0059279326  -0.00091892351  0.00058531360  
-0.00012371517  -6.5888128e-05  -0.00050550978  -0.00040635155  0.0000000   -0.00013649749  -0.00040309422  -0.022175336  0.00040483759  -0.0012772563  
-1.6115850e-05  0.00010085999  -5.7840061e-05  -0.00014607363  0.00013649749  0.0000000   -0.00089928677  -0.0022430356  -0.0038798610  0.019787335  
-0.00012715621  -4.5385411e-05  0.00012298572  -0.00012803389  0.00040309422  0.00089928677  0.0000000   -0.00010797753  -0.023124397  -0.0012904658  
-1.6779021e-05  0.00056368314  0.0068726559  -0.0059279326  0.022175336  0.0022430356  0.00010797753  0.0000000   0.00046386747  -9.0706582e-05  
-0.00011194463  0.0029289613  0.00068485283  0.00091892351  -0.00040483759  0.0038798610  0.023124397  -0.00046386747  0.0000000   0.0014703897  
3.9925846e-05  -8.0934351e-05  0.00076032740  -0.00058531360  0.0012772563  -0.019787335  0.0012904658  9.0706582e-05  -0.0014703897  0.0000000   
