0.0000000   1.0485563e-06  0.00028933609  7.5421108e-05  0.00020339939  -6.1988435e-05  -0.00012783743  0.00014299764  4.2986622e-05  8.8058130e-06  
-1.0485563e-06  0.0000000   -5.2283936e-05  0.00017725631  0.00013330599  0.00010982335  -3.5282338e-06  -0.00027514914  1.6415555e-05  -7.4273093e-05  
-0.00028933609  5.2283936e-05  0.0000000   -0.00027707371  -0.00015752666  0.00016680734  -0.00069511911  -0.00027547033  -0.0011987815  0.00013951801  
-7.5421108e-05  -0.00017725631  0.00027707371  0.0000000   -0.0019580444  -0.00067363982  0.00036159424  -0.0020355872  2.4237211e-05  0.00013278103  
-0.00020339939  -0.00013330599  0.00015752666  0.0019580444  0.0000000   -0.00065162966  0.0011394199  0.0013440010  0.0016826835  5.8607504e-05  
6.1988435e-05  -0.00010982335  -0.00016680734  0.00067363982  0.00065162966  0.0000000   0.00043736166  -0.0011956850  0.00038110350  -0.00045801723  
0.00012783743  3.5282338e-06  0.00069511911  -0.00036159424  -0.0011394199  -0.00043736166  0.0000000   -0.00081766874  -0.00017180139  -0.0010927563  
-0.00014299764  0.00027514914  0.00027547033  0.0020355872  -0.0013440010  0.0011956850  0.00081766874  0.0000000   0.0018010738  -0.00094883822  
-4.2986622e-05  -1.6415555e-05  0.0011987815  -2.4237211e-05  -0.0016826835  -0.00038110350  0.00017180139  -0.0018010738  0.0000000   -0.0012210936  
-8.8058130e-06  7.4273093e-05  -0.00013951801  -0.00013278103  -5.8607504e-05  0.00045801723  0.0010927563  0.00094883822  0.0012210936  0.0000000   
