0.0000000   0.0011152054  -0.00050855821  -0.00012174601  -4.5660235e-05  3.8980042e-06  -0.0011152054  0.0000000   -0.00026758694  -0.00016490237  
-2.4481309e-06  -4.1501964e-05  0.00050855821  0.00026758694  0.0000000   -2.6831126e-05  -8.2524998e-05  0.00019418979  0.00012174601  0.00016490237  
2.6831126e-05  0.0000000   0.00017547502  0.00059713816  4.5660235e-05  2.4481309e-06  8.2524998e-05  -0.00017547502  0.0000000   0.0013465095  
-3.8980042e-06  4.1501964e-05  -0.00019418979  -0.00059713816  -0.0013465095  0.0000000   -7.9890415e-321  0.0000000   0.0000000   0.0000000   
0.0000000   0.0000000   0.0000000   0.0000000   0.0000000   0.0000000   0.0000000   0.0000000   0.0000000   0.0000000   
0.0000000   0.0000000   0.0000000   0.0000000   0.0000000   0.0000000   0.0000000   0.0000000   0.0000000   0.0000000   
0.0000000   0.0000000   0.0000000   0.0000000   0.0000000   0.0000000   0.0000000   0.0000000   0.0000000   0.0000000   
0.0000000   0.0000000   0.0000000   0.0000000   0.0000000   0.0000000   0.0000000   0.0000000   0.0000000   0.0000000   
0.0000000   0.0000000   0.0000000   0.0000000   0.0000000   0.0000000   0.0000000   0.0000000   0.0000000   0.0000000   
0.0000000   0.0000000   0.0000000   0.0000000   0.0000000   0.0000000   0.0000000   0.0000000   0.0000000   0.0000000   
