0.0000000   -1.5386693e-06  0.00025250244  -5.1425153e-05  1.8569452e-05  -4.2225256e-05  -0.00018370431  2.0374526e-05  0.00020504345  -9.5484462e-07  
1.5386693e-06  0.0000000   0.00013505340  -0.00024814645  0.00018997017  -0.00023625288  -0.00011235235  8.7872856e-05  0.00011294871  7.7063270e-05  
-0.00025250244  -0.00013505340  0.0000000   0.0051778771  -0.00030016003  -0.00063882866  0.00041774265  0.0058745757  2.3362350e-05  0.00032654215  
5.1425153e-05  0.00024814645  -0.0051778771  0.0000000   -0.0029909373  8.8009978e-05  -0.00027068911  -0.00041075830  0.00031799886  2.8090198e-05  
-1.8569452e-05  -0.00018997017  0.00030016003  0.0029909373  0.0000000   -0.00078207375  0.00025234353  0.0067219117  0.00020426875  0.00035389089  
4.2225256e-05  0.00023625288  0.00063882866  -8.8009978e-05  0.00078207375  0.0000000   7.4026670e-05  -0.00015559039  -0.00054059186  5.9825559e-05  
0.00018370431  0.00011235235  -0.00041774265  0.00027068911  -0.00025234353  -7.4026670e-05  0.0000000   0.00068059371  0.00010795119  0.00079248915  
-2.0374526e-05  -8.7872856e-05  -0.0058745757  0.00041075830  -0.0067219117  0.00015559039  -0.00068059371  0.0000000   0.00079401196  3.6553279e-05  
-0.00020504345  -0.00011294871  -2.3362350e-05  -0.00031799886  -0.00020426875  0.00054059186  -0.00010795119  -0.00079401196  0.0000000   0.00049677294  
9.5484462e-07  -7.7063270e-05  -0.00032654215  -2.8090198e-05  -0.00035389089  -5.9825559e-05  -0.00079248915  -3.6553279e-05  -0.00049677294  0.0000000   
