0.0000000   -6.1199745e-05  -2.5067429e-06  4.1994547e-05  -1.4722488e-05  3.5492532e-05  -2.0226050e-05  -9.0291424e-05  -3.2104001e-05  -1.6838858e-05  
6.1199745e-05  0.0000000   -0.00033915138  6.7159182e-05  0.00028326607  -1.7105645e-07  -6.5599898e-07  2.8610028e-05  2.5061826e-07  -1.2783260e-07  
2.5067429e-06  0.00033915138  0.0000000   0.0075765518  -5.2067173e-08  0.00026893986  1.3288346e-06  -2.5151015e-07  2.7162911e-05  -5.8589268e-06  
-4.1994547e-05  -6.7159182e-05  -0.0075765518  0.0000000   -6.8095827e-07  -1.3158004e-06  0.00026895365  -2.6514807e-08  5.8621763e-06  2.7160592e-05  
1.4722488e-05  -0.00028326607  5.2067173e-08  6.8095827e-07  0.0000000   -0.00033534544  6.6413820e-05  -0.0036116479  1.4539631e-06  8.7107352e-06  
-3.5492532e-05  1.7105645e-07  -0.00026893986  1.3158004e-06  0.00033534544  0.0000000   0.0074916039  1.4599592e-06  -0.0034288809  2.2881480e-07  
2.0226050e-05  6.5599898e-07  -1.3288346e-06  -0.00026895365  -6.6413820e-05  -0.0074916039  0.0000000   8.6821644e-06  -3.2530836e-07  -0.0034290965  
9.0291424e-05  -2.8610028e-05  2.5151015e-07  2.6514807e-08  0.0036116479  -1.4599592e-06  -8.6821644e-06  0.0000000   -0.00033540132  6.6403404e-05  
3.2104001e-05  -2.5061826e-07  -2.7162911e-05  -5.8621763e-06  -1.4539631e-06  0.0034288809  3.2530836e-07  0.00033540132  0.0000000   0.0074930186  
1.6838858e-05  1.2783260e-07  5.8589268e-06  -2.7160592e-05  -8.7107352e-06  -2.2881480e-07  0.0034290965  -6.6403404e-05  -0.0074930186  0.0000000   
