0.0000000   0.00060925541  -0.00021732597  6.3369129e-05  0.00018438565  -4.0379066e-05  -0.00060925541  0.0000000   -7.3066321e-05  -0.00023018269  
4.3068269e-05  0.00019405432  0.00021732597  7.3066321e-05  0.0000000   9.1815700e-06  -0.00023078441  5.9394929e-05  -6.3369129e-05  0.00023018269  
-9.1815700e-06  0.0000000   -3.0664255e-05  0.00023471470  -0.00018438565  -4.3068269e-05  0.00023078441  3.0664255e-05  0.0000000   0.0012050485  
4.0379066e-05  -0.00019405432  -5.9394929e-05  -0.00023471470  -0.0012050485  0.0000000   -7.9890415e-321  0.0000000   0.0000000   0.0000000   
0.0000000   0.0000000   0.0000000   0.0000000   0.0000000   0.0000000   0.0000000   0.0000000   0.0000000   0.0000000   
0.0000000   0.0000000   0.0000000   0.0000000   0.0000000   0.0000000   0.0000000   0.0000000   0.0000000   0.0000000   
0.0000000   0.0000000   0.0000000   0.0000000   0.0000000   0.0000000   0.0000000   0.0000000   0.0000000   0.0000000   
0.0000000   0.0000000   0.0000000   0.0000000   0.0000000   0.0000000   0.0000000   0.0000000   0.0000000   0.0000000   
0.0000000   0.0000000   0.0000000   0.0000000   0.0000000   0.0000000   0.0000000   0.0000000   0.0000000   0.0000000   
0.0000000   0.0000000   0.0000000   0.0000000   0.0000000   0.0000000   0.0000000   0.0000000   0.0000000   0.0000000   
