0.0000000   0.00065917323  0.00025528569  -4.5548469e-06  -2.6114670e-05  2.2517442e-05  -0.00065917323  0.0000000   -0.00051461580  -0.00032331195  
2.3369592e-06  -5.0073656e-05  -0.00025528569  0.00051461580  0.0000000   -5.4981771e-06  -0.00031524593  -2.7082404e-05  4.5548469e-06  0.00032331195  
5.4981771e-06  0.0000000   -0.00047432370  -0.00047547446  2.6114670e-05  -2.3369592e-06  0.00031524593  0.00047432370  0.0000000   0.00062122684  
-2.2517442e-05  5.0073656e-05  2.7082404e-05  0.00047547446  -0.00062122684  0.0000000   -2.9298093e-321  3.4534885e+268  0.0000000   0.0000000   
0.0000000   0.0000000   0.0000000   0.0000000   0.0000000   0.0000000   0.0000000   0.0000000   0.0000000   0.0000000   
0.0000000   0.0000000   0.0000000   0.0000000   0.0000000   0.0000000   0.0000000   0.0000000   0.0000000   0.0000000   
0.0000000   0.0000000   0.0000000   0.0000000   0.0000000   0.0000000   0.0000000   0.0000000   0.0000000   0.0000000   
0.0000000   0.0000000   0.0000000   -5.5829418e-322  0.0000000   0.0000000   0.0000000   0.0000000   0.0000000   0.0000000   
-5.5829418e-322  0.0000000   0.0000000   0.0000000   0.0000000   0.0000000   0.0000000   -5.5829418e-322  0.0000000   0.0000000   
0.0000000   0.0000000   0.0000000   0.0000000   -5.5829418e-322  0.0000000   0.0000000   0.0000000   0.0000000   0.0000000   
