0.0000000   3.6589688e-05  6.6464063e-05  -4.9890708e-05  -3.1258683e-05  -5.9342280e-05  6.7444277e-05  6.3883489e-05  5.0282275e-05  -1.3066488e-05  
-3.6589688e-05  0.0000000   -0.00055704430  -0.00029650939  -5.2449971e-05  0.00036561685  5.2553885e-06  0.00033497960  3.2389083e-06  2.2826614e-06  
-6.6464063e-05  0.00055704430  0.0000000   0.00093844838  -0.0014705765  2.0726091e-05  -5.2590716e-05  -0.0023780325  -0.00035700996  9.0232528e-06  
4.9890708e-05  0.00029650939  -0.00093844838  0.0000000   -4.6279207e-05  4.4888136e-06  0.00042710314  -0.00026458726  -1.5004472e-07  0.00036047452  
3.1258683e-05  5.2449971e-05  0.0014705765  4.6279207e-05  0.0000000   -2.0241973e-05  0.00066343230  0.0024829056  -2.8038333e-05  4.4932241e-06  
5.9342280e-05  -0.00036561685  -2.0726091e-05  -4.4888136e-06  2.0241973e-05  0.0000000   -1.5294768e-05  6.6915446e-05  0.00052386078  -0.00032729799  
-6.7444277e-05  -5.2553885e-06  5.2590716e-05  -0.00042710314  -0.00066343230  1.5294768e-05  0.0000000   0.00041971818  8.5781192e-05  -0.00014235979  
-6.3883489e-05  -0.00033497960  0.0023780325  0.00026458726  -0.0024829056  -6.6915446e-05  -0.00041971818  0.0000000   -9.6867785e-05  1.8704027e-05  
-5.0282275e-05  -3.2389083e-06  0.00035700996  1.5004472e-07  2.8038333e-05  -0.00052386078  -8.5781192e-05  9.6867785e-05  0.0000000   -0.00079470143  
1.3066488e-05  -2.2826614e-06  -9.0232528e-06  -0.00036047452  -4.4932241e-06  0.00032729799  0.00014235979  -1.8704027e-05  0.00079470143  0.0000000   
