0.0000000   -3.0039386e-05  1.9065629e-07  0.00017238525  0.00011390890  -7.0671474e-06  -5.0578306e-06  -0.00011624153  1.9817720e-05  -1.7274571e-06  
3.0039386e-05  0.0000000   0.00031504391  0.00036730010  -0.00047712202  -2.0975447e-07  1.4634822e-07  0.00012353088  -3.8813891e-08  -1.4444240e-07  
-1.9065629e-07  -0.00031504391  0.0000000   -0.0013457757  -1.2017810e-07  -0.00047640748  1.6943258e-07  1.0626028e-07  0.00012334695  3.3973460e-07  
-0.00017238525  -0.00036730010  0.0013457757  0.0000000   2.0553161e-07  -1.1102931e-07  -0.00047635204  4.3854048e-08  -3.3776611e-07  0.00012333952  
-0.00011390890  0.00047712202  1.2017810e-07  -2.0553161e-07  0.0000000   0.00031496668  0.00036721757  0.00052263090  2.0232897e-07  -2.0243308e-07  
7.0671474e-06  2.0975447e-07  0.00047640748  1.1102931e-07  -0.00031496668  0.0000000   -0.0013454705  1.9803811e-07  0.00052185821  -2.5178961e-08  
5.0578306e-06  -1.4634822e-07  -1.6943258e-07  0.00047635204  -0.00036721757  0.0013454705  0.0000000   -1.9750131e-07  -2.9885957e-08  0.00052181408  
0.00011624153  -0.00012353088  -1.0626028e-07  -4.3854048e-08  -0.00052263090  -1.9803811e-07  1.9750131e-07  0.0000000   0.00031503286  0.00036730126  
-1.9817720e-05  3.8813891e-08  -0.00012334695  3.3776611e-07  -2.0232897e-07  -0.00052185821  2.9885957e-08  -0.00031503286  0.0000000   -0.0013458204  
1.7274571e-06  1.4444240e-07  -3.3973460e-07  -0.00012333952  2.0243308e-07  2.5178961e-08  -0.00052181408  -0.00036730126  0.0013458204  0.0000000   
