0.0000000   6.3972161e-05  -7.9622585e-05  -5.0525011e-05  4.5531443e-05  4.1470792e-05  0.00011688187  -3.7727601e-05  0.00012517857  -0.00012767175  
-6.3972161e-05  0.0000000   -7.8407897e-05  -0.00015123856  5.7581401e-05  0.00023958828  -0.00043551223  -0.00013833802  -0.00058439774  -0.00024880479  
7.9622585e-05  7.8407897e-05  0.0000000   0.0011180393  0.0013174709  -0.0014038354  0.0022335959  -0.0017731431  -0.0019451530  -0.00065370852  
5.0525011e-05  0.00015123856  -0.0011180393  0.0000000   -0.00044309161  0.00051178472  -0.0014574836  0.0013026554  0.0016556005  0.0012197154  
-4.5531443e-05  -5.7581401e-05  -0.0013174709  0.00044309161  0.0000000   0.0013569239  -0.0022705706  0.00067318082  0.0021690564  0.00085862562  
-4.1470792e-05  -0.00023958828  0.0014038354  -0.00051178472  -0.0013569239  0.0000000   -0.0018788345  -0.00020195389  -0.0033507045  0.0033062964  
-0.00011688187  0.00043551223  -0.0022335959  0.0014574836  0.0022705706  0.0018788345  0.0000000   0.00070283543  0.00051397819  -0.0032331261  
3.7727601e-05  0.00013833802  0.0017731431  -0.0013026554  -0.00067318082  0.00020195389  -0.00070283543  0.0000000   0.00073103405  0.00048703463  
-0.00012517857  0.00058439774  0.0019451530  -0.0016556005  -0.0021690564  0.0033507045  -0.00051397819  -0.00073103405  0.0000000   -0.0053901529  
0.00012767175  0.00024880479  0.00065370852  -0.0012197154  -0.00085862562  -0.0033062964  0.0032331261  -0.00048703463  0.0053901529  0.0000000   
