0.0000000   2.1008889e-07  0.00015165544  4.9399931e-05  -0.00012646810  4.8340227e-06  -0.00017715275  1.4026382e-05  -0.00015162555  -5.6908302e-06  
-2.1008889e-07  0.0000000   0.00030113437  5.4577016e-05  0.00031508288  3.0368234e-08  -9.6152520e-08  -9.3179528e-05  4.6236074e-08  3.6674988e-08  
-0.00015165544  -0.00030113437  0.0000000   -0.0013953122  -7.8055486e-09  0.00031457503  -4.9779977e-08  -6.5629903e-08  -9.3042707e-05  -2.8830352e-07  
-4.9399931e-05  -5.4577016e-05  0.0013953122  0.0000000   -7.0089481e-08  7.0295548e-08  0.00031457109  1.2347540e-08  2.9919153e-07  -9.3017981e-05  
0.00012646810  -0.00031508288  7.8055486e-09  7.0089481e-08  0.0000000   0.00030102122  5.4540134e-05  0.00061858201  3.7315725e-08  -1.6686373e-07  
-4.8340227e-06  -3.0368234e-08  -0.00031457503  -7.0295548e-08  -0.00030102122  0.0000000   -0.0013948767  3.1090456e-08  0.00061756105  8.7361120e-09  
0.00017715275  9.6152520e-08  4.9779977e-08  -0.00031457109  -5.4540134e-05  0.0013948767  0.0000000   -1.7335122e-07  4.5289148e-08  0.00061750182  
-1.4026382e-05  9.3179528e-05  6.5629903e-08  -1.2347540e-08  -0.00061858201  -3.1090456e-08  1.7335122e-07  0.0000000   0.00030108594  5.4566565e-05  
0.00015162555  -4.6236074e-08  9.3042707e-05  -2.9919153e-07  -3.7315725e-08  -0.00061756105  -4.5289148e-08  -0.00030108594  0.0000000   -0.0013951601  
5.6908302e-06  -3.6674988e-08  2.8830352e-07  9.3017981e-05  1.6686373e-07  -8.7361120e-09  -0.00061750182  -5.4566565e-05  0.0013951601  0.0000000   
