0.0000000   5.7826114e-06  -0.00034147576  1.7556020e-05  0.00033392296  2.9552065e-05  5.8081996e-05  -6.2708483e-05  4.9709351e-05  -2.4721520e-05  
-5.7826114e-06  0.0000000   1.6039303e-05  0.00018257931  1.6429257e-05  -2.3950552e-09  -1.3238959e-08  1.4758872e-05  -4.8087674e-09  -1.2832275e-08  
0.00034147576  -1.6039303e-05  0.0000000   -0.00025881397  3.4375260e-08  1.6442462e-05  4.3662130e-08  1.0208888e-07  1.4770395e-05  7.4531316e-08  
-1.7556020e-05  -0.00018257931  0.00025881397  0.0000000   -5.7704716e-09  -9.0933965e-09  1.6447641e-05  6.1137838e-09  -1.8729217e-08  1.4750863e-05  
-0.00033392296  -1.6429257e-05  -3.4375260e-08  5.7704716e-09  0.0000000   1.6024426e-05  0.00018250555  0.00057430622  -5.5968719e-09  -1.3109718e-07  
-2.9552065e-05  2.3950552e-09  -1.6442462e-05  9.0933965e-09  -1.6024426e-05  0.0000000   -0.00025874435  -3.0474672e-09  0.00057439594  -5.5051373e-09  
-5.8081996e-05  1.3238959e-08  -4.3662130e-08  -1.6447641e-05  -0.00018250555  0.00025874435  0.0000000   -9.6672138e-08  2.8085867e-09  0.00057428815  
6.2708483e-05  -1.4758872e-05  -1.0208888e-07  -6.1137838e-09  -0.00057430622  3.0474672e-09  9.6672138e-08  0.0000000   1.6028735e-05  0.00018254680  
-4.9709351e-05  4.8087674e-09  -1.4770395e-05  1.8729217e-08  5.5968719e-09  -0.00057439594  -2.8085867e-09  -1.6028735e-05  0.0000000   -0.00025876310  
2.4721520e-05  1.2832275e-08  -7.4531316e-08  -1.4750863e-05  1.3109718e-07  5.5051373e-09  -0.00057428815  -0.00018254680  0.00025876310  0.0000000   
