0.0000000   -3.8365742e-05  -6.5975940e-05  -2.8214771e-05  3.0201202e-05  9.2409910e-05  0.00014748993  -1.3244000e-05  0.00015419170  -6.5060711e-05  
3.8365742e-05  0.0000000   -0.00018822002  -0.00010401416  -0.00022982811  -3.6868782e-08  1.1956503e-07  0.00012666862  6.7927742e-08  -3.3743778e-08  
6.5975940e-05  0.00018822002  0.0000000   0.0025514317  -4.9900415e-08  -0.00022859039  -1.2643424e-07  1.1897784e-08  0.00012600162  -1.9424344e-07  
2.8214771e-05  0.00010401416  -0.0025514317  0.0000000   8.2299189e-08  1.4982485e-07  -0.00022851268  -5.5229138e-08  1.9122913e-07  0.00012595141  
-3.0201202e-05  0.00022982811  4.9900415e-08  -8.2299189e-08  0.0000000   -0.00018816717  -0.00010398144  0.00046487945  6.8051599e-08  -2.1771386e-07  
-9.2409910e-05  3.6868782e-08  0.00022859039  -1.4982485e-07  0.00018816717  0.0000000   0.0025509785  1.2788707e-07  0.00046225977  4.1109063e-07  
-0.00014748993  -1.1956503e-07  1.2643424e-07  0.00022851268  0.00010398144  -0.0025509785  0.0000000   -1.7169625e-07  -4.7966179e-07  0.00046211264  
1.3244000e-05  -0.00012666862  -1.1897784e-08  5.5229138e-08  -0.00046487945  -1.2788707e-07  1.7169625e-07  0.0000000   -0.00018819723  -0.00010399905  
-0.00015419170  -6.7927742e-08  -0.00012600162  -1.9122913e-07  -6.8051599e-08  -0.00046225977  4.7966179e-07  0.00018819723  0.0000000   0.0025512515  
6.5060711e-05  3.3743778e-08  1.9424344e-07  -0.00012595141  2.1771386e-07  -4.1109063e-07  -0.00046211264  0.00010399905  -0.0025512515  0.0000000   
