0.0000000   -4.6386052e-05  0.00027373006  0.00021139019  0.00027711756  -7.1030202e-06  -2.9328559e-05  -0.00020391908  5.6867268e-07  1.1815261e-06  
4.6386052e-05  0.0000000   0.0011949044  -6.6135112e-05  -0.0010596311  7.6957331e-07  6.1318033e-06  -0.00013335254  -3.5893604e-06  9.6793983e-07  
-0.00027373006  -0.0011949044  0.0000000   -0.0057734009  1.7041025e-07  -0.0010288334  -1.9139452e-06  3.2728938e-06  -0.00012946147  1.7556915e-05  
-0.00021139019  6.6135112e-05  0.0057734009  0.0000000   5.6717781e-06  1.5776372e-06  -0.0010296601  6.9196084e-07  -1.7502247e-05  -0.00012961360  
-0.00027711756  0.0010596311  -1.7041025e-07  -5.6717781e-06  0.0000000   0.0011842882  -6.5438279e-05  0.0031878218  -1.3625192e-06  -1.8463492e-05  
7.1030202e-06  -7.6957331e-07  0.0010288334  -1.5776372e-06  -0.0011842882  0.0000000   -0.0057225788  -1.0374734e-06  0.0030955968  1.4666881e-06  
2.9328559e-05  -6.1318033e-06  1.9139452e-06  0.0010296601  6.5438279e-05  0.0057225788  0.0000000   -1.8477403e-05  -3.1088914e-07  0.0030981940  
0.00020391908  0.00013335254  -3.2728938e-06  -6.9196084e-07  -0.0031878218  1.0374734e-06  1.8477403e-05  0.0000000   0.0011854964  -6.5564318e-05  
-5.6867268e-07  3.5893604e-06  0.00012946147  1.7502247e-05  1.3625192e-06  -0.0030955968  3.1088914e-07  -0.0011854964  0.0000000   -0.0057288688  
-1.1815261e-06  -9.6793983e-07  -1.7556915e-05  0.00012961360  1.8463492e-05  -1.4666881e-06  -0.0030981940  6.5564318e-05  0.0057288688  0.0000000   
