0.0000000   0.0000000   0.0000000   0.0000000   0.0000000   0.0000000   0.0000000   0.0000000   0.0000000   0.0000000   
0.0000000   3.1380000   0.0000000   0.0000000   0.0000000   0.0000000   0.0000000   0.0000000   0.0000000   0.0000000   
0.0000000   0.0000000   4.0320000   0.0000000   0.0000000   0.0000000   0.0000000   0.0000000   0.0000000   0.0000000   
0.0000000   0.0000000   0.0000000   3.8390000   0.0000000   0.0000000   0.0000000   0.0000000   0.0000000   0.0000000   
0.0000000   0.0000000   0.0000000   0.0000000   4.0060000   0.0000000   0.0000000   0.0000000   0.0000000   0.0000000   
0.0000000   0.0000000   0.0000000   0.0000000   0.0000000   5.4120000   0.0000000   0.0000000   0.0000000   0.0000000   
0.0000000   0.0000000   0.0000000   0.0000000   0.0000000   0.0000000   5.4915000   0.0000000   0.0000000   0.0000000   
0.0000000   0.0000000   0.0000000   0.0000000   0.0000000   0.0000000   0.0000000   4.2730000   0.0000000   0.0000000   
0.0000000   0.0000000   0.0000000   0.0000000   0.0000000   0.0000000   0.0000000   0.0000000   5.7205000   0.0000000   
0.0000000   0.0000000   0.0000000   0.0000000   0.0000000   0.0000000   0.0000000   0.0000000   0.0000000   5.5100000   
