0.0000000   -3.2489892e-05  0.00014662875  3.6699199e-05  -0.00014745956  -7.4656113e-05  0.00010100212  -7.6682739e-05  0.00011378538  7.8333482e-05  
3.2489892e-05  0.0000000   0.00032761730  0.00015342909  0.00034028529  -9.3248069e-08  1.4014604e-07  -3.5263079e-05  -2.5557644e-07  -1.4458922e-07  
-0.00014662875  -0.00032761730  0.0000000   0.0018627297  -3.4995844e-08  0.00033924522  -1.2445438e-07  2.1233282e-07  -3.5175799e-05  -1.4285996e-06  
-3.6699199e-05  -0.00015342909  -0.0018627297  0.0000000   1.5266057e-07  1.1821437e-07  0.00033929558  7.7521355e-08  1.4538789e-06  -3.5163599e-05  
0.00014745956  -0.00034028529  3.4995844e-08  -1.5266057e-07  0.0000000   0.00032588766  0.00015258688  -0.0025025422  5.7340393e-07  -1.1987151e-06  
7.4656113e-05  9.3248069e-08  -0.00033924522  -1.1821437e-07  -0.00032588766  0.0000000   0.0018527093  6.1760726e-07  -0.0024951035  -6.4279384e-08  
-0.00010100212  -1.4014604e-07  1.2445438e-07  -0.00033929558  -0.00015258688  -0.0018527093  0.0000000   -1.2092811e-06  -2.0142843e-08  -0.0024952752  
7.6682739e-05  3.5263079e-05  -2.1233282e-07  -7.7521355e-08  0.0025025422  -6.1760726e-07  1.2092811e-06  0.0000000   0.00032596022  0.00015264873  
-0.00011378538  2.5557644e-07  3.5175799e-05  -1.4538789e-06  -5.7340393e-07  0.0024951035  2.0142843e-08  -0.00032596022  0.0000000   0.0018530411  
-7.8333482e-05  1.4458922e-07  1.4285996e-06  3.5163599e-05  1.1987151e-06  6.4279384e-08  0.0024952752  -0.00015264873  -0.0018530411  0.0000000   
