0.0000000   -2.6080591e-05  0.00022237519  -0.00013914498  0.00021900917  -8.3930588e-05  -9.6519833e-05  1.7794788e-05  -6.7548274e-05  -6.5170245e-05  
2.6080591e-05  0.0000000   -0.00077650982  0.00017848387  0.00049841102  -0.00032231080  -0.00013836900  -0.00019524046  -0.00028537942  -0.00036123036  
-0.00022237519  0.00077650982  0.0000000   -0.0074915160  0.0028951588  0.00024597965  -0.00057271361  -0.00042074625  -0.00020010470  0.00022181485  
0.00013914498  -0.00017848387  0.0074915160  0.0000000   -0.00074042757  -0.0044444358  0.0042881198  0.0054702406  0.0047679785  -0.0019811014  
-0.00021900917  -0.00049841102  -0.0028951588  0.00074042757  0.0000000   -0.0099821806  0.0080078421  -0.0021567820  0.0083640183  0.0024376470  
8.3930588e-05  0.00032231080  -0.00024597965  0.0044444358  0.0099821806  0.0000000   -0.0043327997  -0.013194236  -0.0035251739  -0.0075325462  
9.6519833e-05  0.00013836900  0.00057271361  -0.0042881198  -0.0080078421  0.0043327997  0.0000000   0.0027536952  0.0070504829  -0.010857870  
-1.7794788e-05  0.00019524046  0.00042074625  -0.0054702406  0.0021567820  0.013194236  -0.0027536952  0.0000000   0.012623043  0.0050857017  
6.7548274e-05  0.00028537942  0.00020010470  -0.0047679785  -0.0083640183  0.0035251739  -0.0070504829  -0.012623043  0.0000000   0.0044703529  
6.5170245e-05  0.00036123036  -0.00022181485  0.0019811014  -0.0024376470  0.0075325462  0.010857870  -0.0050857017  -0.0044703529  0.0000000   
