0.0000000   6.1270200e-06  -0.00035769515  -1.7851766e-05  -1.1840706e-05  7.7555609e-05  0.00020417400  -0.00033796446  -0.00022460332  1.1530457e-05  
-6.1270200e-06  0.0000000   0.00055371557  -0.00011531427  -0.00020794684  -9.8414976e-05  4.9117388e-06  -0.00035355637  1.9235938e-06  1.0101473e-05  
0.00035769515  -0.00055371557  0.0000000   -0.00035248232  -0.00013078226  -6.9671888e-05  -1.8767259e-05  0.00058245574  -0.00010047632  1.6618132e-06  
1.7851766e-05  0.00011531427  0.00035248232  0.0000000   2.5735078e-07  8.8799820e-06  0.00038153041  0.00013005690  -1.8993931e-05  9.7395130e-05  
1.1840706e-05  0.00020794684  0.00013078226  -2.5735078e-07  0.0000000   6.4909626e-05  0.00033296394  -0.0011994977  0.00041931355  -1.6816373e-06  
-7.7555609e-05  9.8414976e-05  6.9671888e-05  -8.8799820e-06  -6.4909626e-05  0.0000000   -7.2495460e-05  -0.00042102460  0.00046521696  0.00015122748  
-0.00020417400  -4.9117388e-06  1.8767259e-05  -0.00038153041  -0.00033296394  7.2495460e-05  0.0000000   0.00021132253  -6.8410827e-05  0.00042005939  
0.00033796446  0.00035355637  -0.00058245574  -0.00013005690  0.0011994977  0.00042102460  -0.00021132253  0.0000000   0.00044247627  1.0878065e-06  
0.00022460332  -1.9235938e-06  0.00010047632  1.8993931e-05  -0.00041931355  -0.00046521696  6.8410827e-05  -0.00044247627  0.0000000   0.00030943556  
-1.1530457e-05  -1.0101473e-05  -1.6618132e-06  -9.7395130e-05  1.6816373e-06  -0.00015122748  -0.00042005939  -1.0878065e-06  -0.00030943556  0.0000000   
