0.0000000   3.6624587e-06  5.4822497e-05  1.2507246e-05  -4.9695910e-05  4.7665075e-06  -0.00011568516  -3.8087576e-05  -8.1953707e-06  7.4569591e-06  
-3.6624587e-06  0.0000000   -0.00033799326  0.00040451362  -0.00040954548  -0.00028430816  3.3108673e-06  0.00011523496  -2.1497440e-05  9.9095144e-05  
-5.4822497e-05  0.00033799326  0.0000000   -0.00063995195  1.9593838e-05  2.1860887e-05  -2.8316904e-05  3.2682880e-05  0.00030005904  -3.5890028e-06  
-1.2507246e-05  -0.00040451362  0.00063995195  0.0000000   0.00055794728  1.9805658e-05  0.00037118827  3.2705721e-05  -0.00012334047  -0.00011733984  
4.9695910e-05  0.00040954548  -1.9593838e-05  -0.00055794728  0.0000000   -1.4454607e-05  0.00014321888  -0.00040392686  -0.00023868173  -1.3303316e-05  
-4.7665075e-06  0.00028430816  -2.1860887e-05  -1.9805658e-05  1.4454607e-05  0.0000000   8.1301800e-05  -8.0970001e-05  0.00028232883  -2.2733462e-06  
0.00011568516  -3.3108673e-06  2.8316904e-05  -0.00037118827  -0.00014321888  -8.1301800e-05  0.0000000   0.0010959408  0.00018799103  -0.00037612910  
3.8087576e-05  -0.00011523496  -3.2682880e-05  -3.2705721e-05  0.00040392686  8.0970001e-05  -0.0010959408  0.0000000   0.00028228074  0.00014185490  
8.1953707e-06  2.1497440e-05  -0.00030005904  0.00012334047  0.00023868173  -0.00028232883  -0.00018799103  -0.00028228074  0.0000000   -0.00099358642  
-7.4569591e-06  -9.9095144e-05  3.5890028e-06  0.00011733984  1.3303316e-05  2.2733462e-06  0.00037612910  -0.00014185490  0.00099358642  0.0000000   
