0.0000000   0.00029950996  5.4181643e-06  2.7143608e-05  4.6334950e-05  1.3810554e-05  -0.00029950996  0.0000000   6.1913412e-05  0.00022033236  
-5.9587873e-07  3.8409164e-05  -5.4181643e-06  -6.1913412e-05  0.0000000   -2.1140538e-05  -0.00023251568  2.1927085e-05  -2.7143608e-05  -0.00022033236  
2.1140538e-05  0.0000000   3.1474181e-05  8.9824377e-05  -4.6334950e-05  5.9587873e-07  0.00023251568  -3.1474181e-05  0.0000000   0.00088250701  
-1.3810554e-05  -3.8409164e-05  -2.1927085e-05  -8.9824377e-05  -0.00088250701  0.0000000   -7.9890415e-321  0.0000000   0.0000000   0.0000000   
0.0000000   0.0000000   0.0000000   0.0000000   0.0000000   0.0000000   0.0000000   0.0000000   0.0000000   0.0000000   
0.0000000   0.0000000   0.0000000   0.0000000   0.0000000   0.0000000   0.0000000   0.0000000   0.0000000   0.0000000   
0.0000000   0.0000000   0.0000000   0.0000000   0.0000000   0.0000000   0.0000000   0.0000000   0.0000000   0.0000000   
0.0000000   0.0000000   0.0000000   0.0000000   0.0000000   0.0000000   0.0000000   0.0000000   0.0000000   0.0000000   
0.0000000   0.0000000   0.0000000   0.0000000   0.0000000   0.0000000   0.0000000   0.0000000   0.0000000   0.0000000   
0.0000000   0.0000000   0.0000000   0.0000000   0.0000000   0.0000000   0.0000000   0.0000000   0.0000000   0.0000000   
