0.0000000   2.3611988e-05  -0.00013847140  -1.3333434e-05  -9.1358423e-05  4.2976448e-05  7.7528982e-05  -0.00019266764  9.2775152e-07  3.2914009e-05  
-2.3611988e-05  0.0000000   0.00033757322  0.00044077196  0.00028456431  0.00031867140  4.1931875e-05  -0.00010431461  -0.00012008194  0.00015622069  
0.00013847140  -0.00033757322  0.0000000   0.00034045964  -0.00011258975  7.2851103e-05  0.00055517388  -0.00034716306  0.00057796645  -5.2789646e-05  
1.3333434e-05  -0.00044077196  -0.00034045964  0.0000000   0.00091983254  -0.00036018958  -0.00033058889  0.00072644210  -0.00049445883  7.4568713e-05  
9.1358423e-05  -0.00028456431  0.00011258975  -0.00091983254  0.0000000   -0.00024300652  -0.00021570605  -0.00046003949  -0.00086553898  0.00012687651  
-4.2976448e-05  -0.00031867140  -7.2851103e-05  0.00036018958  0.00024300652  0.0000000   0.00065064434  -0.00018385436  0.00065415244  -0.00016249533  
-7.7528982e-05  -4.1931875e-05  -0.00055517388  0.00033058889  0.00021570605  -0.00065064434  0.0000000   -6.4458630e-05  3.5973696e-05  -0.0012288177  
0.00019266764  0.00010431461  0.00034716306  -0.00072644210  0.00046003949  0.00018385436  6.4458630e-05  0.0000000   -0.00010630466  9.2361916e-05  
-9.2775152e-07  0.00012008194  -0.00057796645  0.00049445883  0.00086553898  -0.00065415244  -3.5973696e-05  0.00010630466  0.0000000   0.0010038105  
-3.2914009e-05  -0.00015622069  5.2789646e-05  -7.4568713e-05  -0.00012687651  0.00016249533  0.0012288177  -9.2361916e-05  -0.0010038105  0.0000000   
