0.0000000   1.4676734e-05  0.00044557816  -0.00013749554  6.6988235e-05  1.5432348e-05  -0.00012067345  -0.00045594390  2.5579304e-05  -9.2619835e-05  
-1.4676734e-05  0.0000000   0.00019878403  -6.6094881e-05  -2.4351533e-06  -0.00013388831  -0.00017224799  0.00019407201  4.8264986e-05  -0.00013828502  
-0.00044557816  -0.00019878403  0.0000000   0.0093678738  -0.0025500749  -7.8059036e-06  0.00027229357  0.00037825041  0.00013269786  -9.7090531e-05  
0.00013749554  6.6094881e-05  -0.0093678738  0.0000000   0.0022840730  -4.4620158e-06  -0.00054738521  -0.00014589292  -2.7218345e-05  -5.1696827e-05  
-6.6988235e-05  2.4351533e-06  0.0025500749  -0.0022840730  0.0000000   -0.00015832214  -0.0064104698  -0.00035278877  -0.0025187009  -0.00067902117  
-1.5432348e-05  0.00013388831  7.8059036e-06  4.4620158e-06  0.00015832214  0.0000000   0.00078237599  -0.0013828615  -0.00036368944  0.00082799811  
0.00012067345  0.00017224799  -0.00027229357  0.00054738521  0.0064104698  -0.00078237599  0.0000000   1.4766657e-05  0.00029323622  0.00016504757  
0.00045594390  -0.00019407201  -0.00037825041  0.00014589292  0.00035278877  0.0013828615  -1.4766657e-05  0.0000000   -2.2446005e-05  -4.1776055e-05  
-2.5579304e-05  -4.8264986e-05  -0.00013269786  2.7218345e-05  0.0025187009  0.00036368944  -0.00029323622  2.2446005e-05  0.0000000   -9.1082491e-06  
9.2619835e-05  0.00013828502  9.7090531e-05  5.1696827e-05  0.00067902117  -0.00082799811  -0.00016504757  4.1776055e-05  9.1082491e-06  0.0000000   
