0.0000000   -3.0003065e-05  2.6193697e-05  -2.6785351e-05  2.2567771e-05  4.3191943e-06  6.7407525e-05  4.6909257e-05  -5.1972628e-05  -1.0566609e-05  
3.0003065e-05  0.0000000   0.00019906367  -0.00024407409  2.3720767e-05  0.00027840873  -6.9310381e-06  -0.00011804704  -2.2065478e-06  -5.3673266e-05  
-2.6193697e-05  -0.00019906367  0.0000000   0.0034688249  0.0028388666  -9.4662212e-05  0.00025540253  0.0033386368  -0.00019057913  1.8790934e-05  
2.6785351e-05  0.00024407409  -0.0034688249  0.0000000   5.3892367e-05  5.7612450e-06  0.00010088450  -0.00022473531  -1.2514025e-05  -0.00023106656  
-2.2567771e-05  -2.3720767e-05  -0.0028388666  -5.3892367e-05  0.0000000   8.4329175e-05  -0.0032054626  -0.0035012174  -0.0010202333  -6.5919022e-05  
-4.3191943e-06  -0.00027840873  9.4662212e-05  -5.7612450e-06  -8.4329175e-05  0.0000000   -7.8436697e-05  -0.0010720459  -0.00034646717  0.00032166352  
-6.7407525e-05  6.9310381e-06  -0.00025540253  -0.00010088450  0.0032054626  7.8436697e-05  0.0000000   -0.00044337740  0.00037011862  0.00047223369  
-4.6909257e-05  0.00011804704  -0.0033386368  0.00022473531  0.0035012174  0.0010720459  0.00044337740  0.0000000   0.00023280660  3.6829400e-06  
5.1972628e-05  2.2065478e-06  0.00019057913  1.2514025e-05  0.0010202333  0.00034646717  -0.00037011862  -0.00023280660  0.0000000   0.0029516290  
1.0566609e-05  5.3673266e-05  -1.8790934e-05  0.00023106656  6.5919022e-05  -0.00032166352  -0.00047223369  -3.6829400e-06  -0.0029516290  0.0000000   
