0.0000000   8.4110755e-06  -0.00010527904  -7.4624325e-05  0.00010244041  3.9219353e-05  2.4283510e-05  0.00010328766  -1.7495576e-05  -5.0556418e-05  
-8.4110755e-06  0.0000000   -0.00055663654  -0.00066646835  -0.00088840084  8.2212359e-07  -3.8329864e-07  -0.00010588322  -1.0302793e-06  -1.3966061e-06  
0.00010527904  0.00055663654  0.0000000   -0.0013529941  5.5470795e-07  -0.00088725862  5.6944334e-07  1.1639999e-06  -0.00010576674  -2.6927411e-06  
7.4624325e-05  0.00066646835  0.0013529941  0.0000000   -7.0450747e-07  -1.5068499e-07  -0.00088715056  1.2608678e-06  2.7125666e-06  -0.00010575114  
-0.00010244041  0.00088840084  -5.5470795e-07  7.0450747e-07  0.0000000   -0.00055330371  -0.00066247958  -0.0026376106  2.0646052e-06  -1.6114555e-06  
-3.9219353e-05  -8.2212359e-07  0.00088725862  1.5068499e-07  0.00055330371  0.0000000   -0.0013449433  1.9471382e-06  -0.0026342702  7.7233267e-07  
-2.4283510e-05  3.8329864e-07  -5.6944334e-07  0.00088715056  0.00066247958  0.0013449433  0.0000000   -1.7405504e-06  5.0972075e-07  -0.0026339590  
-0.00010328766  0.00010588322  -1.1639999e-06  -1.2608678e-06  0.0026376106  -1.9471382e-06  1.7405504e-06  0.0000000   -0.00055372250  -0.00066297910  
1.7495576e-05  1.0302793e-06  0.00010576674  -2.7125666e-06  -2.0646052e-06  0.0026342702  -5.0972075e-07  0.00055372250  0.0000000   -0.0013459727  
5.0556418e-05  1.3966061e-06  2.6927411e-06  0.00010575114  1.6114555e-06  -7.7233267e-07  0.0026339590  0.00066297910  0.0013459727  0.0000000   
