0.0000000   2.6616253e-05  -0.00016781100  -9.1370528e-05  -0.00027547537  7.4636969e-05  7.5162714e-05  0.00017562435  -0.00010665610  -0.00021669030  
-2.6616253e-05  0.0000000   0.00010432127  8.9008126e-06  -1.6383933e-05  -1.8279238e-05  -5.1545304e-05  6.4914520e-05  3.4902911e-05  4.2772621e-05  
0.00016781100  -0.00010432127  0.0000000   0.00090553710  0.00026181703  -4.9998614e-05  8.6296912e-07  0.00020957047  -0.00015551666  -9.2778544e-06  
9.1370528e-05  -8.9008126e-06  -0.00090553710  0.0000000   0.00012122401  3.9849728e-05  4.0339475e-06  0.00020323767  -0.00017113141  1.3964721e-05  
0.00027547537  1.6383933e-05  -0.00026181703  -0.00012122401  0.0000000   -0.00078205368  -5.8559148e-05  -1.9359209e-05  0.0026747495  -0.00015761675  
-7.4636969e-05  1.8279238e-05  4.9998614e-05  -3.9849728e-05  0.00078205368  0.0000000   0.00079850293  -4.3265606e-05  -0.0032388067  0.00012565928  
-7.5162714e-05  5.1545304e-05  -8.6296912e-07  -4.0339475e-06  5.8559148e-05  -0.00079850293  0.0000000   0.0026670200  -0.0027104619  -0.0014597309  
-0.00017562435  -6.4914520e-05  -0.00020957047  -0.00020323767  1.9359209e-05  4.3265606e-05  -0.0026670200  0.0000000   -1.8324740e-05  -0.00014770723  
0.00010665610  -3.4902911e-05  0.00015551666  0.00017113141  -0.0026747495  0.0032388067  0.0027104619  1.8324740e-05  0.0000000   -0.0017810669  
0.00021669030  -4.2772621e-05  9.2778544e-06  -1.3964721e-05  0.00015761675  -0.00012565928  0.0014597309  0.00014770723  0.0017810669  0.0000000   
