0.0000000   -0.0010521161  -1.5662867e-05  -5.5936434e-06  -9.1980625e-05  -9.2361814e-06  0.0010521161  0.0000000   0.00036955383  -0.00011893677  
7.2620461e-06  -9.0196451e-05  1.5662867e-05  -0.00036955383  0.0000000   2.7245688e-06  7.6711836e-05  -4.3047222e-05  5.5936434e-06  0.00011893677  
-2.7245688e-06  0.0000000   -0.00035853774  -1.5953124e-05  9.1980625e-05  -7.2620461e-06  -7.6711836e-05  0.00035853774  0.0000000   -0.00054296152  
9.2361814e-06  9.0196451e-05  4.3047222e-05  1.5953124e-05  0.00054296152  0.0000000   -7.9890415e-321  0.0000000   0.0000000   0.0000000   
0.0000000   0.0000000   0.0000000   0.0000000   0.0000000   0.0000000   0.0000000   0.0000000   0.0000000   0.0000000   
0.0000000   0.0000000   0.0000000   0.0000000   0.0000000   0.0000000   0.0000000   0.0000000   0.0000000   0.0000000   
0.0000000   0.0000000   0.0000000   0.0000000   0.0000000   0.0000000   0.0000000   0.0000000   0.0000000   0.0000000   
0.0000000   0.0000000   0.0000000   0.0000000   0.0000000   0.0000000   0.0000000   0.0000000   0.0000000   0.0000000   
0.0000000   0.0000000   0.0000000   0.0000000   0.0000000   0.0000000   0.0000000   0.0000000   0.0000000   0.0000000   
0.0000000   0.0000000   0.0000000   0.0000000   0.0000000   0.0000000   0.0000000   0.0000000   0.0000000   0.0000000   
