0.0000000   1.0407587e-05  0.00022339440  5.7209916e-06  -0.00010985268  1.5462712e-05  9.1445740e-05  -0.00012251677  -6.8283831e-05  -2.7479246e-05  
-1.0407587e-05  0.0000000   -0.00033525601  -0.00010000188  -9.9954187e-05  0.00016264451  1.0685604e-05  -0.00014888911  3.1118708e-06  1.3340330e-05  
-0.00022339440  0.00033525601  0.0000000   0.0011106845  -0.00016404904  -1.2322507e-06  5.8036456e-06  0.00028323136  0.00015675732  2.8121857e-06  
-5.7209916e-06  0.00010000188  -0.0011106845  0.0000000   3.8755483e-05  -2.9035992e-06  0.00028807735  0.00021263487  1.1953553e-05  -0.00015891643  
0.00010985268  9.9954187e-05  0.00016404904  -3.8755483e-05  0.0000000   -0.00029173171  -0.00057858695  -0.024116952  -0.00029201198  1.8375132e-05  
-1.5462712e-05  -0.00016264451  1.2322507e-06  2.9035992e-06  0.00029173171  0.0000000   0.00016869534  0.00028980254  -0.00049143618  0.00015779234  
-9.1445740e-05  -1.0685604e-05  -5.8036456e-06  -0.00028807735  0.00057858695  -0.00016869534  0.0000000   -0.00066980683  -5.5712947e-06  -0.00062865508  
0.00012251677  0.00014888911  -0.00028323136  -0.00021263487  0.024116952  -0.00028980254  0.00066980683  0.0000000   0.00030259112  1.6606794e-05  
6.8283831e-05  -3.1118708e-06  -0.00015675732  -1.1953553e-05  0.00029201198  0.00049143618  5.5712947e-06  -0.00030259112  0.0000000   -0.0011901325  
2.7479246e-05  -1.3340330e-05  -2.8121857e-06  0.00015891643  -1.8375132e-05  -0.00015779234  0.00062865508  -1.6606794e-05  0.0011901325  0.0000000   
