0.0000000   8.9438910e-06  -4.4987296e-06  -1.8194378e-05  -8.0553811e-06  4.2799548e-05  2.2279731e-06  5.0795745e-06  -0.00013418399  -1.4673816e-05  
-8.9438910e-06  0.0000000   0.00015203745  -0.00011655773  -0.00012863372  -6.6660299e-05  0.00023770199  6.2208520e-05  -0.00040513078  0.00011388060  
4.4987296e-06  -0.00015203745  0.0000000   -0.0035023199  -0.00042662347  0.00011269257  -0.00012214384  -0.0027078129  8.8063666e-05  -0.00024121823  
1.8194378e-05  0.00011655773  0.0035023199  0.0000000   -0.0015389905  -1.5773697e-05  0.00011166555  0.00054790338  -0.00010376053  -0.00010286092  
8.0553811e-06  0.00012863372  0.00042662347  0.0015389905  0.0000000   0.00010792675  -0.00015188002  -0.0032483493  -9.1113061e-05  -0.00027835715  
-4.2799548e-05  6.6660299e-05  -0.00011269257  1.5773697e-05  -0.00010792675  0.0000000   0.0034836614  8.0551777e-05  -0.0040500801  -0.00093616058  
-2.2279731e-06  -0.00023770199  0.00012214384  -0.00011166555  0.00015188002  -0.0034836614  0.0000000   -0.00031908790  -8.1782693e-05  0.011070322  
-5.0795745e-06  -6.2208520e-05  0.0027078129  -0.00054790338  0.0032483493  -8.0551777e-05  0.00031908790  0.0000000   -9.7898235e-05  -0.00011664878  
0.00013418399  0.00040513078  -8.8063666e-05  0.00010376053  9.1113061e-05  0.0040500801  8.1782693e-05  9.7898235e-05  0.0000000   -0.0098362619  
1.4673816e-05  -0.00011388060  0.00024121823  0.00010286092  0.00027835715  0.00093616058  -0.011070322  0.00011664878  0.0098362619  0.0000000   
