0.0000000   6.4634932e-07  5.6242935e-06  5.5282229e-05  1.2112722e-05  -5.9576589e-05  0.00013196076  -0.00021844369  0.00017032586  -9.8812712e-05  
-6.4634932e-07  0.0000000   -0.0014187527  0.00061399579  0.0014327384  -0.00067397635  -1.1256941e-05  9.2874730e-06  -0.0014503130  -0.0010731938  
-5.6242935e-06  0.0014187527  0.0000000   -0.012195463  -0.00031561581  0.00076229940  0.0032816256  0.00019975821  0.0018043360  0.0012805499  
-5.5282229e-05  -0.00061399579  0.012195463  0.0000000   -0.0041485644  0.00048217467  -0.0010470082  -0.00040697279  -0.00081037101  -9.4140633e-05  
-1.2112722e-05  -0.0014327384  0.00031561581  0.0041485644  0.0000000   3.0854765e-05  0.0038881358  5.5489499e-05  0.0020210091  0.0015237572  
5.9576589e-05  0.00067397635  -0.00076229940  -0.00048217467  -3.0854765e-05  0.0000000   -0.0044037505  -5.7823078e-05  0.0063412719  0.0047689616  
-0.00013196076  1.1256941e-05  -0.0032816256  0.0010470082  -0.0038881358  0.0044037505  0.0000000   0.00050115213  -0.016310480  -0.013155229  
0.00021844369  -9.2874730e-06  -0.00019975821  0.00040697279  -5.5489499e-05  5.7823078e-05  -0.00050115213  0.0000000   -0.00046526101  0.0011202603  
-0.00017032586  0.0014503130  -0.0018043360  0.00081037101  -0.0020210091  -0.0063412719  0.016310480  0.00046526101  0.0000000   -0.00028020433  
9.8812712e-05  0.0010731938  -0.0012805499  9.4140633e-05  -0.0015237572  -0.0047689616  0.013155229  -0.0011202603  0.00028020433  0.0000000   
