0.0000000   -1.0761588e-05  1.6912368e-05  -2.6438948e-05  -7.6200516e-06  3.6563466e-06  -1.2357603e-05  -5.0861974e-05  -1.6879027e-05  1.5262156e-05  
1.0761588e-05  0.0000000   1.0883135e-05  6.8935381e-05  8.5366586e-05  -3.6378795e-08  9.8015779e-09  0.00012984765  -5.8924518e-08  -8.2336256e-09  
-1.6912368e-05  -1.0883135e-05  0.0000000   0.0063705346  -3.8936372e-08  8.2340867e-05  7.1632507e-07  -6.1373836e-08  0.00012524321  -6.0293758e-07  
2.6438948e-05  -6.8935381e-05  -0.0063705346  0.0000000   -8.7186821e-09  -7.2107541e-07  8.2338403e-05  4.9285105e-09  5.9670260e-07  0.00012523388  
7.6200516e-06  -8.5366586e-05  3.8936372e-08  8.7186821e-09  0.0000000   1.0858993e-05  6.8780663e-05  -0.0016474385  7.2897753e-07  -1.3249229e-08  
-3.6563466e-06  3.6378795e-08  -8.2340867e-05  7.2107541e-07  -1.0858993e-05  0.0000000   0.0063563608  7.2738824e-07  -0.0015890534  3.0323310e-08  
1.2357603e-05  -9.8015779e-09  -7.1632507e-07  -8.2338403e-05  -6.8780663e-05  -0.0063563608  0.0000000   -1.4284302e-08  3.9459956e-08  -0.0015889844  
5.0861974e-05  -0.00012984765  6.1373836e-08  -4.9285105e-09  0.0016474385  -7.2738824e-07  1.4284302e-08  0.0000000   1.0851435e-05  6.8769317e-05  
1.6879027e-05  5.8924518e-08  -0.00012524321  -5.9670260e-07  -7.2897753e-07  0.0015890534  -3.9459956e-08  -1.0851435e-05  0.0000000   0.0063560833  
-1.5262156e-05  8.2336256e-09  6.0293758e-07  -0.00012523388  1.3249229e-08  -3.0323310e-08  0.0015889844  -6.8769317e-05  -0.0063560833  0.0000000   
