0.0000000   -1.8090606e-05  -0.00017402416  0.00010242295  -0.00017043209  9.9227055e-06  -4.7665327e-05  -3.0416196e-05  -4.3166805e-05  3.5316427e-06  
1.8090606e-05  0.0000000   -0.00037883331  -6.3811387e-05  0.00025661210  9.5731504e-08  -3.9460704e-09  -0.00026595130  4.5064477e-08  3.1307938e-08  
0.00017402416  0.00037883331  0.0000000   0.00041693422  -4.2551700e-08  0.00025654900  -7.4904018e-08  -8.6860737e-08  -0.00026588027  -4.9762885e-08  
-0.00010242295  6.3811387e-05  -0.00041693422  0.0000000   -6.8408950e-09  5.3142346e-08  0.00025655283  5.4513778e-09  1.0447116e-07  -0.00026590173  
0.00017043209  -0.00025661210  4.2551700e-08  6.8408950e-09  0.0000000   -0.00037868989  -6.3762434e-05  -0.00075844057  -9.6657104e-08  5.4749050e-08  
-9.9227055e-06  -9.5731504e-08  -0.00025654900  -5.3142346e-08  0.00037868989  0.0000000   0.00041680296  -4.9113425e-08  -0.00075825673  9.2549039e-08  
4.7665327e-05  3.9460704e-09  7.4904018e-08  -0.00025655283  6.3762434e-05  -0.00041680296  0.0000000   5.6360862e-08  3.1026086e-08  -0.00075829301  
3.0416196e-05  0.00026595130  8.6860737e-08  -5.4513778e-09  0.00075844057  4.9113425e-08  -5.6360862e-08  0.0000000   -0.00037869224  -6.3784137e-05  
4.3166805e-05  -4.5064477e-08  0.00026588027  -1.0447116e-07  9.6657104e-08  0.00075825673  -3.1026086e-08  0.00037869224  0.0000000   0.00041680472  
-3.5316427e-06  -3.1307938e-08  4.9762885e-08  0.00026590173  -5.4749050e-08  -9.2549039e-08  0.00075829301  6.3784137e-05  -0.00041680472  0.0000000   
