0.0000000   4.7205794e-05  -9.7263001e-05  2.7500875e-05  -2.0580283e-05  -1.2687510e-05  5.9514318e-05  2.1084422e-05  -1.9692351e-06  -2.2357188e-06  
-4.7205794e-05  0.0000000   0.00018654331  5.8009452e-05  0.00012778011  -7.6933093e-05  -1.0886201e-05  5.0600006e-05  4.4379665e-06  -7.1943732e-06  
9.7263001e-05  -0.00018654331  0.0000000   0.00014911136  -7.8843778e-05  -4.0438201e-05  0.00015318673  -1.5554487e-05  3.6959687e-05  1.7197322e-05  
-2.7500875e-05  -5.8009452e-05  -0.00014911136  0.0000000   0.00041725683  -0.00047274339  1.2285782e-05  6.4645612e-05  4.0877379e-05  6.2224091e-06  
2.0580283e-05  -0.00012778011  7.8843778e-05  -0.00041725683  0.0000000   -0.00061816832  0.00011037031  3.3420127e-05  4.8732097e-05  4.5964349e-05  
1.2687510e-05  7.6933093e-05  4.0438201e-05  0.00047274339  0.00061816832  0.0000000   -0.00012797500  -0.00012324103  1.9576039e-07  3.4942469e-05  
-5.9514318e-05  1.0886201e-05  -0.00015318673  -1.2285782e-05  -0.00011037031  0.00012797500  0.0000000   -6.1618999e-05  8.3332154e-05  1.5184226e-05  
-2.1084422e-05  -5.0600006e-05  1.5554487e-05  -6.4645612e-05  -3.3420127e-05  0.00012324103  6.1618999e-05  0.0000000   -0.00059102697  0.00074472903  
1.9692351e-06  -4.4379665e-06  -3.6959687e-05  -4.0877379e-05  -4.8732097e-05  -1.9576039e-07  -8.3332154e-05  0.00059102697  0.0000000   0.0023173045  
2.2357188e-06  7.1943732e-06  -1.7197322e-05  -6.2224091e-06  -4.5964349e-05  -3.4942469e-05  -1.5184226e-05  -0.00074472903  -0.0023173045  0.0000000   
