0.0000000   1.0751353e-05  0.00012304931  -5.4940246e-05  -0.00011580707  1.6805837e-06  4.5408668e-06  -4.7232515e-05  5.3702329e-05  -9.1125785e-06  
-1.0751353e-05  0.0000000   0.00035101644  0.00013926902  0.00028603283  -6.6034446e-08  8.2976733e-08  -0.00015381873  -6.6322851e-09  -6.1336322e-08  
-0.00012304931  -0.00035101644  0.0000000   0.00093000429  -1.5191255e-08  0.00028581220  -7.7233352e-08  4.5697094e-08  -0.00015369769  -7.4640896e-08  
5.4940246e-05  -0.00013926902  -0.00093000429  0.0000000   8.8292628e-08  4.9247804e-08  0.00028582079  -4.3452867e-08  8.6362714e-08  -0.00015370513  
0.00011580707  -0.00028603283  1.5191255e-08  -8.8292628e-08  0.0000000   0.00035097604  0.00013924600  -0.00052516093  7.4378743e-08  -1.5822918e-07  
-1.6805837e-06  6.6034446e-08  -0.00028581220  -4.9247804e-08  -0.00035097604  0.0000000   0.00092991314  7.4102779e-08  -0.00052475964  3.7352149e-08  
-4.5408668e-06  -8.2976733e-08  7.7233352e-08  -0.00028582079  -0.00013924600  -0.00092991314  0.0000000   -1.6849230e-07  2.1152232e-08  -0.00052478606  
4.7232515e-05  0.00015381873  -4.5697094e-08  4.3452867e-08  0.00052516093  -7.4102779e-08  1.6849230e-07  0.0000000   0.00035097749  0.00013925579  
-5.3702329e-05  6.6322851e-09  0.00015369769  -8.6362714e-08  -7.4378743e-08  0.00052475964  -2.1152232e-08  -0.00035097749  0.0000000   0.00092990071  
9.1125785e-06  6.1336322e-08  7.4640896e-08  0.00015370513  1.5822918e-07  -3.7352149e-08  0.00052478606  -0.00013925579  -0.00092990071  0.0000000   
