0.0000000   -6.0189011e-05  -0.00010821265  4.9719272e-05  -5.8580788e-05  2.1056556e-06  0.00028186392  4.1775502e-06  -1.7023410e-05  -4.4389021e-06  
6.0189011e-05  0.0000000   0.00015153889  0.00077023323  0.00036667981  -7.8055882e-05  2.1653872e-05  0.00016471482  8.8886428e-06  -2.4226192e-05  
0.00010821265  -0.00015153889  0.0000000   -0.00017824583  0.00018579870  4.5902610e-05  0.00054258125  2.0087396e-05  1.5450471e-05  2.8812229e-05  
-4.9719272e-05  -0.00077023323  0.00017824583  0.0000000   0.00077543947  0.00058067025  -6.8919641e-05  0.00028253946  0.00030467438  -1.3496546e-05  
5.8580788e-05  -0.00036667981  -0.00018579870  -0.00077543947  0.0000000   0.00079961323  0.00014958659  0.00018538963  0.00018314407  1.3899597e-05  
-2.1056556e-06  7.8055882e-05  -4.5902610e-05  -0.00058067025  -0.00079961323  0.0000000   0.00014091736  -0.00025235921  -2.8492101e-05  -0.00028007332  
-0.00028186392  -2.1653872e-05  -0.00054258125  6.8919641e-05  -0.00014958659  -0.00014091736  0.0000000   -1.8019334e-05  4.0483444e-06  -4.4600877e-05  
-4.1775502e-06  -0.00016471482  -2.0087396e-05  -0.00028253946  -0.00018538963  0.00025235921  1.8019334e-05  0.0000000   -0.00087667388  -0.00084395254  
1.7023410e-05  -8.8886428e-06  -1.5450471e-05  -0.00030467438  -0.00018314407  2.8492101e-05  -4.0483444e-06  0.00087667388  0.0000000   -0.0017666944  
4.4389021e-06  2.4226192e-05  -2.8812229e-05  1.3496546e-05  -1.3899597e-05  0.00028007332  4.4600877e-05  0.00084395254  0.0017666944  0.0000000   
