0.0000000   -3.6475981e-06  0.00046579191  -6.9996071e-05  -5.1166742e-05  4.4908840e-05  -6.9131465e-05  -1.7468332e-05  1.2308487e-05  1.6783083e-05  
3.6475981e-06  0.0000000   -3.1301375e-06  -0.00036127948  -4.4883453e-05  -0.00013062503  -2.7438905e-05  1.7769607e-05  1.6277407e-05  -3.3075347e-06  
-0.00046579191  3.1301375e-06  0.0000000   3.5246742e-05  0.00015472962  2.7593004e-06  -0.00067713262  1.9253056e-06  3.0154025e-05  -2.6107421e-05  
6.9996071e-05  0.00036127948  -3.5246742e-05  0.0000000   3.2928481e-05  0.00024289123  -0.00020810290  -0.00038641622  -0.00018215748  -0.00017016439  
5.1166742e-05  4.4883453e-05  -0.00015472962  -3.2928481e-05  0.0000000   0.0013888115  0.00064935273  -0.00018375280  -0.00010976722  2.7557703e-06  
-4.4908840e-05  0.00013062503  -2.7593004e-06  -0.00024289123  -0.0013888115  0.0000000   -0.00043589455  6.0659770e-05  -0.00019115644  0.00031284653  
6.9131465e-05  2.7438905e-05  0.00067713262  0.00020810290  -0.00064935273  0.00043589455  0.0000000   -4.0072933e-05  0.00012263935  9.0234656e-05  
1.7468332e-05  -1.7769607e-05  -1.9253056e-06  0.00038641622  0.00018375280  -6.0659770e-05  4.0072933e-05  0.0000000   0.00010183690  -0.00051690693  
-1.2308487e-05  -1.6277407e-05  -3.0154025e-05  0.00018215748  0.00010976722  0.00019115644  -0.00012263935  -0.00010183690  0.0000000   0.0076470383  
-1.6783083e-05  3.3075347e-06  2.6107421e-05  0.00017016439  -2.7557703e-06  -0.00031284653  -9.0234656e-05  0.00051690693  -0.0076470383  0.0000000   
