0.0000000   0.00078133634  0.00057540378  -8.6902581e-05  -2.8086623e-05  1.3347077e-05  -0.00078133634  0.0000000   -0.00038991537  0.00016429622  
-2.5257781e-05  -3.9916027e-05  -0.00057540378  0.00038991537  0.0000000   2.5454362e-05  -0.00012537819  -5.1922284e-05  8.6902581e-05  -0.00016429622  
-2.5454362e-05  0.0000000   0.00051810836  0.00040699692  2.8086623e-05  2.5257781e-05  0.00012537819  -0.00051810836  0.0000000   0.00044956979  
-1.3347077e-05  3.9916027e-05  5.1922284e-05  -0.00040699692  -0.00044956979  0.0000000   -7.9890415e-321  0.0000000   0.0000000   0.0000000   
0.0000000   0.0000000   0.0000000   0.0000000   0.0000000   0.0000000   0.0000000   0.0000000   0.0000000   0.0000000   
0.0000000   0.0000000   0.0000000   0.0000000   0.0000000   0.0000000   0.0000000   0.0000000   0.0000000   0.0000000   
0.0000000   0.0000000   0.0000000   0.0000000   0.0000000   0.0000000   0.0000000   0.0000000   0.0000000   0.0000000   
0.0000000   0.0000000   0.0000000   0.0000000   0.0000000   0.0000000   0.0000000   0.0000000   0.0000000   0.0000000   
0.0000000   0.0000000   0.0000000   0.0000000   0.0000000   0.0000000   0.0000000   0.0000000   0.0000000   0.0000000   
0.0000000   0.0000000   0.0000000   0.0000000   0.0000000   0.0000000   0.0000000   0.0000000   0.0000000   0.0000000   
