0.0000000   -0.00022893493  0.00010003977  6.9370762e-05  3.9719758e-05  -2.0299593e-05  0.00022893493  0.0000000   0.00018760137  8.7057529e-05  
1.5449079e-05  4.9665248e-05  -0.00010003977  -0.00018760137  0.0000000   1.1294912e-05  4.3734843e-05  -0.00011046675  -6.9370762e-05  -8.7057529e-05  
-1.1294912e-05  0.0000000   5.8154419e-05  -0.00024890103  -3.9719758e-05  -1.5449079e-05  -4.3734843e-05  -5.8154419e-05  0.0000000   0.0010919596  
2.0299593e-05  -4.9665248e-05  0.00011046675  0.00024890103  -0.0010919596  0.0000000   -7.9890415e-321  0.0000000   0.0000000   0.0000000   
0.0000000   0.0000000   0.0000000   0.0000000   0.0000000   0.0000000   0.0000000   0.0000000   0.0000000   0.0000000   
0.0000000   0.0000000   0.0000000   0.0000000   0.0000000   0.0000000   0.0000000   0.0000000   0.0000000   0.0000000   
0.0000000   0.0000000   0.0000000   0.0000000   0.0000000   0.0000000   0.0000000   0.0000000   0.0000000   0.0000000   
0.0000000   0.0000000   0.0000000   0.0000000   0.0000000   0.0000000   0.0000000   0.0000000   0.0000000   0.0000000   
0.0000000   0.0000000   0.0000000   0.0000000   0.0000000   0.0000000   0.0000000   0.0000000   0.0000000   0.0000000   
0.0000000   0.0000000   0.0000000   0.0000000   0.0000000   0.0000000   0.0000000   0.0000000   0.0000000   0.0000000   
