0.0000000   0.0018662958  0.00022119478  -2.8267528e-05  1.8701643e-05  -1.5705033e-05  -0.0018662958  0.0000000   -0.00020714286  -0.00026673097  
2.8647466e-05  2.9238839e-05  -0.00022119478  0.00020714286  0.0000000   2.0491030e-05  0.00022272125  -3.0349161e-05  2.8267528e-05  0.00026673097  
-2.0491030e-05  0.0000000   0.00023226746  0.00023969335  -1.8701643e-05  -2.8647466e-05  -0.00022272125  -0.00023226746  0.0000000   0.0018125354  
1.5705033e-05  -2.9238839e-05  3.0349161e-05  -0.00023969335  -0.0018125354  0.0000000   -7.9890415e-321  0.0000000   0.0000000   0.0000000   
0.0000000   0.0000000   0.0000000   0.0000000   0.0000000   0.0000000   0.0000000   0.0000000   0.0000000   0.0000000   
0.0000000   0.0000000   0.0000000   0.0000000   0.0000000   0.0000000   0.0000000   0.0000000   0.0000000   0.0000000   
0.0000000   0.0000000   0.0000000   0.0000000   0.0000000   0.0000000   0.0000000   0.0000000   0.0000000   0.0000000   
0.0000000   0.0000000   0.0000000   0.0000000   0.0000000   0.0000000   0.0000000   0.0000000   0.0000000   0.0000000   
0.0000000   0.0000000   0.0000000   0.0000000   0.0000000   0.0000000   0.0000000   0.0000000   0.0000000   0.0000000   
0.0000000   0.0000000   0.0000000   0.0000000   0.0000000   0.0000000   0.0000000   0.0000000   0.0000000   0.0000000   
