0.0000000   -3.1349835e-05  -1.6627742e-05  2.2588052e-05  -1.7609425e-06  2.6264995e-05  -7.0974760e-05  2.5180254e-06  8.5569960e-05  -1.6577275e-05  
3.1349835e-05  0.0000000   -0.00014202113  1.6500174e-05  2.6658981e-05  -4.1457263e-05  -1.9286035e-06  0.00020514918  -3.0250461e-06  7.3075205e-06  
1.6627742e-05  0.00014202113  0.0000000   0.00039559565  0.0013172268  2.9957883e-05  3.9191879e-05  0.0012253223  -6.5357571e-06  -6.2991793e-07  
-2.2588052e-05  -1.6500174e-05  -0.00039559565  0.0000000   0.00027786921  6.2983672e-06  0.00020135339  0.00017757861  8.4863605e-06  3.2005413e-05  
1.7609425e-06  -2.6658981e-05  -0.0013172268  -0.00027786921  0.0000000   3.2932572e-05  0.00049035076  0.0015542162  0.00038207457  -1.6681545e-06  
-2.6264995e-05  4.1457263e-05  -2.9957883e-05  -6.2983672e-06  -3.2932572e-05  0.0000000   2.4838631e-05  -0.00038570777  -0.00015901275  2.3027899e-05  
7.0974760e-05  1.9286035e-06  -3.9191879e-05  -0.00020135339  -0.00049035076  -2.4838631e-05  0.0000000   3.4102708e-05  0.00015371597  -0.00020142877  
-2.5180254e-06  -0.00020514918  -0.0012253223  -0.00017757861  -0.0015542162  0.00038570777  -3.4102708e-05  0.0000000   -4.0844604e-05  -2.3072597e-06  
-8.5569960e-05  3.0250461e-06  6.5357571e-06  -8.4863605e-06  -0.00038207457  0.00015901275  -0.00015371597  4.0844604e-05  0.0000000   -0.00065554897  
1.6577275e-05  -7.3075205e-06  6.2991793e-07  -3.2005413e-05  1.6681545e-06  -2.3027899e-05  0.00020142877  2.3072597e-06  0.00065554897  0.0000000   
