0.0000000   2.0198065e-05  6.2404979e-05  -1.2222867e-06  -5.4855759e-06  -1.4349294e-05  0.00019382505  2.6237224e-05  0.00018367196  5.2816549e-05  
-2.0198065e-05  0.0000000   0.00030241359  0.00041509545  -0.00026296587  0.00037650633  3.4519629e-05  -2.1974878e-05  2.2181391e-05  1.7676555e-05  
-6.2404979e-05  -0.00030241359  0.0000000   0.0032475611  -3.6139357e-05  -0.00029585192  0.00070979624  -0.0021991282  3.7053415e-05  -9.2230738e-05  
1.2222867e-06  -0.00041509545  -0.0032475611  0.0000000   -0.00072193947  0.00018858974  -0.00051902522  0.00084246450  9.7425777e-05  -0.00038955852  
5.4855759e-06  0.00026296587  3.6139357e-05  0.00072193947  0.0000000   -0.00058238856  0.00047423275  -0.0014319816  -0.00030700234  -8.2218486e-05  
1.4349294e-05  -0.00037650633  0.00029585192  -0.00018858974  0.00058238856  0.0000000   1.0802969e-05  -0.00023153127  0.00050241107  -0.00027861913  
-0.00019382505  -3.4519629e-05  -0.00070979624  0.00051902522  -0.00047423275  -1.0802969e-05  0.0000000   -0.0012064888  0.00024697169  0.00091761649  
-2.6237224e-05  2.1974878e-05  0.0021991282  -0.00084246450  0.0014319816  0.00023153127  0.0012064888  0.0000000   -0.00076878019  -1.4098311e-05  
-0.00018367196  -2.2181391e-05  -3.7053415e-05  -9.7425777e-05  0.00030700234  -0.00050241107  -0.00024697169  0.00076878019  0.0000000   -0.0011781940  
-5.2816549e-05  -1.7676555e-05  9.2230738e-05  0.00038955852  8.2218486e-05  0.00027861913  -0.00091761649  1.4098311e-05  0.0011781940  0.0000000   
