0.0000000   0.0000000   0.0000000   0.0000000   0.0000000   0.0000000   0.0000000   0.0000000   0.0000000   0.0000000   
0.0000000   3.1416000   0.0000000   0.0000000   0.0000000   0.0000000   0.0000000   0.0000000   0.0000000   0.0000000   
0.0000000   0.0000000   3.4032700   0.0000000   0.0000000   0.0000000   0.0000000   0.0000000   0.0000000   0.0000000   
0.0000000   0.0000000   0.0000000   4.0729800   0.0000000   0.0000000   -2.9248686e-321  0.0000000   0.0000000   0.0000000   
0.0000000   0.0000000   0.0000000   0.0000000   4.4201700   0.0000000   0.0000000   0.0000000   -3.1725000  0.0000000   
0.0000000   0.0000000   0.0000000   0.0000000   0.0000000   4.5232000   0.0000000   0.0000000   0.0000000   -3.8120000  
0.0000000   0.0000000   0.0000000   0.0000000   0.0000000   0.0000000   4.9786400   0.0000000   0.0000000   0.0000000   
-4.1420000  0.0000000   0.0000000   0.0000000   0.0000000   0.0000000   0.0000000   5.4686900   0.0000000   0.0000000   
0.0000000   -3.9860000  0.0000000   0.0000000   0.0000000   0.0000000   0.0000000   0.0000000   5.9893500   0.0000000   
0.0000000   0.0000000   -5.4340000  0.0000000   0.0000000   0.0000000   0.0000000   0.0000000   0.0000000   6.0042300   
