0.0000000   7.3672503e-06  -7.6695235e-05  -3.4066630e-05  6.8162423e-05  -9.9927577e-06  0.00012567012  -2.4646388e-05  0.00014838891  -1.3232526e-05  
-7.3672503e-06  0.0000000   0.00019634967  -7.4010012e-05  0.00026618386  5.7864301e-08  1.2300784e-07  6.4812266e-06  -1.0314153e-07  4.3754760e-08  
7.6695235e-05  -0.00019634967  0.0000000   0.0032829007  6.2776317e-08  0.00026369886  1.0359464e-07  9.4921634e-08  6.4422303e-06  -1.9071411e-06  
3.4066630e-05  7.4010012e-05  -0.0032829007  0.0000000   1.0795433e-07  -2.2620442e-08  0.00026366930  -4.4992304e-08  1.9008371e-06  6.4294045e-06  
-6.8162423e-05  -0.00026618386  -6.2776317e-08  -1.0795433e-07  0.0000000   0.00019557679  -7.3715462e-05  -0.0021520662  -4.2080451e-07  -9.5806196e-07  
9.9927577e-06  -5.7864301e-08  -0.00026369886  2.2620442e-08  -0.00019557679  0.0000000   0.0032697287  -4.5999815e-07  -0.0021321380  7.6960108e-08  
-0.00012567012  -1.2300784e-07  -1.0359464e-07  -0.00026366930  7.3715462e-05  -0.0032697287  0.0000000   -9.0346659e-07  -5.3992844e-07  -0.0021319343  
2.4646388e-05  -6.4812266e-06  -9.4921634e-08  4.4992304e-08  0.0021520662  4.5999815e-07  9.0346659e-07  0.0000000   0.00019556488  -7.3715198e-05  
-0.00014838891  1.0314153e-07  -6.4422303e-06  -1.9008371e-06  4.2080451e-07  0.0021321380  5.3992844e-07  -0.00019556488  0.0000000   0.0032702302  
1.3232526e-05  -4.3754760e-08  1.9071411e-06  -6.4294045e-06  9.5806196e-07  -7.6960108e-08  0.0021319343  7.3715198e-05  -0.0032702302  0.0000000   
