0.0000000   8.3541172e-05  0.00037701724  1.5279082e-05  3.1228544e-05  -3.4361212e-05  -8.3541172e-05  0.0000000   0.00010457592  -3.0504031e-06  
7.2623078e-06  8.8183914e-07  -0.00037701724  -0.00010457592  0.0000000   -5.8302737e-05  -1.4220704e-05  -4.0446356e-05  -1.5279082e-05  3.0504031e-06  
5.8302737e-05  0.0000000   -3.7170137e-05  -0.00038011495  -3.1228544e-05  -7.2623078e-06  1.4220704e-05  3.7170137e-05  0.0000000   0.00045133837  
3.4361212e-05  -8.8183914e-07  4.0446356e-05  0.00038011495  -0.00045133837  0.0000000   -7.9890415e-321  0.0000000   0.0000000   0.0000000   
0.0000000   0.0000000   0.0000000   0.0000000   0.0000000   0.0000000   0.0000000   0.0000000   0.0000000   0.0000000   
0.0000000   0.0000000   0.0000000   0.0000000   0.0000000   0.0000000   0.0000000   0.0000000   0.0000000   0.0000000   
0.0000000   0.0000000   0.0000000   0.0000000   0.0000000   0.0000000   0.0000000   0.0000000   0.0000000   0.0000000   
0.0000000   0.0000000   0.0000000   0.0000000   0.0000000   0.0000000   0.0000000   0.0000000   0.0000000   0.0000000   
0.0000000   0.0000000   0.0000000   0.0000000   0.0000000   0.0000000   0.0000000   0.0000000   0.0000000   0.0000000   
0.0000000   0.0000000   0.0000000   0.0000000   0.0000000   0.0000000   0.0000000   0.0000000   0.0000000   0.0000000   
