0.0000000   1.2615783e-05  0.00036760458  0.00014363305  0.00032899018  -3.3033229e-06  -0.00010173005  -0.00013560557  -0.00010091100  7.8393344e-06  
-1.2615783e-05  0.0000000   -0.00064631630  -0.00017129377  0.00073287789  1.9738790e-07  -1.9056618e-07  -0.00019826365  2.7720340e-07  1.3951773e-07  
-0.00036760458  0.00064631630  0.0000000   0.00078814130  1.2426854e-07  0.00073263487  -1.4011418e-07  -2.9611593e-07  -0.00019820533  -2.8278095e-07  
-0.00014363305  0.00017129377  -0.00078814130  0.0000000   -8.6517347e-08  -7.2930412e-08  0.00073266457  -6.1151654e-08  3.5186085e-07  -0.00019820508  
-0.00032899018  -0.00073287789  -1.2426854e-07  8.6517347e-08  0.0000000   -0.00064606623  -0.00017120836  -0.00049199003  -8.5813208e-08  2.0301500e-07  
3.3033229e-06  -1.9738790e-07  -0.00073263487  7.2930412e-08  0.00064606623  0.0000000   0.00078803878  -1.4052654e-07  -0.00049185975  4.8149266e-08  
0.00010173005  1.9056618e-07  1.4011418e-07  -0.00073266457  0.00017120836  -0.00078803878  0.0000000   1.2997719e-07  7.3044280e-08  -0.00049188567  
0.00013560557  0.00019826365  2.9611593e-07  6.1151654e-08  0.00049199003  1.4052654e-07  -1.2997719e-07  0.0000000   -0.00064639725  -0.00017132305  
0.00010091100  -2.7720340e-07  0.00019820533  -3.5186085e-07  8.5813208e-08  0.00049185975  -7.3044280e-08  0.00064639725  0.0000000   0.00078849581  
-7.8393344e-06  -1.3951773e-07  2.8278095e-07  0.00019820508  -2.0301500e-07  -4.8149266e-08  0.00049188567  0.00017132305  -0.00078849581  0.0000000   
