0.0000000   0.0000000   0.0000000   0.0000000   0.0000000   0.0000000   0.0000000   0.0000000   0.0000000   0.0000000   
0.0000000   3.0342200   0.0000000   0.0000000   0.0000000   0.0000000   0.0000000   0.0000000   0.0000000   0.0000000   
0.0000000   0.0000000   3.2721800   0.0000000   0.0000000   0.0000000   0.0000000   0.0000000   0.0000000   0.0000000   
0.0000000   0.0000000   0.0000000   4.0560600   0.0000000   0.0000000   -2.9248686e-321  -4.6450263e-310  0.0000000   0.0000000   
0.0000000   0.0000000   0.0000000   0.0000000   4.4083300   0.0000000   0.0000000   0.0000000   0.0000000   0.0000000   
0.0000000   0.0000000   0.0000000   0.0000000   0.0000000   4.4752300   0.0000000   0.0000000   0.0000000   0.0000000   
0.0000000   0.0000000   0.0000000   0.0000000   0.0000000   0.0000000   4.9452000   0.0000000   0.0000000   0.0000000   
0.0000000   0.0000000   0.0000000   -2.9248686e-321  -4.6450264e-310  0.0000000   0.0000000   5.3968300   0.0000000   0.0000000   
0.0000000   -1.0000000  0.0000000   0.0000000   0.0000000   0.0000000   0.0000000   0.0000000   5.0192500   0.0000000   
0.0000000   0.0000000   0.0000000   0.0000000   0.0000000   -1.0000000  0.0000000   0.0000000   0.0000000   6.0474500   
