0.0000000   -3.5056726e-05  0.00034583271  -1.5878370e-05  5.1644675e-05  3.4718105e-05  -4.1723021e-06  -2.9379099e-05  -5.4231274e-06  7.9923406e-06  
3.5056726e-05  0.0000000   0.00018717122  0.00029164019  -5.6359505e-06  0.00039543759  4.5582351e-06  -6.1922006e-05  -4.6666211e-06  4.2365851e-05  
-0.00034583271  -0.00018717122  0.0000000   0.00013100060  -0.00017586476  -1.4198278e-05  -0.00015735695  -3.8951894e-05  4.3200647e-05  -3.8020573e-05  
1.5878370e-05  -0.00029164019  -0.00013100060  0.0000000   2.4470192e-05  -0.00028538630  0.00043802077  -4.8334804e-05  3.9968177e-05  -0.00024646987  
-5.1644675e-05  5.6359505e-06  0.00017586476  -2.4470192e-05  0.0000000   0.00036553403  -0.00095311993  -8.5697073e-05  6.5823310e-05  -8.2677530e-05  
-3.4718105e-05  -0.00039543759  1.4198278e-05  0.00028538630  -0.00036553403  0.0000000   -0.00026953360  7.6616073e-05  -0.00020801151  3.6777793e-05  
4.1723021e-06  -4.5582351e-06  0.00015735695  -0.00043802077  0.00095311993  0.00026953360  0.0000000   2.2432491e-05  -1.0728872e-05  2.2374433e-05  
2.9379099e-05  6.1922006e-05  3.8951894e-05  4.8334804e-05  8.5697073e-05  -7.6616073e-05  -2.2432491e-05  0.0000000   0.00081323015  -0.00021233504  
5.4231274e-06  4.6666211e-06  -4.3200647e-05  -3.9968177e-05  -6.5823310e-05  0.00020801151  1.0728872e-05  -0.00081323015  0.0000000   -0.0021544444  
-7.9923406e-06  -4.2365851e-05  3.8020573e-05  0.00024646987  8.2677530e-05  -3.6777793e-05  -2.2374433e-05  0.00021233504  0.0021544444  0.0000000   
