0.0000000   0.0014911391  0.00013164575  5.7659341e-05  1.4212640e-05  -8.1955901e-05  -0.0014911391  0.0000000   0.00030893778  -1.8369903e-06  
8.2679889e-05  -1.6061514e-05  -0.00013164575  -0.00030893778  0.0000000   -1.9687541e-05  2.5690366e-05  5.3925338e-06  -5.7659341e-05  1.8369903e-06  
1.9687541e-05  0.0000000   0.00012423773  0.00019430848  -1.4212640e-05  -8.2679889e-05  -2.5690366e-05  -0.00012423773  0.0000000   -0.0027659147  
8.1955901e-05  1.6061514e-05  -5.3925338e-06  -0.00019430848  0.0027659147  0.0000000   -7.9890415e-321  0.0000000   0.0000000   0.0000000   
0.0000000   0.0000000   0.0000000   0.0000000   0.0000000   0.0000000   0.0000000   0.0000000   0.0000000   0.0000000   
0.0000000   0.0000000   0.0000000   0.0000000   0.0000000   0.0000000   0.0000000   0.0000000   0.0000000   0.0000000   
0.0000000   0.0000000   0.0000000   0.0000000   0.0000000   0.0000000   0.0000000   0.0000000   0.0000000   0.0000000   
0.0000000   0.0000000   0.0000000   0.0000000   0.0000000   0.0000000   0.0000000   0.0000000   0.0000000   0.0000000   
0.0000000   0.0000000   0.0000000   0.0000000   0.0000000   0.0000000   0.0000000   0.0000000   0.0000000   0.0000000   
0.0000000   0.0000000   0.0000000   0.0000000   0.0000000   0.0000000   0.0000000   0.0000000   0.0000000   0.0000000   
