0.0000000   -1.4117075e-05  -1.2181591e-05  8.4298564e-05  -2.4425017e-05  -9.1722929e-05  -2.8673642e-05  -2.4837199e-05  2.7694431e-05  -2.0250212e-05  
1.4117075e-05  0.0000000   0.00055096790  -9.8175279e-05  3.2130805e-05  -6.3320683e-05  -2.5403102e-05  0.00053072965  -2.8899653e-05  2.1394886e-05  
1.2181591e-05  -0.00055096790  0.0000000   0.0079592842  0.0015061381  -1.5822434e-05  0.00022791513  -3.8757321e-05  -0.00011679711  -4.5083713e-05  
-8.4298564e-05  9.8175279e-05  -0.0079592842  0.0000000   0.0010001029  -1.6026533e-05  -0.00025778161  0.00020417144  0.00011837986  -2.7156841e-05  
2.4425017e-05  -3.2130805e-05  -0.0015061381  -0.0010001029  0.0000000   -4.1540265e-05  -0.0066154538  -0.00016237337  0.0013989900  0.00049915762  
9.1722929e-05  6.3320683e-05  1.5822434e-05  1.6026533e-05  4.1540265e-05  0.0000000   0.0010819864  -0.0016303642  -0.00047594967  0.0021030181  
2.8673642e-05  2.5403102e-05  -0.00022791513  0.00025778161  0.0066154538  -0.0010819864  0.0000000   -0.00017772996  0.012541067  -0.0093549915  
2.4837199e-05  -0.00053072965  3.8757321e-05  -0.00020417144  0.00016237337  0.0016303642  0.00017772996  0.0000000   -8.9593001e-06  -1.8822316e-05  
-2.7694431e-05  2.8899653e-05  0.00011679711  -0.00011837986  -0.0013989900  0.00047594967  -0.012541067  8.9593001e-06  0.0000000   -0.0037695458  
2.0250212e-05  -2.1394886e-05  4.5083713e-05  2.7156841e-05  -0.00049915762  -0.0021030181  0.0093549915  1.8822316e-05  0.0037695458  0.0000000   
