0.0000000   7.0243492e-06  0.00026977976  -1.6414102e-05  0.00026000328  -9.1342962e-06  -9.3664978e-06  3.5041947e-05  -1.2167756e-05  -1.9528389e-06  
-7.0243492e-06  0.0000000   -0.00021148216  -0.00033971851  0.00027075274  6.2541454e-07  -6.7031440e-08  -0.00025568354  -2.8933924e-07  5.4752790e-07  
-0.00026977976  0.00021148216  0.0000000   0.0059456934  2.9377096e-07  0.00026244807  -4.5417096e-06  -3.8550446e-07  -0.00024782814  -4.1034205e-06  
1.6414102e-05  0.00033971851  -0.0059456934  0.0000000   -2.2495319e-07  4.5175467e-06  0.00026223487  1.1080971e-07  4.1504904e-06  -0.00024765401  
-0.00026000328  -0.00027075274  -2.9377096e-07  2.2495319e-07  0.0000000   -0.00020945805  -0.00033644002  -0.0033331178  -5.7028115e-06  4.0487890e-06  
9.1342962e-06  -6.2541454e-07  -0.00026244807  -4.5175467e-06  0.00020945805  0.0000000   0.0058893310  -5.7016183e-06  -0.0032309969  5.0225842e-07  
9.3664978e-06  6.7031440e-08  4.5417096e-06  -0.00026223487  0.00033644002  -0.0058893310  0.0000000   4.0423091e-06  1.6393217e-09  -0.0032285198  
-3.5041947e-05  0.00025568354  3.8550446e-07  -1.1080971e-07  0.0033331178  5.7016183e-06  -4.0423091e-06  0.0000000   -0.00020951567  -0.00033657590  
1.2167756e-05  2.8933924e-07  0.00024782814  -4.1504904e-06  5.7028115e-06  0.0032309969  -1.6393217e-09  0.00020951567  0.0000000   0.0058913134  
1.9528389e-06  -5.4752790e-07  4.1034205e-06  0.00024765401  -4.0487890e-06  -5.0225842e-07  0.0032285198  0.00033657590  -0.0058913134  0.0000000   
