0.0000000   2.1516192e-05  -2.8038462e-07  -1.4873527e-05  -0.00015541795  4.4000925e-06  7.9028426e-06  -0.00022298055  -2.0644006e-05  -1.0410943e-05  
-2.1516192e-05  0.0000000   -4.3338250e-05  -0.00029349940  0.00020355096  -0.00098065261  -0.00033538707  -0.00039200384  1.2652278e-05  8.9572269e-05  
2.8038462e-07  4.3338250e-05  0.0000000   5.6755691e-06  8.5484652e-06  -2.4997252e-05  -0.00038776453  2.3552168e-06  0.00045986312  0.00046907665  
1.4873527e-05  0.00029349940  -5.6755691e-06  0.0000000   0.00063604261  -0.00035871891  -0.00019967497  0.00012601518  0.00036543470  8.4693152e-05  
0.00015541795  -0.00020355096  -8.5484652e-06  -0.00063604261  0.0000000   0.00013018649  0.00076396298  -5.3540136e-05  1.2636266e-05  5.3663235e-06  
-4.4000925e-06  0.00098065261  2.4997252e-05  0.00035871891  -0.00013018649  0.0000000   -0.00014532847  -5.3159306e-05  -0.0016810402  0.017025935  
-7.9028426e-06  0.00033538707  0.00038776453  0.00019967497  -0.00076396298  0.00014532847  0.0000000   0.00018007838  0.023372710  0.0046938888  
0.00022298055  0.00039200384  -2.3552168e-06  -0.00012601518  5.3540136e-05  5.3159306e-05  -0.00018007838  0.0000000   0.00037634371  3.6467375e-05  
2.0644006e-05  -1.2652278e-05  -0.00045986312  -0.00036543470  -1.2636266e-05  0.0016810402  -0.023372710  -0.00037634371  0.0000000   -0.00018235337  
1.0410943e-05  -8.9572269e-05  -0.00046907665  -8.4693152e-05  -5.3663235e-06  -0.017025935  -0.0046938888  -3.6467375e-05  0.00018235337  0.0000000   
