0.0000000   -1.1392562e-05  0.00019014133  0.00013769046  0.00020802920  -4.0116746e-05  0.00011758473  -5.4108626e-05  0.00014181622  2.2689061e-05  
1.1392562e-05  0.0000000   0.00018862507  -4.7649620e-07  -0.00017650136  3.4368124e-10  5.5477835e-08  -2.9061737e-06  1.2449120e-08  -1.3111147e-09  
-0.00019014133  -0.00018862507  0.0000000   -0.0012865663  9.6494625e-09  -0.00017627040  -1.4453816e-08  -1.8231394e-08  -2.8795827e-06  -5.2226083e-08  
-0.00013769046  4.7649620e-07  0.0012865663  0.0000000   1.8775713e-09  -1.1031931e-08  -0.00017625776  1.3445007e-08  6.3974489e-08  -2.8808470e-06  
-0.00020802920  0.00017650136  -9.6494625e-09  -1.8775713e-09  0.0000000   0.00018859493  -4.8131372e-07  0.00019138016  1.4671357e-08  -1.9421587e-08  
4.0116746e-05  -3.4368124e-10  0.00017627040  1.1031931e-08  -0.00018859493  0.0000000   -0.0012865856  -1.7512689e-09  0.00019111789  2.3496463e-08  
-0.00011758473  -5.5477835e-08  1.4453816e-08  0.00017625776  4.8131372e-07  0.0012865856  0.0000000   -6.2711631e-08  5.3751881e-09  0.00019110335  
5.4108626e-05  2.9061737e-06  1.8231394e-08  -1.3445007e-08  -0.00019138016  1.7512689e-09  6.2711631e-08  0.0000000   0.00018864130  -4.8397835e-07  
-0.00014181622  -1.2449120e-08  2.8795827e-06  -6.3974489e-08  -1.4671357e-08  -0.00019111789  -5.3751881e-09  -0.00018864130  0.0000000   -0.0012867317  
-2.2689061e-05  1.3111147e-09  5.2226083e-08  2.8808470e-06  1.9421587e-08  -2.3496463e-08  -0.00019110335  4.8397835e-07  0.0012867317  0.0000000   
