0.0000000   -6.6066398e-06  -7.8298673e-05  -4.2938326e-05  5.3129240e-05  -3.4617298e-05  8.6680764e-05  -7.1468238e-05  -8.8119596e-05  2.0889470e-05  
6.6066398e-06  0.0000000   0.00093496733  -0.00064172333  2.5430076e-05  -0.00075027693  -0.00074148812  0.00015868169  -0.00031965523  0.00020722711  
7.8298673e-05  -0.00093496733  0.0000000   0.017153978  -0.0088768570  -0.0015681827  0.00032049714  0.0035567847  0.0010909632  -0.0020023904  
4.2938326e-05  0.00064172333  -0.017153978  0.0000000   -0.0074152532  0.00081850003  -0.0011840133  -0.0035812066  -0.0021001118  0.00080432419  
-5.3129240e-05  -2.5430076e-05  0.0088768570  0.0074152532  0.0000000   0.0013057324  -0.0024527836  0.012033996  -0.0028474015  0.0018579730  
3.4617298e-05  0.00075027693  0.0015681827  -0.00081850003  -0.0013057324  0.0000000   -0.0073924460  -0.0054320659  0.0067186587  -0.0015437048  
-8.6680764e-05  0.00074148812  -0.00032049714  0.0011840133  0.0024527836  0.0073924460  0.0000000   -0.0054145086  -0.00081482321  -0.0099809228  
7.1468238e-05  -0.00015868169  -0.0035567847  0.0035812066  -0.012033996  0.0054320659  0.0054145086  0.0000000   0.0043086126  0.0030232571  
8.8119596e-05  0.00031965523  -0.0010909632  0.0021001118  0.0028474015  -0.0067186587  0.00081482321  -0.0043086126  0.0000000   0.017482804  
-2.0889470e-05  -0.00020722711  0.0020023904  -0.00080432419  -0.0018579730  0.0015437048  0.0099809228  -0.0030232571  -0.017482804  0.0000000   
