0.0000000   1.0707678e-05  0.00032090615  -0.00016740402  -0.00033763419  -2.5802606e-05  -0.00022325273  -0.00013753156  -0.00027520600  2.6557062e-05  
-1.0707678e-05  0.0000000   -0.00036348397  -0.00077769304  -8.9772700e-05  -8.1696122e-07  -1.1896317e-06  0.00067809877  1.5611296e-06  -8.3486921e-07  
-0.00032090615  0.00036348397  0.0000000   0.0036004650  3.3387153e-07  -8.8903095e-05  5.7826400e-06  1.2515734e-06  0.00067053518  1.6672809e-07  
0.00016740402  0.00077769304  -0.0036004650  0.0000000   1.0344742e-06  -5.9713014e-06  -8.8890850e-05  -7.0472773e-07  -7.0531985e-07  0.00067028158  
0.00033763419  8.9772700e-05  -3.3387153e-07  -1.0344742e-06  0.0000000   -0.00036150610  -0.00077345976  -0.0025902731  -5.9206218e-06  2.7602104e-06  
2.5802606e-05  8.1696122e-07  8.8903095e-05  5.9713014e-06  0.00036150610  0.0000000   0.0035822751  -5.9822026e-06  -0.0025624990  1.2879169e-06  
0.00022325273  1.1896317e-06  -5.7826400e-06  8.8890850e-05  0.00077345976  -0.0035822751  0.0000000   3.2147948e-06  2.7536354e-07  -0.0025609244  
0.00013753156  -0.00067809877  -1.2515734e-06  7.0472773e-07  0.0025902731  5.9822026e-06  -3.2147948e-06  0.0000000   -0.00036161572  -0.00077329564  
0.00027520600  -1.5611296e-06  -0.00067053518  7.0531985e-07  5.9206218e-06  0.0025624990  -2.7536354e-07  0.00036161572  0.0000000   0.0035802988  
-2.6557062e-05  8.3486921e-07  -1.6672809e-07  -0.00067028158  -2.7602104e-06  -1.2879169e-06  0.0025609244  0.00077329564  -0.0035802988  0.0000000   
