0.0000000   0.0000000   0.0000000   0.0000000   0.0000000   0.0000000   0.0000000   0.0000000   0.0000000   0.0000000   
0.0000000   3.0823100   0.0000000   0.0000000   0.0000000   0.0000000   0.0000000   0.0000000   0.0000000   0.0000000   
0.0000000   0.0000000   3.2647300   0.0000000   0.0000000   0.0000000   0.0000000   0.0000000   0.0000000   0.0000000   
0.0000000   0.0000000   0.0000000   4.0678200   0.0000000   0.0000000   0.0000000   0.0000000   0.0000000   0.0000000   
0.0000000   0.0000000   0.0000000   0.0000000   4.4083700   0.0000000   0.0000000   0.0000000   0.0000000   0.0000000   
0.0000000   0.0000000   0.0000000   0.0000000   0.0000000   4.4634500   0.0000000   0.0000000   0.0000000   0.0000000   
0.0000000   0.0000000   0.0000000   0.0000000   0.0000000   0.0000000   4.8754400   0.0000000   0.0000000   0.0000000   
0.0000000   0.0000000   0.0000000   0.0000000   0.0000000   0.0000000   0.0000000   5.3034900   0.0000000   0.0000000   
0.0000000   0.0000000   0.0000000   0.0000000   0.0000000   0.0000000   0.0000000   0.0000000   5.9185800   0.0000000   
0.0000000   0.0000000   0.0000000   0.0000000   0.0000000   0.0000000   0.0000000   0.0000000   0.0000000   6.0318500   
