0.0000000   1.7072406e-05  8.1778559e-05  5.9824489e-05  2.9466815e-05  -2.2129709e-07  3.2010700e-06  4.0889708e-05  1.5611220e-05  4.5914650e-05  
-1.7072406e-05  0.0000000   -0.00020605501  -0.00063440731  0.00046989786  -8.3892521e-06  -0.00010572136  0.00017655636  -0.00066332471  0.0033605072  
-8.1778559e-05  0.00020605501  0.0000000   -0.00023121937  -0.00073906625  -0.00070547390  -0.00096985793  0.0097908027  0.00082774717  0.0010342521  
-5.9824489e-05  0.00063440731  0.00023121937  0.0000000   -0.00077245076  -0.00096004089  0.0017291136  0.0080400018  0.0016824403  0.00049127873  
-2.9466815e-05  -0.00046989786  0.00073906625  0.00077245076  0.0000000   0.0010694818  -0.0026475408  0.0031010464  -0.00092281720  0.0013104824  
2.2129709e-07  8.3892521e-06  0.00070547390  0.00096004089  -0.0010694818  0.0000000   -0.00048606869  -0.00028974721  -0.010270908  0.0077689194  
-3.2010700e-06  0.00010572136  0.00096985793  -0.0017291136  0.0026475408  0.00048606869  0.0000000   -0.00050485566  -0.016423664  0.011280294  
-4.0889708e-05  -0.00017655636  -0.0097908027  -0.0080400018  -0.0031010464  0.00028974721  0.00050485566  0.0000000   -0.0024538962  -0.0013049229  
-1.5611220e-05  0.00066332471  -0.00082774717  -0.0016824403  0.00092281720  0.010270908  0.016423664  0.0024538962  0.0000000   0.0020872080  
-4.5914650e-05  -0.0033605072  -0.0010342521  -0.00049127873  -0.0013104824  -0.0077689194  -0.011280294  0.0013049229  -0.0020872080  0.0000000   
