0.0000000   0.0000000   0.0000000   0.0000000   0.0000000   0.0000000   0.0000000   0.0000000   0.0000000   0.0000000   
0.0000000   3.1264700   0.0000000   0.0000000   0.0000000   0.0000000   0.0000000   0.0000000   0.0000000   0.0000000   
0.0000000   0.0000000   3.3366900   0.0000000   0.0000000   0.0000000   0.0000000   0.0000000   0.0000000   0.0000000   
0.0000000   0.0000000   0.0000000   4.1574900   0.0000000   0.0000000   -2.9248686e-321  -4.6450263e-310  0.0000000   0.0000000   
0.0000000   0.0000000   0.0000000   0.0000000   4.5044300   0.0000000   0.0000000   0.0000000   0.0000000   0.0000000   
0.0000000   0.0000000   0.0000000   0.0000000   0.0000000   4.5634700   0.0000000   0.0000000   0.0000000   0.0000000   
0.0000000   0.0000000   0.0000000   0.0000000   0.0000000   0.0000000   4.9819500   0.0000000   0.0000000   0.0000000   
0.0000000   0.0000000   0.0000000   -2.9248686e-321  -4.6450264e-310  0.0000000   0.0000000   5.4014600   0.0000000   0.0000000   
0.0000000   -1.0000000  0.0000000   0.0000000   0.0000000   0.0000000   0.0000000   0.0000000   5.0714100   0.0000000   
0.0000000   0.0000000   0.0000000   0.0000000   0.0000000   -1.0000000  0.0000000   0.0000000   0.0000000   6.1372800   
