0.0000000   1.2940447e-05  -0.00038521395  4.3405848e-06  1.3644277e-05  -7.4387003e-05  0.00014887350  0.00043212262  0.00013882281  1.4726844e-05  
-1.2940447e-05  0.0000000   0.00018043974  -0.00014003750  1.1376593e-05  -1.2011332e-05  1.1659952e-05  0.00027289170  8.9290709e-07  -5.9267649e-06  
0.00038521395  -0.00018043974  0.0000000   -0.0024537705  0.00088876574  9.4771983e-05  0.00012561415  0.0015824337  -7.2125229e-05  -2.0865200e-06  
-4.3405848e-06  0.00014003750  0.0024537705  0.0000000   0.00028399482  -1.8250070e-05  0.00025787320  -6.5924787e-05  1.6761096e-05  1.4159568e-05  
-1.3644277e-05  -1.1376593e-05  -0.00088876574  -0.00028399482  0.0000000   8.0714071e-05  0.0021463616  0.0017698102  -0.0014856996  2.0780435e-05  
7.4387003e-05  1.2011332e-05  -9.4771983e-05  1.8250070e-05  -8.0714071e-05  0.0000000   -6.0553348e-05  -0.0015688427  0.00020736478  0.00019973043  
-0.00014887350  -1.1659952e-05  -0.00012561415  -0.00025787320  -0.0021463616  6.0553348e-05  0.0000000   0.00021418464  0.00014253960  -0.0014471673  
-0.00043212262  -0.00027289170  -0.0015824337  6.5924787e-05  -0.0017698102  0.0015688427  -0.00021418464  0.0000000   0.00011223315  2.0022824e-05  
-0.00013882281  -8.9290709e-07  7.2125229e-05  -1.6761096e-05  0.0014856996  -0.00020736478  -0.00014253960  -0.00011223315  0.0000000   0.0021497835  
-1.4726844e-05  5.9267649e-06  2.0865200e-06  -1.4159568e-05  -2.0780435e-05  -0.00019973043  0.0014471673  -2.0022824e-05  -0.0021497835  0.0000000   
