0.0000000   -1.4020803e-05  6.2481489e-05  -1.6042072e-06  -8.3123341e-05  4.7508490e-05  7.0019043e-05  2.5279803e-05  0.00010216287  -1.6770332e-05  
1.4020803e-05  0.0000000   -5.9691689e-05  0.00038476853  -0.00015790896  -2.5168724e-08  -3.0504371e-08  -0.00040935963  -7.7721228e-08  -1.7120053e-09  
-6.2481489e-05  5.9691689e-05  0.0000000   -0.00047693534  -4.0502920e-08  -0.00015790947  3.4891235e-08  -6.8266504e-08  -0.00040934163  -1.7993038e-08  
1.6042072e-06  -0.00038476853  0.00047693534  0.0000000   2.0844220e-08  -3.1054676e-08  -0.00015786633  -2.4823013e-08  5.6294731e-09  -0.00040923120  
8.3123341e-05  0.00015790896  4.0502920e-08  -2.0844220e-08  0.0000000   -5.9691444e-05  0.00038479792  -0.00016003163  -3.2151019e-08  -1.7535011e-08  
-4.7508490e-05  2.5168724e-08  0.00015790947  3.1054676e-08  5.9691444e-05  0.0000000   -0.00047697056  -3.0018259e-08  -0.00016002627  1.2745197e-08  
-7.0019043e-05  3.0504371e-08  -3.4891235e-08  0.00015786633  -0.00038479792  0.00047697056  0.0000000   3.7487482e-09  -1.0578235e-08  -0.00015998416  
-2.5279803e-05  0.00040935963  6.8266504e-08  2.4823013e-08  0.00016003163  3.0018259e-08  -3.7487482e-09  0.0000000   -5.9692490e-05  0.00038481757  
-0.00010216287  7.7721228e-08  0.00040934163  -5.6294731e-09  3.2151019e-08  0.00016002627  1.0578235e-08  5.9692490e-05  0.0000000   -0.00047699594  
1.6770332e-05  1.7120053e-09  1.7993038e-08  0.00040923120  1.7535011e-08  -1.2745197e-08  0.00015998416  -0.00038481757  0.00047699594  0.0000000   
