0.0000000   -8.7102124e-08  3.2022761e-05  -1.4594326e-05  2.9703696e-06  1.9966024e-05  -0.00016522081  3.3125917e-06  0.00017413621  5.1545706e-06  
8.7102124e-08  0.0000000   3.0812583e-05  -6.6255444e-06  8.9431995e-05  1.9056793e-07  9.7195757e-07  0.00027925205  5.0776515e-07  3.0045289e-06  
-3.2022761e-05  -3.0812583e-05  0.0000000   0.0062764397  8.8323047e-08  -8.6374331e-05  4.7660371e-06  5.6591143e-07  -0.00026964475  -7.8275826e-07  
1.4594326e-05  6.6255444e-06  -0.0062764397  0.0000000   9.9366496e-07  -4.7638988e-06  -8.6375496e-05  2.9880187e-06  8.1203203e-07  -0.00026963176  
-2.9703696e-06  -8.9431995e-05  -8.8323047e-08  -9.9366496e-07  0.0000000   3.0665815e-05  -6.8832909e-06  -0.0026790590  -4.7469703e-06  -2.8813117e-05  
-1.9966024e-05  -1.9056793e-07  8.6374331e-05  4.7638988e-06  -3.0665815e-05  0.0000000   0.0062389042  -5.0354780e-06  0.0025871217  -1.2675548e-07  
0.00016522081  -9.7195757e-07  -4.7660371e-06  8.6375496e-05  6.8832909e-06  -0.0062389042  0.0000000   -2.8998714e-05  -9.2844653e-08  0.0025869445  
-3.3125917e-06  -0.00027925205  -5.6591143e-07  -2.9880187e-06  0.0026790590  5.0354780e-06  2.8998714e-05  0.0000000   3.0440813e-05  -6.5940540e-06  
-0.00017413621  -5.0776515e-07  0.00026964475  -8.1203203e-07  4.7469703e-06  -0.0025871217  9.2844653e-08  -3.0440813e-05  0.0000000   0.0062382806  
-5.1545706e-06  -3.0045289e-06  7.8275826e-07  0.00026963176  2.8813117e-05  1.2675548e-07  -0.0025869445  6.5940540e-06  -0.0062382806  0.0000000   
