0.0000000   1.9948135e-05  0.00035914492  -4.4492515e-05  -0.00033926605  4.0689572e-05  1.2797367e-05  5.2141861e-05  2.1011273e-05  -4.1122749e-05  
-1.9948135e-05  0.0000000   2.5063901e-05  -0.00024391979  7.2138441e-05  7.3919434e-09  -4.9286833e-08  0.00033453545  9.0831077e-09  1.7167912e-08  
-0.00035914492  -2.5063901e-05  0.0000000   -0.00020210591  -4.1763170e-08  7.2157357e-05  -6.5971286e-08  -8.5722015e-08  0.00033454913  -2.9706731e-08  
4.4492515e-05  0.00024391979  0.00020210591  0.0000000   9.0830668e-08  3.6682646e-08  7.2085855e-05  6.9773721e-08  6.9628945e-10  0.00033434768  
0.00033926605  -7.2138441e-05  4.1763170e-08  -9.0830668e-08  0.0000000   2.5050930e-05  -0.00024378751  -0.00081938384  1.7532121e-08  -1.2435412e-07  
-4.0689572e-05  -7.3919434e-09  -7.2157357e-05  -3.6682646e-08  -2.5050930e-05  0.0000000   -0.00020203164  -3.8848961e-08  -0.00081959616  4.5586932e-08  
-1.2797367e-05  4.9286833e-08  6.5971286e-08  -7.2085855e-05  0.00024378751  0.00020203164  0.0000000   -7.9709476e-08  6.6440309e-08  -0.00081899804  
-5.2141861e-05  -0.00033453545  8.5722015e-08  -6.9773721e-08  0.00081938384  3.8848961e-08  7.9709476e-08  0.0000000   2.5067580e-05  -0.00024383274  
-2.1011273e-05  -9.0831077e-09  -0.00033454913  -6.9628945e-10  -1.7532121e-08  0.00081959616  -6.6440309e-08  -2.5067580e-05  0.0000000   -0.00020205065  
4.1122749e-05  -1.7167912e-08  2.9706731e-08  -0.00033434768  1.2435412e-07  -4.5586932e-08  0.00081899804  0.00024383274  0.00020205065  0.0000000   
