0.0000000   -1.8541049e-05  5.0575236e-05  -3.5053066e-06  2.3761707e-07  -5.2868346e-06  -1.8605740e-05  -3.1644848e-05  7.9165244e-05  1.0375539e-05  
1.8541049e-05  0.0000000   -0.00080867438  0.00055477822  -1.4287334e-05  0.0097544892  0.00046056719  -7.3273047e-05  0.00016797232  0.0016126238  
-5.0575236e-05  0.00080867438  0.0000000   0.00023403288  -2.3735096e-05  -7.5013546e-06  -0.00025292363  -0.00034028977  0.00039362436  -0.00014641265  
3.5053066e-06  -0.00055477822  -0.00023403288  0.0000000   0.00037848041  2.0822545e-05  0.00022538677  0.013730755  -0.00015943734  -9.3226894e-05  
-2.3761707e-07  1.4287334e-05  2.3735096e-05  -0.00037848041  0.0000000   -0.00016555116  -2.3170342e-05  -4.2248057e-05  1.3542274e-05  -1.7274337e-05  
5.2868346e-06  -0.0097544892  7.5013546e-06  -2.0822545e-05  0.00016555116  0.0000000   0.00048263333  0.00020509850  -0.00036443358  -0.00057463679  
1.8605740e-05  -0.00046056719  0.00025292363  -0.00022538677  2.3170342e-05  -0.00048263333  0.0000000   0.00052443701  3.2428364e-05  -9.0843555e-06  
3.1644848e-05  7.3273047e-05  0.00034028977  -0.013730755  4.2248057e-05  -0.00020509850  -0.00052443701  0.0000000   0.00058883436  0.00030888361  
-7.9165244e-05  -0.00016797232  -0.00039362436  0.00015943734  -1.3542274e-05  0.00036443358  -3.2428364e-05  -0.00058883436  0.0000000   -5.1134345e-05  
-1.0375539e-05  -0.0016126238  0.00014641265  9.3226894e-05  1.7274337e-05  0.00057463679  9.0843555e-06  -0.00030888361  5.1134345e-05  0.0000000   
