0.0000000   3.9338982e-06  -5.5472493e-05  -8.3860272e-05  7.5599652e-05  -5.3771504e-06  4.4459114e-06  -3.5282495e-05  -1.6859414e-05  -1.4510215e-05  
-3.9338982e-06  0.0000000   0.00063579707  -0.00043826859  0.00026627200  6.3705780e-05  -0.00035264673  -2.1544089e-05  0.00014914181  -5.6408116e-05  
5.5472493e-05  -0.00063579707  0.0000000   0.0048883571  -3.4507138e-05  -6.2714111e-05  0.00012557151  5.2431190e-05  0.00048182277  0.00023223433  
8.3860272e-05  0.00043826859  -0.0048883571  0.0000000   -0.00072025131  -8.2922965e-06  -0.00055724889  0.00010205918  0.00050067777  -8.4546984e-06  
-7.5599652e-05  -0.00026627200  3.4507138e-05  0.00072025131  0.0000000   -4.1901681e-05  0.00014245564  -0.0010052844  0.00015556243  0.00025501658  
5.3771504e-06  -6.3705780e-05  6.2714111e-05  8.2922965e-06  4.1901681e-05  0.0000000   -0.00028089371  0.00013487024  0.0012168585  -0.00016240737  
-4.4459114e-06  0.00035264673  -0.00012557151  0.00055724889  -0.00014245564  0.00028089371  0.0000000   -0.00068605198  0.00033034882  0.0020730477  
3.5282495e-05  2.1544089e-05  -5.2431190e-05  -0.00010205918  0.0010052844  -0.00013487024  0.00068605198  0.0000000   -0.00091074165  -7.0957096e-06  
1.6859414e-05  -0.00014914181  -0.00048182277  -0.00050067777  -0.00015556243  -0.0012168585  -0.00033034882  0.00091074165  0.0000000   -0.0021297038  
1.4510215e-05  5.6408116e-05  -0.00023223433  8.4546984e-06  -0.00025501658  0.00016240737  -0.0020730477  7.0957096e-06  0.0021297038  0.0000000   
