0.0000000   6.8453237e-07  9.6283177e-06  6.5799822e-06  0.00010311222  9.3063683e-05  0.00010046950  9.0013634e-05  7.9545681e-05  -6.0446215e-05  
-6.8453237e-07  0.0000000   -0.00021008711  4.5934352e-05  -4.1642265e-06  -1.4478995e-06  4.0424109e-07  -1.4215015e-05  5.1670071e-07  -1.3200836e-07  
-9.6283177e-06  0.00021008711  0.0000000   0.0040931703  1.2236324e-06  -4.4398205e-06  2.9200199e-05  -7.1765592e-07  -1.4295810e-05  -8.7765533e-06  
-6.5799822e-06  -4.5934352e-05  -0.0040931703  0.0000000   2.5105006e-07  -2.8966302e-05  -3.6116557e-06  6.1155229e-07  9.3901680e-06  -1.4404881e-05  
-0.00010311222  4.1642265e-06  -1.2236324e-06  -2.5105006e-07  0.0000000   0.00020733431  -4.5361772e-05  0.0039216428  -5.6106410e-07  -2.8749086e-06  
-9.3063683e-05  1.4478995e-06  4.4398205e-06  2.8966302e-05  -0.00020733431  0.0000000   -0.0040401568  -6.0243084e-07  0.0038641028  -4.1767477e-08  
-0.00010046950  -4.0424109e-07  -2.9200199e-05  3.6116557e-06  4.5361772e-05  0.0040401568  0.0000000   -2.9442697e-06  9.0058769e-07  0.0038640119  
-9.0013634e-05  1.4215015e-05  7.1765592e-07  -6.1155229e-07  -0.0039216428  6.0243084e-07  2.9442697e-06  0.0000000   0.00020736622  -4.5349890e-05  
-7.9545681e-05  -5.1670071e-07  1.4295810e-05  -9.3901680e-06  5.6106410e-07  -0.0038641028  -9.0058769e-07  -0.00020736622  0.0000000   -0.0040396757  
6.0446215e-05  1.3200836e-07  8.7765533e-06  1.4404881e-05  2.8749086e-06  4.1767477e-08  -0.0038640119  4.5349890e-05  0.0040396757  0.0000000   
