0.0000000   0.00054304449  0.00021776380  -0.00018757096  -2.7600821e-05  3.1633712e-05  -0.00054304449  0.0000000   -3.7339709e-05  -0.00040984328  
-1.9432747e-05  -3.7249462e-05  -0.00021776380  3.7339709e-05  0.0000000   -2.4794982e-05  0.00031795483  -0.00034614095  0.00018757096  0.00040984328  
2.4794982e-05  0.0000000   0.00013547942  9.3795510e-05  2.7600821e-05  1.9432747e-05  -0.00031795483  -0.00013547942  0.0000000   0.00095356594  
-3.1633712e-05  3.7249462e-05  0.00034614095  -9.3795510e-05  -0.00095356594  0.0000000   -7.9890415e-321  0.0000000   0.0000000   0.0000000   
0.0000000   0.0000000   0.0000000   0.0000000   0.0000000   0.0000000   0.0000000   0.0000000   0.0000000   0.0000000   
0.0000000   0.0000000   0.0000000   0.0000000   0.0000000   0.0000000   0.0000000   0.0000000   0.0000000   0.0000000   
0.0000000   0.0000000   0.0000000   0.0000000   0.0000000   0.0000000   0.0000000   0.0000000   0.0000000   0.0000000   
0.0000000   0.0000000   0.0000000   0.0000000   0.0000000   0.0000000   0.0000000   0.0000000   0.0000000   0.0000000   
0.0000000   0.0000000   0.0000000   0.0000000   0.0000000   0.0000000   0.0000000   0.0000000   0.0000000   0.0000000   
0.0000000   0.0000000   0.0000000   0.0000000   0.0000000   0.0000000   0.0000000   0.0000000   0.0000000   0.0000000   
