0.0000000   0.0013262051  -0.00026532828  -1.7816779e-05  -1.2316952e-05  2.0598610e-06  -0.0013262051  0.0000000   -0.00012169308  0.00010904131  
-2.3294806e-05  -2.6795338e-05  0.00026532828  0.00012169308  0.0000000   2.3544559e-06  -9.8239139e-05  6.3771230e-05  1.7816779e-05  -0.00010904131  
-2.3544559e-06  0.0000000   -3.3006498e-05  -0.00020476270  1.2316952e-05  2.3294806e-05  9.8239139e-05  3.3006498e-05  0.0000000   0.00089335136  
-2.0598610e-06  2.6795338e-05  -6.3771230e-05  0.00020476270  -0.00089335136  0.0000000   -7.9890415e-321  0.0000000   0.0000000   0.0000000   
0.0000000   0.0000000   0.0000000   0.0000000   0.0000000   0.0000000   0.0000000   0.0000000   0.0000000   0.0000000   
0.0000000   0.0000000   0.0000000   0.0000000   0.0000000   0.0000000   0.0000000   0.0000000   0.0000000   0.0000000   
0.0000000   0.0000000   0.0000000   0.0000000   0.0000000   0.0000000   0.0000000   0.0000000   0.0000000   0.0000000   
0.0000000   0.0000000   0.0000000   0.0000000   0.0000000   0.0000000   0.0000000   0.0000000   0.0000000   0.0000000   
0.0000000   0.0000000   0.0000000   0.0000000   0.0000000   0.0000000   0.0000000   0.0000000   0.0000000   0.0000000   
0.0000000   0.0000000   0.0000000   0.0000000   0.0000000   0.0000000   0.0000000   0.0000000   0.0000000   0.0000000   
