0.0000000   -2.0740150e-05  0.00029195800  0.00027265012  7.2231345e-05  -2.7757260e-05  -3.4521584e-05  0.00045816114  -4.2460375e-05  -3.8152725e-05  
2.0740150e-05  0.0000000   -0.00016655183  -0.00029814559  1.9384564e-05  -0.00038097656  -0.00056226310  0.00012682651  0.00037063011  0.00017565176  
-0.00029195800  0.00016655183  0.0000000   -0.0046590050  -0.010171914  6.6711575e-05  0.00031801604  0.00059573792  -0.00011703064  3.6714611e-07  
-0.00027265012  0.00029814559  0.0046590050  0.0000000   -0.014479978  7.0476112e-05  0.00072716894  -0.00024926636  -1.0364137e-05  -6.1978199e-06  
-7.2231345e-05  -1.9384564e-05  0.010171914  0.014479978  0.0000000   -0.00015172551  -0.0022160165  -4.5751285e-05  -0.0015916702  8.2883973e-05  
2.7757260e-05  0.00038097656  -6.6711575e-05  -7.0476112e-05  0.00015172551  0.0000000   0.00098175527  0.0016095572  0.00073228617  0.0014012073  
3.4521584e-05  0.00056226310  -0.00031801604  -0.00072716894  0.0022160165  -0.00098175527  0.0000000   0.00025261518  0.00062642272  0.00044972973  
-0.00045816114  -0.00012682651  -0.00059573792  0.00024926636  4.5751285e-05  -0.0016095572  -0.00025261518  0.0000000   3.9980306e-05  0.00011158117  
4.2460375e-05  -0.00037063011  0.00011703064  1.0364137e-05  0.0015916702  -0.00073228617  -0.00062642272  -3.9980306e-05  0.0000000   -0.0026730055  
3.8152725e-05  -0.00017565176  -3.6714611e-07  6.1978199e-06  -8.2883973e-05  -0.0014012073  -0.00044972973  -0.00011158117  0.0026730055  0.0000000   
