0.0000000   0.0020211370  0.00010141922  -6.2072627e-05  -0.00027639021  1.9838128e-06  -0.0020211370  0.0000000   -0.00063754213  0.00011687776  
-1.6557993e-07  -0.00029289165  -0.00010141922  0.00063754213  0.0000000   2.9049329e-05  -0.00011295462  -8.2840337e-05  6.2072627e-05  -0.00011687776  
-2.9049329e-05  0.0000000   0.00061555210  0.00015143555  0.00027639021  1.6557993e-07  0.00011295462  -0.00061555210  0.0000000   0.0032693703  
-1.9838128e-06  0.00029289165  8.2840337e-05  -0.00015143555  -0.0032693703  0.0000000   -7.9890415e-321  0.0000000   0.0000000   0.0000000   
0.0000000   0.0000000   0.0000000   0.0000000   0.0000000   0.0000000   0.0000000   0.0000000   0.0000000   0.0000000   
0.0000000   0.0000000   0.0000000   0.0000000   0.0000000   0.0000000   0.0000000   0.0000000   0.0000000   0.0000000   
0.0000000   0.0000000   0.0000000   0.0000000   0.0000000   0.0000000   0.0000000   0.0000000   0.0000000   0.0000000   
0.0000000   0.0000000   0.0000000   0.0000000   0.0000000   0.0000000   0.0000000   0.0000000   0.0000000   0.0000000   
0.0000000   0.0000000   0.0000000   0.0000000   0.0000000   0.0000000   0.0000000   0.0000000   0.0000000   0.0000000   
0.0000000   0.0000000   0.0000000   0.0000000   0.0000000   0.0000000   0.0000000   0.0000000   0.0000000   0.0000000   
