0.0000000   1.2783212e-05  -4.3501085e-05  1.1740957e-05  -2.0725408e-05  -5.2839772e-05  -4.4626141e-05  2.5847003e-05  -4.3758116e-05  1.4837043e-05  
-1.2783212e-05  0.0000000   -4.4611406e-05  -1.6670500e-05  5.0384990e-05  2.0595203e-05  -1.8681322e-05  9.6821958e-05  -2.0252451e-05  4.7848994e-05  
4.3501085e-05  4.4611406e-05  0.0000000   -9.3632488e-05  0.00015195698  -5.9961989e-05  -1.2887283e-05  0.00034674505  -0.00014236682  0.00015451406  
-1.1740957e-05  1.6670500e-05  9.3632488e-05  0.0000000   -0.00020650150  -0.00012461991  0.00066809447  -0.00057939131  0.00051623600  -1.3776470e-05  
2.0725408e-05  -5.0384990e-05  -0.00015195698  0.00020650150  0.0000000   0.00010925829  -0.00026637077  0.00023971696  -9.1260534e-05  -0.00018153376  
5.2839772e-05  -2.0595203e-05  5.9961989e-05  0.00012461991  -0.00010925829  0.0000000   0.00024782095  -0.00054750215  7.6697391e-05  -0.00013089696  
4.4626141e-05  1.8681322e-05  1.2887283e-05  -0.00066809447  0.00026637077  -0.00024782095  0.0000000   0.00031029472  -0.00025908178  -0.00013794505  
-2.5847003e-05  -9.6821958e-05  -0.00034674505  0.00057939131  -0.00023971696  0.00054750215  -0.00031029472  0.0000000   -0.00048779182  -0.00025071201  
4.3758116e-05  2.0252451e-05  0.00014236682  -0.00051623600  9.1260534e-05  -7.6697391e-05  0.00025908178  0.00048779182  0.0000000   -0.00017245344  
-1.4837043e-05  -4.7848994e-05  -0.00015451406  1.3776470e-05  0.00018153376  0.00013089696  0.00013794505  0.00025071201  0.00017245344  0.0000000   
