0.0000000   3.7671822e-05  -6.6544308e-06  2.9655055e-06  -6.1084377e-06  -2.2402883e-05  7.8094309e-05  -7.4539280e-06  6.9163416e-05  3.8477824e-05  
-3.7671822e-05  0.0000000   -4.7289338e-05  9.5811997e-06  0.00010071580  -0.00030063434  -0.00070711674  -0.00018748647  0.00020710530  -8.6173284e-05  
6.6544308e-06  4.7289338e-05  0.0000000   -0.0012227309  -0.0023775954  -0.00074923827  -0.0020227542  -0.00074029844  0.0017952820  -0.00070470080  
-2.9655055e-06  -9.5811997e-06  0.0012227309  0.0000000   -0.0018157957  3.5978471e-05  1.7155109e-05  0.00048419907  -6.0936230e-05  7.0515927e-05  
6.1084377e-06  -0.00010071580  0.0023775954  0.0018157957  0.0000000   0.00071717499  0.0019115909  -0.0015300213  -0.0017942161  0.00073491094  
2.2402883e-05  0.00030063434  0.00074923827  -3.5978471e-05  -0.00071717499  0.0000000   -0.0028037227  0.00025598254  0.0017662547  0.00077105962  
-7.8094309e-05  0.00070711674  0.0020227542  -1.7155109e-05  -0.0019115909  0.0028037227  0.0000000   0.0017788024  -0.00020134825  0.0012161971  
7.4539280e-06  0.00018748647  0.00074029844  -0.00048419907  0.0015300213  -0.00025598254  -0.0017788024  0.0000000   0.0014476117  -0.00023166719  
-6.9163416e-05  -0.00020710530  -0.0017952820  6.0936230e-05  0.0017942161  -0.0017662547  0.00020134825  -0.0014476117  0.0000000   -0.00082090237  
-3.8477824e-05  8.6173284e-05  0.00070470080  -7.0515927e-05  -0.00073491094  -0.00077105962  -0.0012161971  0.00023166719  0.00082090237  0.0000000   
