0.0000000   -0.0017843821  0.00032939040  6.0147341e-05  -5.4676316e-05  3.4541812e-05  0.0017843821  0.0000000   0.00064105419  -0.00018152663  
2.0826326e-05  -9.6124936e-05  -0.00032939040  -0.00064105419  0.0000000   2.9280990e-05  -0.00017713715  -0.00011013020  -6.0147341e-05  0.00018152663  
-2.9280990e-05  0.0000000   0.00077895794  -0.00060494451  5.4676316e-05  -2.0826326e-05  0.00017713715  -0.00077895794  0.0000000   -0.0061597509  
-3.4541812e-05  9.6124936e-05  0.00011013020  0.00060494451  0.0061597509  0.0000000   -7.9890415e-321  0.0000000   0.0000000   0.0000000   
0.0000000   0.0000000   0.0000000   0.0000000   0.0000000   0.0000000   0.0000000   0.0000000   0.0000000   0.0000000   
0.0000000   0.0000000   0.0000000   0.0000000   0.0000000   0.0000000   0.0000000   0.0000000   0.0000000   0.0000000   
0.0000000   0.0000000   0.0000000   0.0000000   0.0000000   0.0000000   0.0000000   0.0000000   0.0000000   0.0000000   
0.0000000   0.0000000   0.0000000   0.0000000   0.0000000   0.0000000   0.0000000   0.0000000   0.0000000   0.0000000   
0.0000000   0.0000000   0.0000000   0.0000000   0.0000000   0.0000000   0.0000000   0.0000000   0.0000000   0.0000000   
0.0000000   0.0000000   0.0000000   0.0000000   0.0000000   0.0000000   0.0000000   0.0000000   0.0000000   0.0000000   
