0.0000000   -0.0013977211  0.00029129887  3.6388252e-05  -2.4345886e-05  1.7739825e-07  0.0013977211  0.0000000   0.00027240222  -0.00015557546  
-1.2649129e-07  -2.6218787e-05  -0.00029129887  -0.00027240222  0.0000000   1.1155021e-05  -0.00012661260  -3.7666233e-05  -3.6388252e-05  0.00015557546  
-1.1155021e-05  0.0000000   0.00028658275  -0.00042355612  2.4345886e-05  1.2649129e-07  0.00012661260  -0.00028658275  0.0000000   -0.0026553810  
-1.7739825e-07  2.6218787e-05  3.7666233e-05  0.00042355612  0.0026553810  0.0000000   -2.9298093e-321  3.4534885e+268  0.0000000   0.0000000   
0.0000000   0.0000000   0.0000000   0.0000000   0.0000000   0.0000000   0.0000000   0.0000000   0.0000000   0.0000000   
0.0000000   0.0000000   0.0000000   0.0000000   0.0000000   0.0000000   0.0000000   0.0000000   0.0000000   0.0000000   
0.0000000   0.0000000   0.0000000   0.0000000   0.0000000   0.0000000   0.0000000   0.0000000   0.0000000   0.0000000   
0.0000000   0.0000000   0.0000000   -5.5829418e-322  0.0000000   0.0000000   0.0000000   0.0000000   0.0000000   0.0000000   
-5.5829418e-322  0.0000000   0.0000000   0.0000000   0.0000000   0.0000000   0.0000000   -5.5829418e-322  0.0000000   0.0000000   
0.0000000   0.0000000   0.0000000   0.0000000   -5.5829418e-322  0.0000000   0.0000000   0.0000000   0.0000000   0.0000000   
