0.0000000   -1.5069788e-05  -9.5312616e-05  -8.2896136e-05  2.6927365e-05  -4.6215708e-05  -1.2392400e-05  0.00017532769  -5.5787685e-06  -2.0456015e-05  
1.5069788e-05  0.0000000   0.00036745986  -0.00020089239  -0.00012356183  0.00074908524  0.00035060576  0.00021113358  -0.00010011297  0.00021817946  
9.5312616e-05  -0.00036745986  0.0000000   0.021264029  -0.0079531778  8.3400248e-05  -0.0025298926  -0.00057209046  -0.00020815363  0.00047454720  
8.2896136e-05  0.00020089239  -0.021264029  0.0000000   -0.0018537441  -2.4318162e-05  -0.0038975674  -0.00054137937  -0.00085024769  0.00034234564  
-2.6927365e-05  0.00012356183  0.0079531778  0.0018537441  0.0000000   -0.00020593968  -0.015032616  0.00017781002  -0.0061718187  0.0042306260  
4.6215708e-05  -0.00074908524  -8.3400248e-05  2.4318162e-05  0.00020593968  0.0000000   -0.0010885212  0.0031442524  0.00065465223  0.00019887140  
1.2392400e-05  -0.00035060576  0.0025298926  0.0038975674  0.015032616  0.0010885212  0.0000000   -0.00034094175  0.00031790395  -0.0092669106  
-0.00017532769  -0.00021113358  0.00057209046  0.00054137937  -0.00017781002  -0.0031442524  0.00034094175  0.0000000   -2.4305411e-05  4.1372475e-06  
5.5787685e-06  0.00010011297  0.00020815363  0.00085024769  0.0061718187  -0.00065465223  -0.00031790395  2.4305411e-05  0.0000000   0.018156846  
2.0456015e-05  -0.00021817946  -0.00047454720  -0.00034234564  -0.0042306260  -0.00019887140  0.0092669106  -4.1372475e-06  -0.018156846  0.0000000   
