0.0000000   -1.5921126e-05  -0.00022290368  -0.00032465245  -0.00032005906  -5.7378550e-06  -3.7567805e-05  0.00018383738  -2.0756664e-05  -6.3496915e-06  
1.5921126e-05  0.0000000   -0.00033779170  -0.00028199492  0.00055864542  6.3339821e-07  -6.7477068e-07  -9.2513084e-05  1.8760832e-07  3.5543272e-07  
0.00022290368  0.00033779170  0.0000000   0.0043748278  2.1175619e-07  0.00054939914  -7.2885682e-07  -3.9671053e-08  -9.1017318e-05  -3.6920497e-06  
0.00032465245  0.00028199492  -0.0043748278  0.0000000   -4.1737982e-07  6.2969807e-07  0.00054944268  -8.5521435e-08  3.7056741e-06  -9.0999970e-05  
0.00032005906  -0.00055864542  -2.1175619e-07  4.1737982e-07  0.0000000   -0.00033689316  -0.00028128468  -0.0017522283  -1.8372136e-06  2.2325664e-06  
5.7378550e-06  -6.3339821e-07  -0.00054939914  -6.2969807e-07  0.00033689316  0.0000000   0.0043637185  -1.8212866e-06  -0.0017234361  4.9937017e-08  
3.7567805e-05  6.7477068e-07  7.2885682e-07  -0.00054944268  0.00028128468  -0.0043637185  0.0000000   2.2269334e-06  8.0195112e-08  -0.0017236449  
-0.00018383738  9.2513084e-05  3.9671053e-08  8.5521435e-08  0.0017522283  1.8212866e-06  -2.2269334e-06  0.0000000   -0.00033697814  -0.00028127905  
2.0756664e-05  -1.8760832e-07  9.1017318e-05  -3.7056741e-06  1.8372136e-06  0.0017234361  -8.0195112e-08  0.00033697814  0.0000000   0.0043644996  
6.3496915e-06  -3.5543272e-07  3.6920497e-06  9.0999970e-05  -2.2325664e-06  -4.9937017e-08  0.0017236449  0.00028127905  -0.0043644996  0.0000000   
