0.0000000   1.2314636e-06  0.00012895331  -2.7011805e-05  0.00011611550  5.2618244e-05  -0.00018447408  -0.00013260958  -3.3083475e-05  7.2411990e-05  
-1.2314636e-06  0.0000000   -0.00019279662  -0.00023931363  1.3249247e-05  0.00026493297  -3.1193045e-05  -5.9216697e-05  -2.6771491e-05  -2.0639521e-05  
-0.00012895331  0.00019279662  0.0000000   -0.0013087987  0.00059758774  -2.5864773e-05  5.1444313e-05  0.00010080271  0.00030599566  -0.00021426822  
2.7011805e-05  0.00023931363  0.0013087987  0.0000000   -0.00041663284  2.1904084e-05  -0.00020855255  -7.9692050e-05  -0.00018061281  -0.00013509784  
-0.00011611550  -1.3249247e-05  -0.00059758774  0.00041663284  0.0000000   -2.3763731e-06  0.00029185140  -0.00017241932  -0.0015383672  0.00048637590  
-5.2618244e-05  -0.00026493297  2.5864773e-05  -2.1904084e-05  2.3763731e-06  0.0000000   0.00042439863  -0.0014135204  0.00057565188  0.00068204562  
0.00018447408  3.1193045e-05  -5.1444313e-05  0.00020855255  -0.00029185140  -0.00042439863  0.0000000   0.00011070762  0.0025689474  0.0029547958  
0.00013260958  5.9216697e-05  -0.00010080271  7.9692050e-05  0.00017241932  0.0014135204  -0.00011070762  0.0000000   0.00012172622  3.6943883e-07  
3.3083475e-05  2.6771491e-05  -0.00030599566  0.00018061281  0.0015383672  -0.00057565188  -0.0025689474  -0.00012172622  0.0000000   0.0041590833  
-7.2411990e-05  2.0639521e-05  0.00021426822  0.00013509784  -0.00048637590  -0.00068204562  -0.0029547958  -3.6943883e-07  -0.0041590833  0.0000000   
