0.0000000   -3.8968915e-05  0.00019802782  -0.00017644831  0.00022344617  2.2263043e-05  2.2270512e-05  8.1981381e-05  3.3064860e-05  -1.2057233e-05  
3.8968915e-05  0.0000000   0.00047763471  -5.9393154e-05  -0.00045850098  -1.8685579e-07  -1.7407641e-06  0.00014473667  2.1287433e-07  5.4223272e-07  
-0.00019802782  -0.00047763471  0.0000000   0.0089465927  3.2057363e-08  -0.00042584752  7.4153631e-07  7.6455643e-08  0.00013446824  2.4930293e-06  
0.00017644831  5.9393154e-05  -0.0089465927  0.0000000   -1.3871102e-06  -7.2027880e-07  -0.00042591033  6.6541750e-07  -2.4894631e-06  0.00013449138  
-0.00022344617  0.00045850098  -3.2057363e-08  1.3871102e-06  0.0000000   0.00047743246  -5.9472912e-05  -0.00068663827  -3.3061198e-07  -2.6683812e-06  
-2.2263043e-05  1.8685579e-07  0.00042584752  7.2027880e-07  -0.00047743246  0.0000000   0.0089436997  -3.6777914e-07  -0.00063786843  5.1772102e-07  
-2.2270512e-05  1.7407641e-06  -7.4153631e-07  0.00042591033  5.9472912e-05  -0.0089436997  0.0000000   -2.5889120e-06  -4.5998952e-07  -0.00063797168  
-8.1981381e-05  -0.00014473667  -7.6455643e-08  -6.6541750e-07  0.00068663827  3.6777914e-07  2.5889120e-06  0.0000000   0.00047744348  -5.9446483e-05  
-3.3064860e-05  -2.1287433e-07  -0.00013446824  2.4894631e-06  3.3061198e-07  0.00063786843  4.5998952e-07  -0.00047744348  0.0000000   0.0089450314  
1.2057233e-05  -5.4223272e-07  -2.4930293e-06  -0.00013449138  2.6683812e-06  -5.1772102e-07  0.00063797168  5.9446483e-05  -0.0089450314  0.0000000   
