0.0000000   -2.3386531e-05  -0.00019246637  1.2671257e-05  0.00010318379  -3.2184324e-05  -6.7633693e-05  0.00019774829  -2.2608541e-05  0.00013266499  
2.3386531e-05  0.0000000   9.2398664e-05  -0.00013057610  -0.00016362441  -0.00038892663  -5.3344452e-05  0.00016912399  6.6024655e-06  -0.00028037908  
0.00019246637  -9.2398664e-05  0.0000000   0.014780736  0.0083378965  -0.0035172718  -5.6600504e-06  0.0014316407  0.00091210489  -0.00074389730  
-1.2671257e-05  0.00013057610  -0.014780736  0.0000000   0.0010377142  -0.0026586394  0.00054441393  3.3781649e-05  0.00070844950  -0.00053311369  
-0.00010318379  0.00016362441  -0.0083378965  -0.0010377142  0.0000000   0.011030550  -0.010369451  0.00033263700  -0.0045156154  0.0019673544  
3.2184324e-05  0.00038892663  0.0035172718  0.0026586394  -0.011030550  0.0000000   -0.016889167  0.0034404217  0.0040929943  0.0039388723  
6.7633693e-05  5.3344452e-05  5.6600504e-06  -0.00054441393  0.010369451  0.016889167  0.0000000   0.0040040257  -0.0014926454  0.0016912287  
-0.00019774829  -0.00016912399  -0.0014316407  -3.3781649e-05  -0.00033263700  -0.0034404217  -0.0040040257  0.0000000   3.8176911e-05  -0.00097566700  
2.2608541e-05  -6.6024655e-06  -0.00091210489  -0.00070844950  0.0045156154  -0.0040929943  0.0014926454  -3.8176911e-05  0.0000000   0.021106304  
-0.00013266499  0.00028037908  0.00074389730  0.00053311369  -0.0019673544  -0.0039388723  -0.0016912287  0.00097566700  -0.021106304  0.0000000   
