0.0000000   -2.0962518e-05  -7.4188308e-05  1.7688909e-05  7.0427223e-05  1.6905448e-05  -6.6923925e-05  5.7506822e-05  7.9036596e-05  -2.6820729e-06  
2.0962518e-05  0.0000000   3.9071192e-05  0.00024347091  -0.00016452916  1.9330867e-08  -9.5251935e-09  0.00027414708  -3.6265154e-08  -2.4654574e-08  
7.4188308e-05  -3.9071192e-05  0.0000000   0.00044470798  2.1898505e-08  -0.00016450353  -1.6819016e-08  -4.4424442e-08  0.00027408166  -3.2402953e-08  
-1.7688909e-05  -0.00024347091  -0.00044470798  0.0000000   5.5579789e-08  9.6510219e-08  -0.00016440237  -5.7990968e-08  -9.5351158e-08  0.00027393104  
-7.0427223e-05  0.00016452916  -2.1898505e-08  -5.5579789e-08  0.0000000   3.9089894e-05  0.00024353362  0.00036214081  -5.9568117e-08  -4.4476837e-08  
-1.6905448e-05  -1.9330867e-08  0.00016450353  -9.6510219e-08  -3.9089894e-05  0.0000000   0.00044481555  -6.5062461e-08  0.00036206178  -5.9482724e-08  
6.6923925e-05  9.5251935e-09  1.6819016e-08  0.00016440237  -0.00024353362  -0.00044481555  0.0000000   -7.2413788e-08  -1.2284822e-07  0.00036187490  
-5.7506822e-05  -0.00027414708  4.4424442e-08  5.7990968e-08  -0.00036214081  6.5062461e-08  7.2413788e-08  0.0000000   3.9088806e-05  0.00024353109  
-7.9036596e-05  3.6265154e-08  -0.00027408166  9.5351158e-08  5.9568117e-08  -0.00036206178  1.2284822e-07  -3.9088806e-05  0.0000000   0.00044482292  
2.6820729e-06  2.4654574e-08  3.2402953e-08  -0.00027393104  4.4476837e-08  5.9482724e-08  -0.00036187490  -0.00024353109  -0.00044482292  0.0000000   
