0.0000000   9.2609171e-06  6.7615559e-05  -1.3077980e-05  5.7108850e-05  -1.9298930e-05  -1.7782549e-06  8.0721044e-07  -1.6961686e-06  6.3642696e-06  
-9.2609171e-06  0.0000000   1.4738954e-05  -0.00019185443  8.0336416e-05  0.00023538229  -4.1650371e-06  -6.5645933e-05  3.7854815e-05  -0.00018852549  
-6.7615559e-05  -1.4738954e-05  0.0000000   -0.00040471554  0.00032324305  0.00010232259  -0.00046492713  -0.0014621954  0.00067605004  1.7217542e-05  
1.3077980e-05  0.00019185443  0.00040471554  0.0000000   0.0011167881  -0.00011646137  4.0578569e-05  0.00038967062  -7.1342976e-05  -0.00037028899  
-5.7108850e-05  -8.0336416e-05  -0.00032324305  -0.0011167881  0.0000000   -1.9730669e-05  0.00064061276  0.0012529650  -0.00065980171  -0.00027235133  
1.9298930e-05  -0.00023538229  -0.00010232259  0.00011646137  1.9730669e-05  0.0000000   0.0014232541  7.5185082e-05  0.0012140507  0.00030272195  
1.7782549e-06  4.1650371e-06  0.00046492713  -4.0578569e-05  -0.00064061276  -0.0014232541  0.0000000   -0.00014484203  0.00013603578  6.9166597e-05  
-8.0721044e-07  6.5645933e-05  0.0014621954  -0.00038967062  -0.0012529650  -7.5185082e-05  0.00014484203  0.0000000   -3.9963809e-05  -0.00013814171  
1.6961686e-06  -3.7854815e-05  -0.00067605004  7.1342976e-05  0.00065980171  -0.0012140507  -0.00013603578  3.9963809e-05  0.0000000   3.6499304e-05  
-6.3642696e-06  0.00018852549  -1.7217542e-05  0.00037028899  0.00027235133  -0.00030272195  -6.9166597e-05  0.00013814171  -3.6499304e-05  0.0000000   
