0.0000000   4.4320831e-05  -0.00022622168  -0.00011596270  -3.4522263e-06  -9.5219770e-05  -2.8362891e-05  9.1325209e-06  -5.0614118e-05  8.3358337e-05  
-4.4320831e-05  0.0000000   -0.00022835021  -0.00017774559  -0.00016253640  0.0066257792  -0.0031070650  1.4989303e-06  -0.0015491751  -0.0038267806  
0.00022622168  0.00022835021  0.0000000   -1.5950772e-05  0.015028905  -2.1460419e-05  -0.00062018385  -0.0085256185  -0.0017744399  -0.00028019991  
0.00011596270  0.00017774559  1.5950772e-05  0.0000000   -0.013933919  0.0012893338  0.00011051579  0.0078907662  0.0014282813  -0.00050719540  
3.4522263e-06  0.00016253640  -0.015028905  0.013933919  0.0000000   -0.00011639277  -0.00046743185  0.00080546898  -0.00059206496  0.00038206832  
9.5219770e-05  -0.0066257792  2.1460419e-05  -0.0012893338  0.00011639277  0.0000000   0.0047211427  6.1126480e-05  -0.0010010042  -0.0012488191  
2.8362891e-05  0.0031070650  0.00062018385  -0.00011051579  0.00046743185  -0.0047211427  0.0000000   -0.00039891810  -0.0013022539  -0.0023956293  
-9.1325209e-06  -1.4989303e-06  0.0085256185  -0.0078907662  -0.00080546898  -6.1126480e-05  0.00039891810  0.0000000   0.00020813785  -0.00041454250  
5.0614118e-05  0.0015491751  0.0017744399  -0.0014282813  0.00059206496  0.0010010042  0.0013022539  -0.00020813785  0.0000000   0.0056824829  
-8.3358337e-05  0.0038267806  0.00028019991  0.00050719540  -0.00038206832  0.0012488191  0.0023956293  0.00041454250  -0.0056824829  0.0000000   
