0.0000000   -1.2524680e-05  -0.00030046954  0.00013235226  0.00035978541  1.7367044e-06  -2.5826981e-05  8.7062573e-05  -5.6037617e-05  1.8280573e-05  
1.2524680e-05  0.0000000   -0.00017013498  9.9565940e-05  -0.00029858370  -5.2937682e-08  -4.1368753e-08  -9.1572671e-05  8.4065296e-08  -7.0207456e-08  
0.00030046954  0.00017013498  0.0000000   -0.0011325204  1.0494738e-08  -0.00029820048  -1.7518497e-07  1.1388089e-07  -9.1463388e-05  6.3294364e-07  
-0.00013235226  -9.9565940e-05  0.0011325204  0.0000000   3.5338057e-08  2.1056751e-07  -0.00029812622  -3.0686760e-08  -6.1540402e-07  -9.1444242e-05  
-0.00035978541  0.00029858370  -1.0494738e-08  -3.5338057e-08  0.0000000   -0.00016956978  9.9229950e-05  0.0020423578  1.6649090e-07  3.6929043e-07  
-1.7367044e-06  5.2937682e-08  0.00029820048  -2.1056751e-07  0.00016956978  0.0000000   -0.0011285670  1.7892301e-07  0.0020402387  -1.9723958e-07  
2.5826981e-05  4.1368753e-08  1.7518497e-07  0.00029812622  -9.9229950e-05  0.0011285670  0.0000000   4.1078747e-07  -2.6257183e-07  0.0020395159  
-8.7062573e-05  9.1572671e-05  -1.1388089e-07  3.0686760e-08  -0.0020423578  -1.7892301e-07  -4.1078747e-07  0.0000000   -0.00016959863  9.9229678e-05  
5.6037617e-05  -8.4065296e-08  9.1463388e-05  6.1540402e-07  -1.6649090e-07  -0.0020402387  2.6257183e-07  0.00016959863  0.0000000   -0.0011287246  
-1.8280573e-05  7.0207456e-08  -6.3294364e-07  9.1444242e-05  -3.6929043e-07  1.9723958e-07  -0.0020395159  -9.9229678e-05  0.0011287246  0.0000000   
