0.0000000   -2.1095287e-05  0.00019231963  -0.00020999428  0.00014170849  -4.7324773e-05  0.00013504769  0.00033698808  -0.00013772201  4.0023731e-05  
2.1095287e-05  0.0000000   0.00011832326  0.00066272292  -0.00022902481  0.00094921181  1.6828074e-05  0.00037808907  -0.00034410549  0.00022784889  
-0.00019231963  -0.00011832326  0.0000000   0.00041892466  -0.00032690916  1.0488115e-05  -0.00021437320  -0.00027648187  0.00079800399  0.00026424161  
0.00020999428  -0.00066272292  -0.00041892466  0.0000000   0.00038418881  -4.2871197e-05  -0.00025096302  -2.3054549e-05  -0.00058772464  0.00045751549  
-0.00014170849  0.00022902481  0.00032690916  -0.00038418881  0.0000000   -5.0502189e-06  0.00033771083  0.00043155459  -0.00073184833  -0.00018496643  
4.7324773e-05  -0.00094921181  -1.0488115e-05  4.2871197e-05  5.0502189e-06  0.0000000   -0.0012785385  0.0010126232  -0.00063858267  0.0011489161  
-0.00013504769  -1.6828074e-05  0.00021437320  0.00025096302  -0.00033771083  0.0012785385  0.0000000   0.00068886623  6.3210099e-05  0.0028572226  
-0.00033698808  -0.00037808907  0.00027648187  2.3054549e-05  -0.00043155459  -0.0010126232  -0.00068886623  0.0000000   -2.1947923e-06  -6.8201598e-05  
0.00013772201  0.00034410549  -0.00079800399  0.00058772464  0.00073184833  0.00063858267  -6.3210099e-05  2.1947923e-06  0.0000000   0.00058884324  
-4.0023731e-05  -0.00022784889  -0.00026424161  -0.00045751549  0.00018496643  -0.0011489161  -0.0028572226  6.8201598e-05  -0.00058884324  0.0000000   
