0.0000000   -3.4761659e-06  5.1351755e-05  4.0806373e-05  8.4625448e-05  6.4536337e-05  -5.4097020e-05  7.7733604e-06  -5.7242748e-05  -4.0832849e-05  
3.4761659e-06  0.0000000   -0.00011137435  0.00051739169  -0.00013251287  0.00033736833  2.9821319e-05  0.00011671798  -0.0019795724  -0.00093293287  
-5.1351755e-05  0.00011137435  0.0000000   -0.0011180752  -0.0042586901  0.0015629927  -0.00049776782  -0.0033055069  0.0012657448  0.0011258132  
-4.0806373e-05  -0.00051739169  0.0011180752  0.0000000   0.0010039987  0.0017136849  0.00031753470  0.00077236632  0.0011728620  0.00056750791  
-8.4625448e-05  0.00013251287  0.0042586901  -0.0010039987  0.0000000   0.0022030821  -7.4430942e-05  -0.0077600492  0.0023546378  0.0015080358  
-6.4536337e-05  -0.00033736833  -0.0015629927  -0.0017136849  -0.0022030821  0.0000000   0.0042370013  0.0037827097  0.00079191175  0.00070217934  
5.4097020e-05  -2.9821319e-05  0.00049776782  -0.00031753470  7.4430942e-05  -0.0042370013  0.0000000   -0.0045678793  0.0033865594  0.0018050681  
-7.7733604e-06  -0.00011671798  0.0033055069  -0.00077236632  0.0077600492  -0.0037827097  0.0045678793  0.0000000   0.0028479987  0.0026052672  
5.7242748e-05  0.0019795724  -0.0012657448  -0.0011728620  -0.0023546378  -0.00079191175  -0.0033865594  -0.0028479987  0.0000000   -0.00068855938  
4.0832849e-05  0.00093293287  -0.0011258132  -0.00056750791  -0.0015080358  -0.00070217934  -0.0018050681  -0.0026052672  0.00068855938  0.0000000   
