0.0000000   7.7355332e-06  2.0599006e-05  2.2648833e-05  -1.0701682e-05  1.8007192e-05  3.4333038e-05  -8.2471380e-06  -2.3077506e-06  -1.8844005e-07  
-7.7355332e-06  0.0000000   -0.00038424146  -0.00051454001  0.00017919980  -0.00032663661  0.00052781586  -0.0084988562  -0.00019503117  -0.00056803948  
-2.0599006e-05  0.00038424146  0.0000000   0.0031140225  0.0011142311  -0.00097541195  0.00085007116  -0.00022255408  -0.00015563806  -7.2077112e-05  
-2.2648833e-05  0.00051454001  -0.0031140225  0.0000000   -0.00076967338  -0.00014548844  -0.00021284592  0.00015563284  -0.00013029403  7.4633887e-05  
1.0701682e-05  -0.00017919980  -0.0011142311  0.00076967338  0.0000000   0.0035428252  0.00035402659  -6.5205777e-05  -0.00024569845  0.00018530583  
-1.8007192e-05  0.00032663661  0.00097541195  0.00014548844  -0.0035428252  0.0000000   0.00064668384  -0.00022415822  0.00014699493  3.2358307e-06  
-3.4333038e-05  -0.00052781586  -0.00085007116  0.00021284592  -0.00035402659  -0.00064668384  0.0000000   0.0010665230  0.00011382035  -6.8801428e-05  
8.2471380e-06  0.0084988562  0.00022255408  -0.00015563284  6.5205777e-05  0.00022415822  -0.0010665230  0.0000000   -0.00080692253  0.00031366010  
2.3077506e-06  0.00019503117  0.00015563806  0.00013029403  0.00024569845  -0.00014699493  -0.00011382035  0.00080692253  0.0000000   -0.0062607391  
1.8844005e-07  0.00056803948  7.2077112e-05  -7.4633887e-05  -0.00018530583  -3.2358307e-06  6.8801428e-05  -0.00031366010  0.0062607391  0.0000000   
