0.0000000   -0.00075599400  -8.2609245e-06  -4.1190459e-05  -4.3116154e-05  1.3195815e-05  0.00075599400  0.0000000   -0.00038791729  0.00017105966  
2.1128072e-05  -4.3762780e-05  8.2609245e-06  0.00038791729  0.0000000   -7.0442384e-06  -0.00019478660  -4.9683124e-05  4.1190459e-05  -0.00017105966  
7.0442384e-06  0.0000000   0.00037464398  -5.8936140e-05  4.3116154e-05  -2.1128072e-05  0.00019478660  -0.00037464398  0.0000000   -0.00060640331  
-1.3195815e-05  4.3762780e-05  4.9683124e-05  5.8936140e-05  0.00060640331  0.0000000   -7.9890415e-321  0.0000000   0.0000000   0.0000000   
0.0000000   0.0000000   0.0000000   0.0000000   0.0000000   0.0000000   0.0000000   0.0000000   0.0000000   0.0000000   
0.0000000   0.0000000   0.0000000   0.0000000   0.0000000   0.0000000   0.0000000   0.0000000   0.0000000   0.0000000   
0.0000000   0.0000000   0.0000000   0.0000000   0.0000000   0.0000000   0.0000000   0.0000000   0.0000000   0.0000000   
0.0000000   0.0000000   0.0000000   0.0000000   0.0000000   0.0000000   0.0000000   0.0000000   0.0000000   0.0000000   
0.0000000   0.0000000   0.0000000   0.0000000   0.0000000   0.0000000   0.0000000   0.0000000   0.0000000   0.0000000   
0.0000000   0.0000000   0.0000000   0.0000000   0.0000000   0.0000000   0.0000000   0.0000000   0.0000000   0.0000000   
