0.0000000   -0.0048680846  -9.2964718e-05  -7.9627163e-05  -1.1103990e-05  1.7630408e-05  0.0048680846  0.0000000   -4.7342711e-05  0.00010066581  
-2.1950385e-06  -2.5244628e-05  9.2964718e-05  4.7342711e-05  0.0000000   3.5112977e-05  6.9579724e-05  5.4293674e-05  7.9627163e-05  -0.00010066581  
-3.5112977e-05  0.0000000   -6.7827622e-05  0.00015078923  1.1103990e-05  2.1950385e-06  -6.9579724e-05  6.7827622e-05  0.0000000   -0.012736635  
-1.7630408e-05  2.5244628e-05  -5.4293674e-05  -0.00015078923  0.012736635  0.0000000   -7.9890415e-321  0.0000000   0.0000000   0.0000000   
0.0000000   0.0000000   0.0000000   0.0000000   0.0000000   0.0000000   0.0000000   0.0000000   0.0000000   0.0000000   
0.0000000   0.0000000   0.0000000   0.0000000   0.0000000   0.0000000   0.0000000   0.0000000   0.0000000   0.0000000   
0.0000000   0.0000000   0.0000000   0.0000000   0.0000000   0.0000000   0.0000000   0.0000000   0.0000000   0.0000000   
0.0000000   0.0000000   0.0000000   0.0000000   0.0000000   0.0000000   0.0000000   0.0000000   0.0000000   0.0000000   
0.0000000   0.0000000   0.0000000   0.0000000   0.0000000   0.0000000   0.0000000   0.0000000   0.0000000   0.0000000   
0.0000000   0.0000000   0.0000000   0.0000000   0.0000000   0.0000000   0.0000000   0.0000000   0.0000000   0.0000000   
