0.0000000   0.0000000   0.0000000   0.0000000   0.0000000   0.0000000   0.0000000   0.0000000   0.0000000   0.0000000   
0.0000000   3.0570800   0.0000000   0.0000000   0.0000000   0.0000000   0.0000000   0.0000000   0.0000000   0.0000000   
0.0000000   0.0000000   3.3287600   0.0000000   0.0000000   0.0000000   0.0000000   0.0000000   0.0000000   0.0000000   
0.0000000   0.0000000   0.0000000   4.0069400   0.0000000   0.0000000   -2.9248686e-321  0.0000000   0.0000000   0.0000000   
0.0000000   0.0000000   0.0000000   0.0000000   4.3597900   0.0000000   0.0000000   0.0000000   -3.1725000  0.0000000   
0.0000000   0.0000000   0.0000000   0.0000000   0.0000000   4.4679700   0.0000000   0.0000000   0.0000000   -3.8120000  
0.0000000   0.0000000   0.0000000   0.0000000   0.0000000   0.0000000   4.8897500   0.0000000   0.0000000   0.0000000   
-4.1420000  0.0000000   0.0000000   0.0000000   0.0000000   0.0000000   0.0000000   5.3909100   0.0000000   0.0000000   
0.0000000   -3.9860000  0.0000000   0.0000000   0.0000000   0.0000000   0.0000000   0.0000000   5.9421300   0.0000000   
0.0000000   0.0000000   -5.4340000  0.0000000   0.0000000   0.0000000   0.0000000   0.0000000   0.0000000   5.9618000   
