0.0000000   2.1470071e-05  0.00030599059  5.0466175e-05  -0.00030245524  -1.1353535e-07  1.7884672e-05  -3.2333886e-05  4.0116078e-05  5.1103851e-06  
-2.1470071e-05  0.0000000   0.00026571942  -0.00045545893  0.00032033780  1.8519793e-07  -2.0840093e-07  0.00048781125  -9.4544622e-09  1.9313696e-07  
-0.00030599059  -0.00026571942  0.0000000   0.00044942187  -3.7665647e-08  0.00032030147  2.1358866e-07  6.3532858e-08  0.00048773516  -9.1407153e-08  
-5.0466175e-05  0.00045545893  -0.00044942187  0.0000000   2.4249044e-07  -2.0718124e-07  0.00032027249  -1.1138684e-07  1.9104396e-07  0.00048769498  
0.00030245524  -0.00032033780  3.7665647e-08  -2.4249044e-07  0.0000000   0.00026548705  -0.00045501068  -0.0011968709  -2.0024742e-07  -3.4750383e-08  
1.1353535e-07  -1.8519793e-07  -0.00032030147  2.0718124e-07  -0.00026548705  0.0000000   0.00044907020  -1.2938023e-07  -0.0011968430  -2.1168794e-07  
-1.7884672e-05  2.0840093e-07  -2.1358866e-07  -0.00032027249  0.00045501068  -0.00044907020  0.0000000   -2.2255370e-07  -3.3841179e-08  -0.0011966581  
3.2333886e-05  -0.00048781125  -6.3532858e-08  1.1138684e-07  0.0011968709  1.2938023e-07  2.2255370e-07  0.0000000   0.00026538781  -0.00045491177  
-4.0116078e-05  9.4544622e-09  -0.00048773516  -1.9104396e-07  2.0024742e-07  0.0011968430  3.3841179e-08  -0.00026538781  0.0000000   0.00044892127  
-5.1103851e-06  -1.9313696e-07  9.1407153e-08  -0.00048769498  3.4750383e-08  2.1168794e-07  0.0011966581  0.00045491177  -0.00044892127  0.0000000   
