0.0000000   -1.9981767e-07  -0.00015860798  9.4182978e-05  -0.00013785276  -4.4658529e-05  2.3641619e-06  -0.00017147629  -1.6754396e-05  -2.1362146e-05  
1.9981767e-07  0.0000000   -1.7862125e-05  2.0954368e-05  9.7198366e-06  4.5323465e-06  -7.7521696e-06  -8.0970062e-06  -2.6480472e-05  -1.6268043e-06  
0.00015860798  1.7862125e-05  0.0000000   7.6816659e-07  0.00018498252  0.00011180854  0.00016270635  -0.00067228641  4.1569592e-06  -2.0249013e-05  
-9.4182978e-05  -2.0954368e-05  -7.6816659e-07  0.0000000   0.00036690846  -4.2017689e-05  0.00010630512  -0.00025916847  3.7669610e-05  -8.6211346e-05  
0.00013785276  -9.7198366e-06  -0.00018498252  -0.00036690846  0.0000000   -0.00011843208  5.4381626e-05  0.00071232396  -0.00011008973  -1.9826868e-05  
4.4658529e-05  -4.5323465e-06  -0.00011180854  4.2017689e-05  0.00011843208  0.0000000   3.1819072e-05  -6.1553399e-05  -0.00010904936  3.6852085e-05  
-2.3641619e-06  7.7521696e-06  -0.00016270635  -0.00010630512  -5.4381626e-05  -3.1819072e-05  0.0000000   -0.00040250363  -7.8389385e-05  1.6192715e-05  
0.00017147629  8.0970062e-06  0.00067228641  0.00025916847  -0.00071232396  6.1553399e-05  0.00040250363  0.0000000   -0.00028118825  -9.2065575e-06  
1.6754396e-05  2.6480472e-05  -4.1569592e-06  -3.7669610e-05  0.00011008973  0.00010904936  7.8389385e-05  0.00028118825  0.0000000   2.8912254e-05  
2.1362146e-05  1.6268043e-06  2.0249013e-05  8.6211346e-05  1.9826868e-05  -3.6852085e-05  -1.6192715e-05  9.2065575e-06  -2.8912254e-05  0.0000000   
