0.0000000   1.2727941e-05  -0.00010537652  -3.6030243e-05  -0.00011194169  -6.2065152e-05  -6.2764247e-05  2.9992313e-05  -3.0399648e-05  3.3265388e-05  
-1.2727941e-05  0.0000000   -2.2516868e-05  0.00041439919  0.00018289611  -2.5673652e-07  -3.1388645e-08  0.00029586340  -4.0298746e-07  3.1779109e-09  
0.00010537652  2.2516868e-05  0.0000000   0.0036593623  -2.5463758e-07  0.00018083510  -2.7704702e-07  -4.0363425e-07  0.00029244902  2.2583138e-08  
3.6030243e-05  -0.00041439919  -0.0036593623  0.0000000   6.5922646e-08  2.9477165e-07  0.00018077935  -1.2787223e-08  1.7063539e-08  0.00029238968  
0.00011194169  -0.00018289611  2.5463758e-07  -6.5922646e-08  0.0000000   -2.2478758e-05  0.00041437821  0.00022552256  -3.2639454e-07  -2.4990778e-08  
6.2065152e-05  2.5673652e-07  -0.00018083510  -2.9477165e-07  2.2478758e-05  0.0000000   0.0036594985  -3.0176115e-07  0.00022292152  -1.6687823e-07  
6.2764247e-05  3.1388645e-08  2.7704702e-07  -0.00018077935  -0.00041437821  -0.0036594985  0.0000000   9.4359438e-09  2.0006008e-07  0.00022287694  
-2.9992313e-05  -0.00029586340  4.0363425e-07  1.2787223e-08  -0.00022552256  3.0176115e-07  -9.4359438e-09  0.0000000   -2.2500347e-05  0.00041441214  
3.0399648e-05  4.0298746e-07  -0.00029244902  -1.7063539e-08  3.2639454e-07  -0.00022292152  -2.0006008e-07  2.2500347e-05  0.0000000   0.0036595148  
-3.3265388e-05  -3.1779109e-09  -2.2583138e-08  -0.00029238968  2.4990778e-08  1.6687823e-07  -0.00022287694  -0.00041441214  -0.0036595148  0.0000000   
