0.0000000   0.00044282508  0.00020463450  -5.8485385e-05  3.4313127e-05  8.8048224e-06  -0.00044282508  0.0000000   -0.00018990371  -2.3467266e-05  
-1.8000560e-05  6.0747751e-05  -0.00020463450  0.00018990371  0.0000000   -2.3281235e-05  4.5515843e-05  -2.1864489e-05  5.8485385e-05  2.3467266e-05  
2.3281235e-05  0.0000000   0.00018458182  0.00015466603  -3.4313127e-05  1.8000560e-05  -4.5515843e-05  -0.00018458182  0.0000000   0.00038303389  
-8.8048224e-06  -6.0747751e-05  2.1864489e-05  -0.00015466603  -0.00038303389  0.0000000   -7.9890415e-321  0.0000000   0.0000000   0.0000000   
0.0000000   0.0000000   0.0000000   0.0000000   0.0000000   0.0000000   0.0000000   0.0000000   0.0000000   0.0000000   
0.0000000   0.0000000   0.0000000   0.0000000   0.0000000   0.0000000   0.0000000   0.0000000   0.0000000   0.0000000   
0.0000000   0.0000000   0.0000000   0.0000000   0.0000000   0.0000000   0.0000000   0.0000000   0.0000000   0.0000000   
0.0000000   0.0000000   0.0000000   0.0000000   0.0000000   0.0000000   0.0000000   0.0000000   0.0000000   0.0000000   
0.0000000   0.0000000   0.0000000   0.0000000   0.0000000   0.0000000   0.0000000   0.0000000   0.0000000   0.0000000   
0.0000000   0.0000000   0.0000000   0.0000000   0.0000000   0.0000000   0.0000000   0.0000000   0.0000000   0.0000000   
