0.0000000   -4.4091984e-06  -0.00013899296  -5.3423265e-05  0.00010446828  5.8029062e-06  8.5128237e-07  5.1843207e-06  2.3335453e-05  -6.5826898e-07  
4.4091984e-06  0.0000000   1.5696919e-05  1.9761279e-05  -2.9422996e-05  9.0107153e-06  -0.00016747264  0.00049195974  -0.00049575679  -0.0019168483  
0.00013899296  -1.5696919e-05  0.0000000   0.0041459407  -0.00053256547  6.2939833e-06  1.9470262e-05  3.2025751e-05  -0.0017060441  -0.00061674645  
5.3423265e-05  -1.9761279e-05  -0.0041459407  0.0000000   0.0031480114  3.3031377e-05  9.5640401e-05  9.8039129e-05  2.5798259e-05  0.00022955838  
-0.00010446828  2.9422996e-05  0.00053256547  -0.0031480114  0.0000000   -1.3463304e-05  -3.1734212e-05  8.9483654e-05  -0.0010594726  -0.00051148428  
-5.8029062e-06  -9.0107153e-06  -6.2939833e-06  -3.3031377e-05  1.3463304e-05  0.0000000   6.1477580e-05  -0.0023213304  0.0041215101  0.016036182  
-8.5128237e-07  0.00016747264  -1.9470262e-05  -9.5640401e-05  3.1734212e-05  -6.1477580e-05  0.0000000   0.00092017513  -0.0026479422  -0.011025954  
-5.1843207e-06  -0.00049195974  -3.2025751e-05  -9.8039129e-05  -8.9483654e-05  0.0023213304  -0.00092017513  0.0000000   -9.9073484e-06  -0.00014097461  
-2.3335453e-05  0.00049575679  0.0017060441  -2.5798259e-05  0.0010594726  -0.0041215101  0.0026479422  9.9073484e-06  0.0000000   -2.5776720e-05  
6.5826898e-07  0.0019168483  0.00061674645  -0.00022955838  0.00051148428  -0.016036182  0.011025954  0.00014097461  2.5776720e-05  0.0000000   
