0.0000000   0.0000000   0.0000000   0.0000000   0.0000000   0.0000000   0.0000000   0.0000000   0.0000000   0.0000000   
0.0000000   3.1054600   0.0000000   0.0000000   0.0000000   0.0000000   0.0000000   0.0000000   0.0000000   0.0000000   
0.0000000   0.0000000   3.3330500   0.0000000   0.0000000   0.0000000   0.0000000   0.0000000   0.0000000   0.0000000   
0.0000000   0.0000000   0.0000000   4.0399500   0.0000000   0.0000000   -2.9248686e-321  0.0000000   0.0000000   0.0000000   
0.0000000   0.0000000   0.0000000   0.0000000   4.3995600   0.0000000   0.0000000   0.0000000   -3.1725000  0.0000000   
0.0000000   0.0000000   0.0000000   0.0000000   0.0000000   4.4762800   0.0000000   0.0000000   0.0000000   -3.8120000  
0.0000000   0.0000000   0.0000000   0.0000000   0.0000000   0.0000000   4.8827000   0.0000000   0.0000000   0.0000000   
-4.1420000  0.0000000   0.0000000   0.0000000   0.0000000   0.0000000   0.0000000   5.3718800   0.0000000   0.0000000   
0.0000000   -3.9860000  0.0000000   0.0000000   0.0000000   0.0000000   0.0000000   0.0000000   5.9210300   0.0000000   
0.0000000   0.0000000   -5.4340000  0.0000000   0.0000000   0.0000000   0.0000000   0.0000000   0.0000000   5.9578700   
