0.0000000   8.7991757e-05  -7.3269951e-05  -3.7945195e-05  8.7796704e-05  1.4422498e-05  -8.7991757e-05  0.0000000   -0.00020047247  -8.8363799e-05  
-1.8789354e-05  8.6568537e-05  7.3269951e-05  0.00020047247  0.0000000   -2.3373972e-05  -6.2293636e-05  4.7769652e-05  3.7945195e-05  8.8363799e-05  
2.3373972e-05  0.0000000   -0.00024756386  8.6658585e-05  -8.7796704e-05  1.8789354e-05  6.2293636e-05  0.00024756386  0.0000000   0.00066746512  
-1.4422498e-05  -8.6568537e-05  -4.7769652e-05  -8.6658585e-05  -0.00066746512  0.0000000   -2.9298093e-321  3.4534885e+268  -2.8829084e-05  0.00012827514  
-6.3175921e-05  -0.00012835314  -3.1333078e-06  2.8829084e-05  0.0000000   -0.00041322593  0.00010792139  -1.3064868e-05  -0.00012967281  -0.00012827514  
0.00041322593  0.0000000   1.3902431e-05  0.00010360355  7.7720155e-05  6.3175921e-05  -0.00010792139  -1.3902431e-05  0.0000000   -0.00043145362  
-0.00011757085  0.00012835314  1.3064868e-05  -0.00010360355  0.00043145362  0.0000000   -0.00075878638  3.1333078e-06  0.00012967281  -7.7720155e-05  
0.00011757085  0.00075878638  0.0000000   -2.9298093e-321  3.4534885e+268  0.0000000   0.0000000   0.0000000   0.0000000   0.0000000   
0.0000000   0.0000000   0.0000000   0.0000000   0.0000000   0.0000000   0.0000000   0.0000000   0.0000000   0.0000000   
0.0000000   0.0000000   0.0000000   0.0000000   0.0000000   0.0000000   0.0000000   0.0000000   0.0000000   0.0000000   
