0.0000000   -1.0044968e-05  -5.7447382e-05  -9.8293079e-05  -6.5515394e-05  2.2289954e-05  2.0816369e-05  7.0414936e-05  8.1353582e-06  1.2023384e-06  
1.0044968e-05  0.0000000   2.6745803e-05  0.00018463147  5.2010654e-06  1.4882688e-09  6.1096527e-08  0.00014761141  -1.9508658e-07  2.4224912e-08  
5.7447382e-05  -2.6745803e-05  0.0000000   0.0077846524  -5.8092328e-08  4.9355476e-06  2.4559967e-06  -1.3607671e-07  0.00013969268  -2.1640717e-07  
9.8293079e-05  -0.00018463147  -0.0077846524  0.0000000   -2.4336482e-08  -2.4436293e-06  4.9363251e-06  2.0934902e-08  1.8129945e-07  0.00013972214  
6.5515394e-05  -5.2010654e-06  5.8092328e-08  2.4336482e-08  0.0000000   2.6598221e-05  0.00018368356  -0.0025060383  3.3038779e-06  -4.8078665e-07  
-2.2289954e-05  -1.4882688e-09  -4.9355476e-06  2.4436293e-06  -2.6598221e-05  0.0000000   0.0077438991  3.2916583e-06  -0.0023715755  1.1571227e-06  
-2.0816369e-05  -6.1096527e-08  -2.4559967e-06  -4.9363251e-06  -0.00018368356  -0.0077438991  0.0000000   -5.0933399e-07  -6.5898342e-07  -0.0023722461  
-7.0414936e-05  -0.00014761141  1.3607671e-07  -2.0934902e-08  0.0025060383  -3.2916583e-06  5.0933399e-07  0.0000000   2.6599983e-05  0.00018366033  
-8.1353582e-06  1.9508658e-07  -0.00013969268  -1.8129945e-07  -3.3038779e-06  0.0023715755  6.5898342e-07  -2.6599983e-05  0.0000000   0.0077434075  
-1.2023384e-06  -2.4224912e-08  2.1640717e-07  -0.00013972214  4.8078665e-07  -1.1571227e-06  0.0023722461  -0.00018366033  -0.0077434075  0.0000000   
