0.0000000   0.0016465489  0.00021868820  5.0226411e-05  0.00015571035  -1.7185317e-05  -0.0016465489  0.0000000   0.00030838976  0.00012879969  
-6.2703312e-06  0.00016842188  -0.00021868820  -0.00030838976  0.0000000   9.4834946e-06  -0.00015823223  1.7475185e-05  -5.0226411e-05  -0.00012879969  
-9.4834946e-06  0.0000000   -0.00031087128  0.00023870446  -0.00015571035  6.2703312e-06  0.00015823223  0.00031087128  0.0000000   0.0024754885  
1.7185317e-05  -0.00016842188  -1.7475185e-05  -0.00023870446  -0.0024754885  0.0000000   -7.9890415e-321  0.0000000   0.0000000   0.0000000   
0.0000000   0.0000000   0.0000000   0.0000000   0.0000000   0.0000000   0.0000000   0.0000000   0.0000000   0.0000000   
0.0000000   0.0000000   0.0000000   0.0000000   0.0000000   0.0000000   0.0000000   0.0000000   0.0000000   0.0000000   
0.0000000   0.0000000   0.0000000   0.0000000   0.0000000   0.0000000   0.0000000   0.0000000   0.0000000   0.0000000   
0.0000000   0.0000000   0.0000000   0.0000000   0.0000000   0.0000000   0.0000000   0.0000000   0.0000000   0.0000000   
0.0000000   0.0000000   0.0000000   0.0000000   0.0000000   0.0000000   0.0000000   0.0000000   0.0000000   0.0000000   
0.0000000   0.0000000   0.0000000   0.0000000   0.0000000   0.0000000   0.0000000   0.0000000   0.0000000   0.0000000   
