0.0000000   0.00079915777  -4.4382684e-06  4.1328873e-05  1.4433121e-05  2.8264399e-05  -0.00079915777  0.0000000   -0.00012909710  -0.00014735655  
-1.6480658e-05  1.1809387e-05  4.4382684e-06  0.00012909710  0.0000000   -2.9760548e-05  9.7102182e-05  0.00011059514  -4.1328873e-05  0.00014735655  
2.9760548e-05  0.0000000   3.4825574e-05  0.00014070125  -1.4433121e-05  1.6480658e-05  -9.7102182e-05  -3.4825574e-05  0.0000000   -0.0047463223  
-2.8264399e-05  -1.1809387e-05  -0.00011059514  -0.00014070125  0.0047463223  0.0000000   -7.9890415e-321  0.0000000   0.0000000   0.0000000   
0.0000000   0.0000000   0.0000000   0.0000000   0.0000000   0.0000000   0.0000000   0.0000000   0.0000000   0.0000000   
0.0000000   0.0000000   0.0000000   0.0000000   0.0000000   0.0000000   0.0000000   0.0000000   0.0000000   0.0000000   
0.0000000   0.0000000   0.0000000   0.0000000   0.0000000   0.0000000   0.0000000   0.0000000   0.0000000   0.0000000   
0.0000000   0.0000000   0.0000000   0.0000000   0.0000000   0.0000000   0.0000000   0.0000000   0.0000000   0.0000000   
0.0000000   0.0000000   0.0000000   0.0000000   0.0000000   0.0000000   0.0000000   0.0000000   0.0000000   0.0000000   
0.0000000   0.0000000   0.0000000   0.0000000   0.0000000   0.0000000   0.0000000   0.0000000   0.0000000   0.0000000   
