0.0000000   -1.9221771e-05  0.00024665337  -9.3228490e-05  -0.00025759461  -1.7099499e-05  -0.00013105162  -8.7172118e-05  -0.00014239044  3.3546170e-06  
1.9221771e-05  0.0000000   -0.00038950543  -3.7414552e-05  -0.00024486806  2.4165067e-08  -2.5266486e-07  5.2010311e-05  1.8511989e-07  7.2704076e-08  
-0.00024665337  0.00038950543  0.0000000   -0.0031783342  8.3422329e-08  -0.00024271307  -2.7935137e-08  -8.7145386e-08  5.1592703e-05  1.6027004e-06  
9.3228490e-05  3.7414552e-05  0.0031783342  0.0000000   -4.6087691e-08  1.0000662e-07  -0.00024258342  6.0226831e-08  -1.5183737e-06  5.1564332e-05  
0.00025759461  0.00024486806  -8.3422329e-08  4.6087691e-08  0.0000000   -0.00038837973  -3.7286445e-05  0.0018756632  -2.4083921e-07  1.9020628e-06  
1.7099499e-05  -2.4165067e-08  0.00024271307  -1.0000662e-07  0.00038837973  0.0000000   -0.0031690810  -3.0241876e-07  0.0018595606  7.4195497e-08  
0.00013105162  2.5266486e-07  2.7935137e-08  0.00024258342  3.7286445e-05  0.0031690810  0.0000000   1.8239088e-06  -4.2113202e-07  0.0018591387  
8.7172118e-05  -5.2010311e-05  8.7145386e-08  -6.0226831e-08  -0.0018756632  3.0241876e-07  -1.8239088e-06  0.0000000   -0.00038836270  -3.7286785e-05  
0.00014239044  -1.8511989e-07  -5.1592703e-05  1.5183737e-06  2.4083921e-07  -0.0018595606  4.2113202e-07  0.00038836270  0.0000000   -0.0031696417  
-3.3546170e-06  -7.2704076e-08  -1.6027004e-06  -5.1564332e-05  -1.9020628e-06  -7.4195497e-08  -0.0018591387  3.7286785e-05  0.0031696417  0.0000000   
