0.0000000   -0.0035087535  3.6056832e-05  -1.5671133e-05  -0.00010154301  -4.3763764e-05  0.0035087535  0.0000000   0.00024981251  0.00016581247  
2.8886945e-05  -0.00011282027  -3.6056832e-05  -0.00024981251  0.0000000   6.7723553e-06  0.00015434631  8.4705819e-05  1.5671133e-05  -0.00016581247  
-6.7723553e-06  0.0000000   0.00021491720  5.8623180e-05  0.00010154301  -2.8886945e-05  -0.00015434631  -0.00021491720  0.0000000   -0.0017426515  
4.3763764e-05  0.00011282027  -8.4705819e-05  -5.8623180e-05  0.0017426515  0.0000000   -7.9890415e-321  0.0000000   0.0000000   0.0000000   
0.0000000   0.0000000   0.0000000   0.0000000   0.0000000   0.0000000   0.0000000   0.0000000   0.0000000   0.0000000   
0.0000000   0.0000000   0.0000000   0.0000000   0.0000000   0.0000000   0.0000000   0.0000000   0.0000000   0.0000000   
0.0000000   0.0000000   0.0000000   0.0000000   0.0000000   0.0000000   0.0000000   0.0000000   0.0000000   0.0000000   
0.0000000   0.0000000   0.0000000   0.0000000   0.0000000   0.0000000   0.0000000   0.0000000   0.0000000   0.0000000   
0.0000000   0.0000000   0.0000000   0.0000000   0.0000000   0.0000000   0.0000000   0.0000000   0.0000000   0.0000000   
0.0000000   0.0000000   0.0000000   0.0000000   0.0000000   0.0000000   0.0000000   0.0000000   0.0000000   0.0000000   
