0.0000000   9.6310649e-07  -4.9226131e-05  2.2151859e-05  -0.00021484806  1.1913908e-06  -4.7760566e-05  -2.3071124e-05  -1.1515287e-06  -1.8023971e-06  
-9.6310649e-07  0.0000000   -0.00014620608  0.00028409808  8.6834570e-05  -6.3706322e-05  -0.00021626164  2.1599124e-05  0.00059420684  0.0021884573  
4.9226131e-05  0.00014620608  0.0000000   -0.00070170132  0.00024382129  -5.8586195e-05  0.00052450534  -0.0046027413  -0.00024072689  -0.00023508862  
-2.2151859e-05  -0.00028409808  0.00070170132  0.0000000   -0.00054261768  -0.00019571716  0.00012780171  0.013126258  0.00061839058  0.00058251767  
0.00021484806  -8.6834570e-05  -0.00024382129  0.00054261768  0.0000000   0.00027424399  0.00016706136  0.0015745370  9.1298527e-05  8.0394807e-05  
-1.1913908e-06  6.3706322e-05  5.8586195e-05  0.00019571716  -0.00027424399  0.0000000   0.00098083962  -0.00015926744  0.00011930402  0.00046139986  
4.7760566e-05  0.00021626164  -0.00052450534  -0.00012780171  -0.00016706136  -0.00098083962  0.0000000   -8.0535026e-05  -2.1762132e-05  -0.00011925866  
2.3071124e-05  -2.1599124e-05  0.0046027413  -0.013126258  -0.0015745370  0.00015926744  8.0535026e-05  0.0000000   -0.00031074001  -0.00024859060  
1.1515287e-06  -0.00059420684  0.00024072689  -0.00061839058  -9.1298527e-05  -0.00011930402  2.1762132e-05  0.00031074001  0.0000000   0.00087004983  
1.8023971e-06  -0.0021884573  0.00023508862  -0.00058251767  -8.0394807e-05  -0.00046139986  0.00011925866  0.00024859060  -0.00087004983  0.0000000   
