0.0000000   1.3981043e-06  -1.3220401e-06  1.1415622e-05  -0.00031660802  -6.9706559e-06  0.00010392960  5.2697496e-05  9.5805714e-05  1.9425786e-05  
-1.3981043e-06  0.0000000   -0.00051329532  -8.9008011e-05  -1.2624480e-06  1.2079557e-05  2.2775665e-06  5.0879605e-06  1.8680718e-06  3.2567725e-07  
1.3220401e-06  0.00051329532  0.0000000   0.0014647784  -7.9685517e-06  -6.2284986e-07  -3.5862549e-05  -2.3875237e-06  3.7407007e-06  -5.1096420e-06  
-1.1415622e-05  8.9008011e-05  -0.0014647784  0.0000000   -1.4776493e-06  3.4520921e-05  -9.1595601e-07  -3.9979413e-07  4.6691286e-06  4.9517446e-06  
0.00031660802  1.2624480e-06  7.9685517e-06  1.4776493e-06  0.0000000   0.00051326499  8.8984979e-05  0.00040694418  3.8447295e-08  -3.0685856e-07  
6.9706559e-06  -1.2079557e-05  6.2284986e-07  -3.4520921e-05  -0.00051326499  0.0000000   -0.0014646596  8.1617454e-08  0.00040633702  5.4146866e-08  
-0.00010392960  -2.2775665e-06  3.5862549e-05  9.1595601e-07  -8.8984979e-05  0.0014646596  0.0000000   -2.5061281e-07  -6.1433394e-08  0.00040632179  
-5.2697496e-05  -5.0879605e-06  2.3875237e-06  3.9979413e-07  -0.00040694418  -8.1617454e-08  2.5061281e-07  0.0000000   0.00051336762  8.9046484e-05  
-9.5805714e-05  -1.8680718e-06  -3.7407007e-06  -4.6691286e-06  -3.8447295e-08  -0.00040633702  6.1433394e-08  -0.00051336762  0.0000000   -0.0014651179  
-1.9425786e-05  -3.2567725e-07  5.1096420e-06  -4.9517446e-06  3.0685856e-07  -5.4146866e-08  -0.00040632179  -8.9046484e-05  0.0014651179  0.0000000   
