0.0000000   8.6203231e-05  0.00018990665  2.3414205e-05  0.00011185805  5.2132447e-07  5.5184876e-05  -0.00015177127  2.6832312e-05  1.4659766e-05  
-8.6203231e-05  0.0000000   -0.00023836569  0.00039403679  0.00042986924  7.8684102e-07  6.0027546e-07  0.00034913048  7.0712203e-07  3.9111439e-07  
-0.00018990665  0.00023836569  0.0000000   -0.0057070535  8.3726055e-07  0.00041770218  -2.1339348e-07  5.9531309e-07  0.00033925266  1.4499504e-06  
-2.3414205e-05  -0.00039403679  0.0057070535  0.0000000   4.6003699e-07  3.1227983e-07  0.00041752993  6.9591749e-07  -1.3647414e-06  0.00033913750  
-0.00011185805  -0.00042986924  -8.3726055e-07  -4.6003699e-07  0.0000000   -0.00023838909  0.00039396253  -0.00027371533  -5.3429663e-07  -3.7294157e-07  
-5.2132447e-07  -7.8684102e-07  -0.00041770218  -3.1227983e-07  0.00023838909  0.0000000   -0.0057070956  -5.9073102e-07  -0.00026598542  3.7928113e-07  
-5.5184876e-05  -6.0027546e-07  2.1339348e-07  -0.00041752993  -0.00039396253  0.0057070956  0.0000000   -3.3431746e-07  -4.4854768e-07  -0.00026586579  
0.00015177127  -0.00034913048  -5.9531309e-07  -6.9591749e-07  0.00027371533  5.9073102e-07  3.3431746e-07  0.0000000   -0.00023837293  0.00039401876  
-2.6832312e-05  -7.0712203e-07  -0.00033925266  1.3647414e-06  5.3429663e-07  0.00026598542  4.4854768e-07  0.00023837293  0.0000000   -0.0057084597  
-1.4659766e-05  -3.9111439e-07  -1.4499504e-06  -0.00033913750  3.7294157e-07  -3.7928113e-07  0.00026586579  -0.00039401876  0.0057084597  0.0000000   
