0.0000000   -6.9807683e-05  4.8763675e-06  5.4053209e-05  2.0439870e-05  -6.9792656e-05  -0.00045569917  -9.1956541e-05  -2.5209751e-05  2.6779062e-05  
6.9807683e-05  0.0000000   3.5152441e-05  0.00022928277  0.00057147765  -0.0097862947  0.00060595322  0.00022142323  0.00075050843  -0.0019384377  
-4.8763675e-06  -3.5152441e-05  0.0000000   0.00031331128  -0.014095760  -1.2420068e-05  0.00053329143  0.015053060  -0.00051683856  -0.00016371214  
-5.4053209e-05  -0.00022928277  -0.00031331128  0.0000000   -0.0050860023  7.3209596e-05  0.00050653906  -0.010232479  -0.00035393368  -0.00033219276  
-2.0439870e-05  -0.00057147765  0.014095760  0.0050860023  0.0000000   -8.2638404e-06  -0.00039255590  -2.5679170e-06  0.00041293466  -0.00019269854  
6.9792656e-05  0.0097862947  1.2420068e-05  -7.3209596e-05  8.2638404e-06  0.0000000   0.00021557355  -1.5870304e-06  -0.0020160300  0.0015333150  
0.00045569917  -0.00060595322  -0.00053329143  -0.00050653906  0.00039255590  -0.00021557355  0.0000000   -0.00025472544  -0.00011345434  -0.0029669764  
9.1956541e-05  -0.00022142323  -0.015053060  0.010232479  2.5679170e-06  1.5870304e-06  0.00025472544  0.0000000   -0.00031842445  -0.00010675616  
2.5209751e-05  -0.00075050843  0.00051683856  0.00035393368  -0.00041293466  0.0020160300  0.00011345434  0.00031842445  0.0000000   -0.0016391937  
-2.6779062e-05  0.0019384377  0.00016371214  0.00033219276  0.00019269854  -0.0015333150  0.0029669764  0.00010675616  0.0016391937  0.0000000   
