0.0000000   -3.2067122e-05  -2.7910136e-05  -1.0860557e-05  3.0082275e-05  -0.00010251196  1.6616002e-05  -1.6162506e-05  1.0602880e-05  3.6423010e-06  
3.2067122e-05  0.0000000   1.1828961e-05  1.4580017e-05  -0.00032941539  -8.2885264e-05  1.9108905e-05  -9.0834071e-05  -1.7511480e-05  -2.5669927e-06  
2.7910136e-05  -1.1828961e-05  0.0000000   -0.00015863826  0.0031358711  -0.00036809995  -0.00082311612  -0.0032498913  0.00047484782  -1.2107293e-05  
1.0860557e-05  -1.4580017e-05  0.00015863826  0.0000000   -0.00045652863  -0.00016511930  6.9953619e-05  -0.00041305554  0.00011859423  -7.5027210e-05  
-3.0082275e-05  0.00032941539  -0.0031358711  0.00045652863  0.0000000   -0.00055599290  -0.00031703632  -0.0021790940  0.00020134904  2.3905187e-06  
0.00010251196  8.2885264e-05  0.00036809995  0.00016511930  0.00055599290  0.0000000   7.6459614e-06  0.00050171649  0.00017335355  2.6887057e-05  
-1.6616002e-05  -1.9108905e-05  0.00082311612  -6.9953619e-05  0.00031703632  -7.6459614e-06  0.0000000   -0.00080986623  -0.00019874855  0.00066629115  
1.6162506e-05  9.0834071e-05  0.0032498913  0.00041305554  0.0021790940  -0.00050171649  0.00080986623  0.0000000   -0.00061713395  2.3497802e-05  
-1.0602880e-05  1.7511480e-05  -0.00047484782  -0.00011859423  -0.00020134904  -0.00017335355  0.00019874855  0.00061713395  0.0000000   -0.00090566886  
-3.6423010e-06  2.5669927e-06  1.2107293e-05  7.5027210e-05  -2.3905187e-06  -2.6887057e-05  -0.00066629115  -2.3497802e-05  0.00090566886  0.0000000   
