0.0000000   -0.00052877706  5.2647105e-05  -2.0126284e-05  0.00010262433  3.2715933e-05  0.00052877706  0.0000000   8.7700435e-05  -4.0972675e-05  
5.7965936e-06  0.00011184466  -5.2647105e-05  -8.7700435e-05  0.0000000   5.9559901e-07  4.7257136e-05  2.5546814e-05  2.0126284e-05  4.0972675e-05  
-5.9559901e-07  0.0000000   -1.4081686e-05  0.00020904851  -0.00010262433  -5.7965936e-06  -4.7257136e-05  1.4081686e-05  0.0000000   -0.0016068583  
-3.2715933e-05  -0.00011184466  -2.5546814e-05  -0.00020904851  0.0016068583  0.0000000   -7.9890415e-321  0.0000000   0.0000000   0.0000000   
0.0000000   0.0000000   0.0000000   0.0000000   0.0000000   0.0000000   0.0000000   0.0000000   0.0000000   0.0000000   
0.0000000   0.0000000   0.0000000   0.0000000   0.0000000   0.0000000   0.0000000   0.0000000   0.0000000   0.0000000   
0.0000000   0.0000000   0.0000000   0.0000000   0.0000000   0.0000000   0.0000000   0.0000000   0.0000000   0.0000000   
0.0000000   0.0000000   0.0000000   0.0000000   0.0000000   0.0000000   0.0000000   0.0000000   0.0000000   0.0000000   
0.0000000   0.0000000   0.0000000   0.0000000   0.0000000   0.0000000   0.0000000   0.0000000   0.0000000   0.0000000   
0.0000000   0.0000000   0.0000000   0.0000000   0.0000000   0.0000000   0.0000000   0.0000000   0.0000000   0.0000000   
