0.0000000   3.1310876e-06  -5.5457819e-05  -0.00016955990  -0.00020658552  0.00011365863  7.8728651e-06  -7.1594556e-06  -1.3326589e-06  -9.4373812e-05  
-3.1310876e-06  0.0000000   -5.7273562e-05  8.6318279e-05  -6.9396692e-06  8.3459280e-09  -7.1155520e-09  8.4907016e-05  -6.1114567e-09  -9.1867013e-09  
5.5457819e-05  5.7273562e-05  0.0000000   0.0012446627  -3.6064433e-08  -6.9092134e-06  -1.0372818e-07  -6.9213265e-09  8.4795938e-05  5.5521924e-08  
0.00016955990  -8.6318279e-05  -0.0012446627  0.0000000   2.2436175e-08  1.0158467e-07  -6.9005185e-06  -3.6172754e-08  -5.5896946e-08  8.4790477e-05  
0.00020658552  6.9396692e-06  3.6064433e-08  -2.2436175e-08  0.0000000   -5.7259810e-05  8.6327544e-05  0.00071738839  -5.3821500e-09  -1.0363607e-07  
-0.00011365863  -8.3459280e-09  6.9092134e-06  -1.0158467e-07  5.7259810e-05  0.0000000   0.0012443128  -5.9104523e-09  0.00071642604  5.3253436e-08  
-7.8728651e-06  7.1155520e-09  1.0372818e-07  6.9005185e-06  -8.6327544e-05  -0.0012443128  0.0000000   -1.0323592e-07  -4.2098079e-08  0.00071640962  
7.1594556e-06  -8.4907016e-05  6.9213265e-09  3.6172754e-08  -0.00071738839  5.9104523e-09  1.0323592e-07  0.0000000   -5.7245325e-05  8.6294696e-05  
1.3326589e-06  6.1114567e-09  -8.4795938e-05  5.5896946e-08  5.3821500e-09  -0.00071642604  4.2098079e-08  5.7245325e-05  0.0000000   0.0012441279  
9.4373812e-05  9.1867013e-09  -5.5521924e-08  -8.4790477e-05  1.0363607e-07  -5.3253436e-08  -0.00071640962  -8.6294696e-05  -0.0012441279  0.0000000   
