0.0000000   -2.3627207e-05  -6.9630278e-05  5.4298977e-05  -3.9705776e-05  -8.8500406e-05  -7.2386303e-05  7.4911974e-05  2.0276539e-05  -2.8855433e-06  
2.3627207e-05  0.0000000   0.00026548417  -0.00055879480  8.5974613e-05  -0.00059080989  0.00018190500  0.00039866386  -0.00013847054  -0.00011238428  
6.9630278e-05  -0.00026548417  0.0000000   -0.019062350  0.0017175011  -1.7600858e-05  -0.0012025781  -0.00023639478  -4.1340876e-05  -0.00011535153  
-5.4298977e-05  0.00055879480  0.019062350  0.0000000   -0.0012682892  -9.2149188e-06  0.00035088553  2.5367453e-05  0.00027186724  -0.00033717587  
3.9705776e-05  -8.5974613e-05  -0.0017175011  0.0012682892  0.0000000   0.00067707439  0.013625714  -8.9227679e-05  0.0076584033  0.0056779014  
8.8500406e-05  0.00059080989  1.7600858e-05  9.2149188e-06  -0.00067707439  0.0000000   -0.0014774555  0.0047017522  0.0024326088  -0.00086120174  
7.2386303e-05  -0.00018190500  0.0012025781  -0.00035088553  -0.013625714  0.0014774555  0.0000000   -0.00058708441  -0.0031840210  0.011592191  
-7.4911974e-05  -0.00039866386  0.00023639478  -2.5367453e-05  8.9227679e-05  -0.0047017522  0.00058708441  0.0000000   0.00043368956  0.00042555815  
-2.0276539e-05  0.00013847054  4.1340876e-05  -0.00027186724  -0.0076584033  -0.0024326088  0.0031840210  -0.00043368956  0.0000000   -0.018131806  
2.8855433e-06  0.00011238428  0.00011535153  0.00033717587  -0.0056779014  0.00086120174  -0.011592191  -0.00042555815  0.018131806  0.0000000   
