0.0000000   1.3434828e-05  2.2364030e-05  -5.8242148e-05  -2.3253608e-05  -0.00013797975  4.2026473e-05  2.4787614e-05  6.7946867e-05  0.00012222376  
-1.3434828e-05  0.0000000   -0.00054001895  4.6744799e-06  0.00015608027  -1.1967267e-06  6.9601313e-07  0.00043983928  4.3963598e-07  2.0069408e-06  
-2.2364030e-05  0.00054001895  0.0000000   -0.0091135485  1.2034113e-06  0.00014452539  -2.0115494e-05  -4.5811694e-07  0.00040706375  7.6542357e-06  
5.8242148e-05  -4.6744799e-06  0.0091135485  0.0000000   7.0421433e-07  2.0166503e-05  0.00014463857  2.0058039e-06  -7.4718627e-06  0.00040725516  
2.3253608e-05  -0.00015608027  -1.2034113e-06  -7.0421433e-07  0.0000000   -0.00052498825  4.5847897e-06  -0.0056678204  -4.4640239e-08  -2.5756295e-05  
0.00013797975  1.1967267e-06  -0.00014452539  -2.0166503e-05  0.00052498825  0.0000000   -0.0088597152  -1.0464564e-07  -0.0052460593  -4.6044380e-07  
-4.2026473e-05  -6.9601313e-07  2.0115494e-05  -0.00014463857  -4.5847897e-06  0.0088597152  0.0000000   -2.5700981e-05  -1.3254735e-06  -0.0052486174  
-2.4787614e-05  -0.00043983928  4.5811694e-07  -2.0058039e-06  0.0056678204  1.0464564e-07  2.5700981e-05  0.0000000   -0.00052512290  4.5846487e-06  
-6.7946867e-05  -4.3963598e-07  -0.00040706375  7.4718627e-06  4.4640239e-08  0.0052460593  1.3254735e-06  0.00052512290  0.0000000   -0.0088613189  
-0.00012222376  -2.0069408e-06  -7.6542357e-06  -0.00040725516  2.5756295e-05  4.6044380e-07  0.0052486174  -4.5846487e-06  0.0088613189  0.0000000   
