0.0000000   -1.0598879e-05  -0.00019870468  0.00018398454  0.00022787941  -2.4331230e-05  -7.3135780e-06  0.00014780555  1.8151272e-06  2.1432528e-05  
1.0598879e-05  0.0000000   0.00079876247  0.00039096735  0.00072562062  5.2329081e-07  -2.5220649e-07  -0.00052088852  3.1338079e-07  5.1923566e-07  
0.00019870468  -0.00079876247  0.0000000   -0.00084969690  -6.9780223e-08  0.00072519337  -5.0142989e-07  -5.8263589e-07  -0.00052055670  -3.3351941e-07  
-0.00018398454  -0.00039096735  0.00084969690  0.0000000   -4.9098779e-07  7.2665196e-08  0.00072539125  4.7771525e-08  6.5575584e-07  -0.00052075052  
-0.00022787941  -0.00072562062  6.9780223e-08  4.9098779e-07  0.0000000   0.00079841946  0.00039074027  0.00091127365  5.3068809e-07  -3.6841726e-07  
2.4331230e-05  -5.2329081e-07  -0.00072519337  -7.2665196e-08  -0.00079841946  0.0000000   -0.00084938302  1.4653455e-08  0.00091078987  -5.9053627e-07  
7.3135780e-06  2.5220649e-07  5.0142989e-07  -0.00072539125  -0.00039074027  0.00084938302  0.0000000   -5.9519685e-07  -7.8422275e-09  0.00091110730  
-0.00014780555  0.00052088852  5.8263589e-07  -4.7771525e-08  -0.00091127365  -1.4653455e-08  5.9519685e-07  0.0000000   0.00079857138  0.00039089146  
-1.8151272e-06  -3.1338079e-07  0.00052055670  -6.5575584e-07  -5.3068809e-07  -0.00091078987  7.8422275e-09  -0.00079857138  0.0000000   -0.00084956511  
-2.1432528e-05  -5.1923566e-07  3.3351941e-07  0.00052075052  3.6841726e-07  5.9053627e-07  -0.00091110730  -0.00039089146  0.00084956511  0.0000000   
