0.0000000   -1.3976782e-05  -1.2289866e-05  -8.3845669e-05  2.5224849e-05  2.5383509e-05  3.9541720e-05  9.0797857e-05  2.1823603e-05  -1.8822723e-05  
1.3976782e-05  0.0000000   0.00056135057  0.00010537452  -0.00052326630  -4.3330737e-07  1.7186927e-06  9.4012056e-05  -4.1198401e-07  -4.0214987e-07  
1.2289866e-05  -0.00056135057  0.0000000   -0.0070412139  -2.7581256e-07  -0.00050056175  1.1221719e-06  4.8819691e-07  8.9916123e-05  5.9585756e-06  
8.3845669e-05  -0.00010537452  0.0070412139  0.0000000   1.7432148e-06  -1.0542891e-06  -0.00050053780  -2.1142927e-07  -5.9618846e-06  8.9919226e-05  
-2.5224849e-05  0.00052326630  2.7581256e-07  -1.7432148e-06  0.0000000   0.00056006850  0.00010513162  0.0016300461  1.1413258e-06  -5.3913558e-06  
-2.5383509e-05  4.3330737e-07  0.00050056175  1.0542891e-06  -0.00056006850  0.0000000   -0.0070251840  1.0485025e-06  0.0015593055  -8.3106198e-07  
-3.9541720e-05  -1.7186927e-06  -1.1221719e-06  0.00050053780  -0.00010513162  0.0070251840  0.0000000   -5.4251782e-06  6.1213939e-07  0.0015592544  
-9.0797857e-05  -9.4012056e-05  -4.8819691e-07  2.1142927e-07  -0.0016300461  -1.0485025e-06  5.4251782e-06  0.0000000   0.00056026360  0.00010517360  
-2.1823603e-05  4.1198401e-07  -8.9916123e-05  5.9618846e-06  -1.1413258e-06  -0.0015593055  -6.1213939e-07  -0.00056026360  0.0000000   -0.0070274838  
1.8822723e-05  4.0214987e-07  -5.9585756e-06  -8.9919226e-05  5.3913558e-06  8.3106198e-07  -0.0015592544  -0.00010517360  0.0070274838  0.0000000   
