0.0000000   -0.0018157241  3.1314560e-05  4.6238361e-05  5.5851716e-05  1.6594490e-05  0.0018157241  0.0000000   0.00042867804  0.00010836947  
2.0958917e-06  4.4143922e-05  -3.1314560e-05  -0.00042867804  0.0000000   -6.1178935e-06  0.00011721664  2.6669510e-06  -4.6238361e-05  -0.00010836947  
6.1178935e-06  0.0000000   0.00035650912  -3.4974694e-05  -5.5851716e-05  -2.0958917e-06  -0.00011721664  -0.00035650912  0.0000000   -0.0027910976  
-1.6594490e-05  -4.4143922e-05  -2.6669510e-06  3.4974694e-05  0.0027910976  0.0000000   -7.9890415e-321  0.0000000   0.0000000   0.0000000   
0.0000000   0.0000000   0.0000000   0.0000000   0.0000000   0.0000000   0.0000000   0.0000000   0.0000000   0.0000000   
0.0000000   0.0000000   0.0000000   0.0000000   0.0000000   0.0000000   0.0000000   0.0000000   0.0000000   0.0000000   
0.0000000   0.0000000   0.0000000   0.0000000   0.0000000   0.0000000   0.0000000   0.0000000   0.0000000   0.0000000   
0.0000000   0.0000000   0.0000000   0.0000000   0.0000000   0.0000000   0.0000000   0.0000000   0.0000000   0.0000000   
0.0000000   0.0000000   0.0000000   0.0000000   0.0000000   0.0000000   0.0000000   0.0000000   0.0000000   0.0000000   
0.0000000   0.0000000   0.0000000   0.0000000   0.0000000   0.0000000   0.0000000   0.0000000   0.0000000   0.0000000   
