0.0000000   -1.4742885e-06  -0.00016309739  3.7021223e-05  0.00019016010  -8.9514645e-06  -5.5819131e-05  -2.4046292e-05  -5.9761075e-05  3.4786080e-05  
1.4742885e-06  0.0000000   5.9768927e-05  -0.00012863016  0.00013097665  -5.2390727e-08  -9.5826541e-09  4.8715192e-05  -7.9429035e-09  -3.3160578e-08  
0.00016309739  -5.9768927e-05  0.0000000   -0.0036781469  -4.3000591e-08  0.00012943653  2.4483988e-07  1.1283637e-08  4.8153288e-05  -8.5755769e-07  
-3.7021223e-05  0.00012863016  0.0036781469  0.0000000   8.5957485e-08  -2.6316034e-07  0.00012938857  1.6941819e-09  8.3768553e-07  4.8158241e-05  
-0.00019016010  -0.00013097665  4.3000591e-08  -8.5957485e-08  0.0000000   5.9610497e-05  -0.00012826416  0.0018332270  -6.7121792e-07  -2.2357097e-07  
8.9514645e-06  5.2390727e-08  -0.00012943653  2.6316034e-07  -5.9610497e-05  0.0000000   -0.0036677307  -6.6475709e-07  0.0018119199  -1.1288068e-07  
5.5819131e-05  9.5826541e-09  -2.4483988e-07  -0.00012938857  0.00012826416  0.0036677307  0.0000000   -1.8253459e-07  -4.2598793e-08  0.0018116975  
2.4046292e-05  -4.8715192e-05  -1.1283637e-08  -1.6941819e-09  -0.0018332270  6.6475709e-07  1.8253459e-07  0.0000000   5.9598786e-05  -0.00012826280  
5.9761075e-05  7.9429035e-09  -4.8153288e-05  -8.3768553e-07  6.7121792e-07  -0.0018119199  4.2598793e-08  -5.9598786e-05  0.0000000   -0.0036679725  
-3.4786080e-05  3.3160578e-08  8.5755769e-07  -4.8158241e-05  2.2357097e-07  1.1288068e-07  -0.0018116975  0.00012826280  0.0036679725  0.0000000   
