0.0000000   -1.3278047e-05  2.0107123e-05  -0.00014952196  5.0833072e-05  -1.3791885e-05  -7.0534337e-05  9.4539301e-05  -7.1177337e-05  6.9820301e-06  
1.3278047e-05  0.0000000   -0.00041783514  2.7524271e-06  0.00037776284  2.3801896e-08  1.7144784e-08  -0.00011839987  -7.0003914e-09  -5.2439797e-09  
-2.0107123e-05  0.00041783514  0.0000000   -0.00011165515  3.7743925e-08  0.00037761366  -1.4493748e-07  -2.0927063e-08  -0.00011835702  4.5742446e-08  
0.00014952196  -2.7524271e-06  0.00011165515  0.0000000   3.2699228e-08  -1.3837060e-07  0.00037756756  -1.6362295e-08  3.5456133e-08  -0.00011833197  
-5.0833072e-05  -0.00037776284  -3.7743925e-08  -3.2699228e-08  0.0000000   -0.00041782505  2.7590606e-06  8.9846495e-05  7.9094082e-08  2.3183584e-10  
1.3791885e-05  -2.3801896e-08  -0.00037761366  1.3837060e-07  0.00041782505  0.0000000   -0.00011165900  -6.3679431e-08  8.9799295e-05  -1.3305523e-08  
7.0534337e-05  -1.7144784e-08  1.4493748e-07  -0.00037756756  -2.7590606e-06  0.00011165900  0.0000000   -7.4744020e-10  -5.6364635e-08  8.9799026e-05  
-9.4539301e-05  0.00011839987  2.0927063e-08  1.6362295e-08  -8.9846495e-05  6.3679431e-08  7.4744020e-10  0.0000000   -0.00041806510  2.7546195e-06  
7.1177337e-05  7.0003914e-09  0.00011835702  -3.5456133e-08  -7.9094082e-08  -8.9799295e-05  5.6364635e-08  0.00041806510  0.0000000   -0.00011171699  
-6.9820301e-06  5.2439797e-09  -4.5742446e-08  0.00011833197  -2.3183584e-10  1.3305523e-08  -8.9799026e-05  -2.7546195e-06  0.00011171699  0.0000000   
