0.0000000   4.3561547e-07  0.00016027630  -0.00011964070  9.8472629e-05  1.8402651e-05  -2.1336358e-05  -0.00017577560  3.5676627e-05  4.6278833e-06  
-4.3561547e-07  0.0000000   0.00046886475  0.00026073628  2.4908243e-06  -0.00038331197  1.4646469e-05  0.00014786525  4.1161969e-05  0.00011462233  
-0.00016027630  -0.00046886475  0.0000000   -0.0014086549  0.00012910818  8.0260787e-05  -0.00033575900  0.00011332874  2.3518328e-05  -0.00037600417  
0.00011964070  -0.00026073628  0.0014086549  0.0000000   -0.00021866350  -4.7431802e-05  0.00016599333  -0.00012123568  -0.00041684359  -0.00024363163  
-9.8472629e-05  -2.4908243e-06  -0.00012910818  0.00021866350  0.0000000   -4.3202264e-05  0.0019145470  0.00056162214  -0.00069262319  0.0014744390  
-1.8402651e-05  0.00038331197  -8.0260787e-05  4.7431802e-05  4.3202264e-05  0.0000000   -0.0063331205  0.0026323683  0.0069350770  -0.00037296325  
2.1336358e-05  -1.4646469e-05  0.00033575900  -0.00016599333  -0.0019145470  0.0063331205  0.0000000   -2.4997523e-05  0.0093816311  0.0079785577  
0.00017577560  -0.00014786525  -0.00011332874  0.00012123568  -0.00056162214  -0.0026323683  2.4997523e-05  0.0000000   -0.00026056773  0.00018680723  
-3.5676627e-05  -4.1161969e-05  -2.3518328e-05  0.00041684359  0.00069262319  -0.0069350770  -0.0093816311  0.00026056773  0.0000000   -0.0093413952  
-4.6278833e-06  -0.00011462233  0.00037600417  0.00024363163  -0.0014744390  0.00037296325  -0.0079785577  -0.00018680723  0.0093413952  0.0000000   
