0.0000000   6.1936765e-05  -0.00011961017  -4.0292992e-05  -6.1781768e-06  -5.3185443e-05  5.1507935e-05  9.8958544e-05  3.6344702e-05  3.4189040e-05  
-6.1936765e-05  0.0000000   0.00019446616  -0.00064744533  -0.00021859019  0.00051148611  3.3075383e-05  0.00057912189  2.5385899e-05  3.6611887e-05  
0.00011961017  -0.00019446616  0.0000000   -0.0052407002  -0.0041904879  4.0236745e-06  0.00077023061  8.3942878e-05  0.00016203574  -9.8684495e-05  
4.0292992e-05  0.00064744533  0.0052407002  0.0000000   0.0030382633  2.4547757e-05  -0.00024396742  0.00041525517  0.00027017860  -0.00043521696  
6.1781768e-06  0.00021859019  0.0041904879  -0.0030382633  0.0000000   7.9242176e-05  0.0025405627  0.00085816399  -0.0014083964  1.5592733e-06  
5.3185443e-05  -0.00051148611  -4.0236745e-06  -2.4547757e-05  -7.9242176e-05  0.0000000   -0.00053170737  -0.0013882471  0.00031038653  0.00084080090  
-5.1507935e-05  -3.3075383e-05  -0.00077023061  0.00024396742  -0.0025405627  0.00053170737  0.0000000   0.00063846724  0.00047065166  -0.00051957788  
-9.8958544e-05  -0.00057912189  -8.3942878e-05  -0.00041525517  -0.00085816399  0.0013882471  -0.00063846724  0.0000000   3.2765126e-05  3.8807682e-05  
-3.6344702e-05  -2.5385899e-05  -0.00016203574  -0.00027017860  0.0014083964  -0.00031038653  -0.00047065166  -3.2765126e-05  0.0000000   0.0031993284  
-3.4189040e-05  -3.6611887e-05  9.8684495e-05  0.00043521696  -1.5592733e-06  -0.00084080090  0.00051957788  -3.8807682e-05  -0.0031993284  0.0000000   
