0.0000000   2.6701284e-05  6.6503523e-06  6.4988198e-05  -1.2970410e-05  1.5286659e-05  5.2296704e-05  -0.00018279499  5.0995257e-05  5.8019199e-06  
-2.6701284e-05  0.0000000   -4.8141907e-06  -0.00011526212  2.4270308e-05  -3.5201321e-05  0.00026191140  0.00017915724  0.00014936825  -4.6199584e-05  
-6.6503523e-06  4.8141907e-06  0.0000000   0.00019459803  6.5249776e-05  -6.8409495e-05  -0.00041062510  0.00096436341  -0.00059101082  -0.00014857237  
-6.4988198e-05  0.00011526212  -0.00019459803  0.0000000   -0.00076933719  -7.4635686e-05  0.00030111530  9.9241556e-05  -0.00031860371  8.8507297e-06  
1.2970410e-05  -2.4270308e-05  -6.5249776e-05  0.00076933719  0.0000000   6.4989762e-05  0.00067825032  -0.00072734195  0.00050128723  0.00019575284  
-1.5286659e-05  3.5201321e-05  6.8409495e-05  7.4635686e-05  -6.4989762e-05  0.0000000   -0.00017682423  1.3305924e-06  0.00056054014  -1.8042553e-05  
-5.2296704e-05  -0.00026191140  0.00041062510  -0.00030111530  -0.00067825032  0.00017682423  0.0000000   -6.5945898e-05  4.4782559e-05  -0.00047803448  
0.00018279499  -0.00017915724  -0.00096436341  -9.9241556e-05  0.00072734195  -1.3305924e-06  6.5945898e-05  0.0000000   -0.00018991474  6.0827058e-05  
-5.0995257e-05  -0.00014936825  0.00059101082  0.00031860371  -0.00050128723  -0.00056054014  -4.4782559e-05  0.00018991474  0.0000000   -0.00018940211  
-5.8019199e-06  4.6199584e-05  0.00014857237  -8.8507297e-06  -0.00019575284  1.8042553e-05  0.00047803448  -6.0827058e-05  0.00018940211  0.0000000   
