0.0000000   -4.4898494e-05  -0.00017976393  8.1858591e-05  -1.1509421e-05  -6.1253958e-05  -1.8021569e-05  0.00018853380  -1.5500908e-05  1.7502107e-05  
4.4898494e-05  0.0000000   -6.7495209e-05  -3.8382503e-05  1.2549942e-05  -0.00012973832  -3.7259285e-05  0.00010235119  1.7254239e-05  -4.3797371e-06  
0.00017976393  6.7495209e-05  0.0000000   -0.0026655107  -0.0017168239  -3.2961589e-05  0.00014504517  -0.00098512712  -0.00022209993  2.3327632e-05  
-8.1858591e-05  3.8382503e-05  0.0026655107  0.0000000   -0.00049073127  -3.9423909e-05  -0.00016906820  -0.0010569018  6.4287806e-05  9.5007757e-05  
1.1509421e-05  -1.2549942e-05  0.0017168239  0.00049073127  0.0000000   -9.2367186e-05  0.0020109846  -0.0019926439  -0.0014067071  0.00020468976  
6.1253958e-05  0.00012973832  3.2961589e-05  3.9423909e-05  9.2367186e-05  0.0000000   -0.00015669933  0.0015362897  -7.9317151e-05  -0.00010721615  
1.8021569e-05  3.7259285e-05  -0.00014504517  0.00016906820  -0.0020109846  0.00015669933  0.0000000   4.4472413e-05  -0.0010155080  -0.0028925150  
-0.00018853380  -0.00010235119  0.00098512712  0.0010569018  0.0019926439  -0.0015362897  -4.4472413e-05  0.0000000   7.3912675e-05  -4.7906701e-06  
1.5500908e-05  -1.7254239e-05  0.00022209993  -6.4287806e-05  0.0014067071  7.9317151e-05  0.0010155080  -7.3912675e-05  0.0000000   0.0029560819  
-1.7502107e-05  4.3797371e-06  -2.3327632e-05  -9.5007757e-05  -0.00020468976  0.00010721615  0.0028925150  4.7906701e-06  -0.0029560819  0.0000000   
