0.0000000   -1.5895672e-05  0.00016600248  -3.9314463e-05  0.00010374220  0.00017577571  6.7799326e-05  -1.9528544e-05  3.1183111e-05  -3.6276721e-05  
1.5895672e-05  0.0000000   5.3890818e-05  0.00014619872  -0.00018828707  0.00072065283  3.5415390e-05  0.00051727590  -0.0037896643  0.0035468939  
-0.00016600248  -5.3890818e-05  0.0000000   -0.0017266560  0.0014885928  -0.00068717797  0.00088086062  0.0044163401  0.0011385476  -0.00018236737  
3.9314463e-05  -0.00014619872  0.0017266560  0.0000000   0.0016280694  0.0021746414  -0.0024532648  -0.0084143347  0.00013187492  -0.0017563098  
-0.00010374220  0.00018828707  -0.0014885928  -0.0016280694  0.0000000   -0.0019981111  0.0029939017  -0.0074524702  -0.0016917303  0.00053193230  
-0.00017577571  -0.00072065283  0.00068717797  -0.0021746414  0.0019981111  0.0000000   -0.0019706078  0.0022523724  -0.010360939  0.0099891629  
-6.7799326e-05  -3.5415390e-05  -0.00088086062  0.0024532648  -0.0029939017  0.0019706078  0.0000000   0.0017059470  -0.012055083  0.011243837  
1.9528544e-05  -0.00051727590  -0.0044163401  0.0084143347  0.0074524702  -0.0022523724  -0.0017059470  0.0000000   -0.00017981345  -0.00071970674  
-3.1183111e-05  0.0037896643  -0.0011385476  -0.00013187492  0.0016917303  0.010360939  0.012055083  0.00017981345  0.0000000   -0.00047124475  
3.6276721e-05  -0.0035468939  0.00018236737  0.0017563098  -0.00053193230  -0.0099891629  -0.011243837  0.00071970674  0.00047124475  0.0000000   
