0.0000000   -2.6882484e-05  -8.8385429e-06  -6.3020310e-06  2.8243970e-06  2.1324503e-05  4.3801547e-06  5.3673958e-07  -1.1790740e-05  -4.0766364e-05  
2.6882484e-05  0.0000000   -0.00013067477  -0.00020799140  3.2886522e-05  4.8432782e-05  4.6020199e-05  -8.2304441e-05  -0.00017612236  2.0498109e-07  
8.8385429e-06  0.00013067477  0.0000000   -0.00038577861  0.00093099062  2.1549159e-05  -9.7280527e-05  0.00036044380  4.6923703e-05  0.00021042714  
6.3020310e-06  0.00020799140  0.00038577861  0.0000000   -0.00061438932  -0.00034858445  -0.00014422892  -0.00068458420  0.00020655365  -8.8155383e-05  
-2.8243970e-06  -3.2886522e-05  -0.00093099062  0.00061438932  0.0000000   0.00053664324  0.00037743687  0.0010702418  -0.00047320026  0.00043707584  
-2.1324503e-05  -4.8432782e-05  -2.1549159e-05  0.00034858445  -0.00053664324  0.0000000   -0.00029094893  -0.00017526474  0.00072301516  -0.00015249026  
-4.3801547e-06  -4.6020199e-05  9.7280527e-05  0.00014422892  -0.00037743687  0.00029094893  0.0000000   -0.00024445114  -0.00030977072  0.00023407693  
-5.3673958e-07  8.2304441e-05  -0.00036044380  0.00068458420  -0.0010702418  0.00017526474  0.00024445114  0.0000000   -0.00014342092  0.00018446380  
1.1790740e-05  0.00017612236  -4.6923703e-05  -0.00020655365  0.00047320026  -0.00072301516  0.00030977072  0.00014342092  0.0000000   -0.00042399699  
4.0766364e-05  -2.0498109e-07  -0.00021042714  8.8155383e-05  -0.00043707584  0.00015249026  -0.00023407693  -0.00018446380  0.00042399699  0.0000000   
