0.0000000   -1.6804815e-05  -0.00034380862  0.00012486295  0.00034973322  -1.0437080e-05  1.1281931e-05  7.7007339e-05  6.2046826e-05  5.5965426e-06  
1.6804815e-05  0.0000000   0.00064917260  5.1771206e-06  0.00054692607  -5.3921467e-08  5.3463282e-07  -0.00011236722  -2.5532136e-07  -1.1213022e-07  
0.00034380862  -0.00064917260  0.0000000   0.0018111344  -2.6077665e-08  0.00054536717  -1.8167307e-07  1.5866739e-07  -0.00011203343  -7.5097058e-07  
-0.00012486295  -5.1771206e-06  -0.0018111344  0.0000000   3.5184377e-07  7.0796897e-08  0.00054538228  -1.1308461e-07  7.0824457e-07  -0.00011205897  
-0.00034973322  -0.00054692607  2.6077665e-08  -3.5184377e-07  0.0000000   0.00064885602  5.1717596e-06  -0.00080237630  3.2617385e-08  -7.6301143e-07  
1.0437080e-05  5.3921467e-08  -0.00054536717  -7.0796897e-08  -0.00064885602  0.0000000   0.0018103758  -3.9537867e-08  -0.00080021724  2.2589379e-07  
-1.1281931e-05  -5.3463282e-07  1.8167307e-07  -0.00054538228  -5.1717596e-06  -0.0018103758  0.0000000   -7.8157618e-07  -7.1468716e-08  -0.00080027205  
-7.7007339e-05  0.00011236722  -1.5866739e-07  1.1308461e-07  0.00080237630  3.9537867e-08  7.8157618e-07  0.0000000   0.00064901289  5.1730238e-06  
-6.2046826e-05  2.5532136e-07  0.00011203343  -7.0824457e-07  -3.2617385e-08  0.00080021724  7.1468716e-08  -0.00064901289  0.0000000   0.0018108457  
-5.5965426e-06  1.1213022e-07  7.5097058e-07  0.00011205897  7.6301143e-07  -2.2589379e-07  0.00080027205  -5.1730238e-06  -0.0018108457  0.0000000   
