0.0000000   -0.0022617388  0.00057735570  -4.6794514e-06  2.4390492e-05  -6.0416259e-06  0.0022617388  0.0000000   -0.00010389500  -0.00053768365  
1.0916923e-05  4.6718671e-05  -0.00057735570  0.00010389500  0.0000000   5.6412406e-05  0.00049018300  0.00016763509  4.6794514e-06  0.00053768365  
-5.6412406e-05  0.0000000   -4.4930071e-05  0.00040664914  -2.4390492e-05  -1.0916923e-05  -0.00049018300  4.4930071e-05  0.0000000   -0.015852693  
6.0416259e-06  -4.6718671e-05  -0.00016763509  -0.00040664914  0.015852693  0.0000000   -7.9890415e-321  0.0000000   0.0000000   0.0000000   
0.0000000   0.0000000   0.0000000   0.0000000   0.0000000   0.0000000   0.0000000   0.0000000   0.0000000   0.0000000   
0.0000000   0.0000000   0.0000000   0.0000000   0.0000000   0.0000000   0.0000000   0.0000000   0.0000000   0.0000000   
0.0000000   0.0000000   0.0000000   0.0000000   0.0000000   0.0000000   0.0000000   0.0000000   0.0000000   0.0000000   
0.0000000   0.0000000   0.0000000   0.0000000   0.0000000   0.0000000   0.0000000   0.0000000   0.0000000   0.0000000   
0.0000000   0.0000000   0.0000000   0.0000000   0.0000000   0.0000000   0.0000000   0.0000000   0.0000000   0.0000000   
0.0000000   0.0000000   0.0000000   0.0000000   0.0000000   0.0000000   0.0000000   0.0000000   0.0000000   0.0000000   
