0.0000000   -1.4143774e-05  -0.00015380021  -2.8633449e-05  -0.00020552827  -3.9788206e-05  -1.3276744e-05  -0.00025600022  -4.0299786e-05  -2.5205201e-05  
1.4143774e-05  0.0000000   -0.00023018271  0.00015039855  -5.1561259e-05  -0.00015994624  8.5687627e-06  0.00025226383  3.3998808e-06  3.6457813e-06  
0.00015380021  0.00023018271  0.0000000   0.00068048114  0.022098568  -2.1750486e-05  -0.00013683532  0.00034710978  -5.8426030e-05  1.6552504e-05  
2.8633449e-05  -0.00015039855  -0.00068048114  0.0000000   0.0032767933  -1.0857177e-05  -0.00022776938  0.00052101473  4.2716271e-06  -0.00017163810  
0.00020552827  5.1561259e-05  -0.022098568  -0.0032767933  0.0000000   2.7515253e-05  0.00017005056  -0.0086096611  -0.00026052669  2.9322117e-06  
3.9788206e-05  0.00015994624  2.1750486e-05  1.0857177e-05  -2.7515253e-05  0.0000000   -3.1064345e-05  -0.00010894424  -0.00028734518  0.00020121026  
1.3276744e-05  -8.5687627e-06  0.00013683532  0.00022776938  -0.00017005056  3.1064345e-05  0.0000000   0.00037455744  4.7876398e-05  -5.4106624e-05  
0.00025600022  -0.00025226383  -0.00034710978  -0.00052101473  0.0086096611  0.00010894424  -0.00037455744  0.0000000   1.3589921e-05  -4.8848762e-06  
4.0299786e-05  -3.3998808e-06  5.8426030e-05  -4.2716271e-06  0.00026052669  0.00028734518  -4.7876398e-05  -1.3589921e-05  0.0000000   0.00059624080  
2.5205201e-05  -3.6457813e-06  -1.6552504e-05  0.00017163810  -2.9322117e-06  -0.00020121026  5.4106624e-05  4.8848762e-06  -0.00059624080  0.0000000   
