0.0000000   2.3488228e-05  6.7601187e-06  -3.3758262e-05  2.7463370e-05  -7.0309176e-06  1.2040057e-05  1.4995993e-05  -1.3638558e-05  -1.3091076e-06  
-2.3488228e-05  0.0000000   0.00011285998  0.00012964809  -1.4417015e-05  4.6967520e-06  5.7244564e-05  3.3345266e-05  -2.3672483e-05  -4.4200703e-05  
-6.7601187e-06  -0.00011285998  0.0000000   0.00032087938  -4.1650763e-05  1.0739984e-05  -5.6495571e-05  -0.00048899254  0.00022304807  -6.9546787e-06  
3.3758262e-05  -0.00012964809  -0.00032087938  0.0000000   -0.00041551154  4.3610181e-05  2.8657876e-05  0.00020025074  -0.00015488384  1.2214231e-05  
-2.7463370e-05  1.4417015e-05  4.1650763e-05  0.00041551154  0.0000000   7.0556950e-05  -0.00022435249  -0.00069265404  0.00013190633  1.4020305e-05  
7.0309176e-06  -4.6967520e-06  -1.0739984e-05  -4.3610181e-05  -7.0556950e-05  0.0000000   9.9148996e-06  -1.2290253e-05  1.5666534e-05  -0.00015123666  
-1.2040057e-05  -5.7244564e-05  5.6495571e-05  -2.8657876e-05  0.00022435249  -9.9148996e-06  0.0000000   0.00012117114  2.4734154e-05  -0.00034005896  
-1.4995993e-05  -3.3345266e-05  0.00048899254  -0.00020025074  0.00069265404  1.2290253e-05  -0.00012117114  0.0000000   8.2374905e-05  -1.8353469e-05  
1.3638558e-05  2.3672483e-05  -0.00022304807  0.00015488384  -0.00013190633  -1.5666534e-05  -2.4734154e-05  -8.2374905e-05  0.0000000   -0.00027556477  
1.3091076e-06  4.4200703e-05  6.9546787e-06  -1.2214231e-05  -1.4020305e-05  0.00015123666  0.00034005896  1.8353469e-05  0.00027556477  0.0000000   
