1.0000000   8.4786926e-16  9.2212676e-17  6.8833562e-18  2.7875495e-16  1.0097985e-16  1.6588967e-16  6.8903697e-16  3.8807649e-16  -2.6281738e-17  
8.4786998e-16  1.0000000   -4.7124884e-16  -3.9172601e-16  -1.3327621e-16  8.2070780e-16  -2.7315828e-16  2.2248725e-16  2.0809862e-16  -3.1702368e-16  
9.2218337e-17  -4.6598411e-16  1.0000000   3.1867397e-16  -2.3174831e-16  1.5762139e-16  4.8827811e-17  -1.8102703e-16  2.3108685e-17  -2.0293893e-16  
6.8948682e-18  -3.9793766e-16  2.0748119e-16  1.0000000   3.8158876e-16  1.3536417e-16  -4.1192181e-16  2.8378159e-16  5.1661178e-16  -2.8975515e-17  
2.7875645e-16  -1.3324186e-16  -1.6706818e-16  1.8455649e-16  1.0000000   4.4141606e-16  -2.3968381e-16  -2.9552941e-16  4.4037054e-16  1.6892378e-16  
1.0096843e-16  8.5887230e-16  1.5935416e-16  1.3449807e-16  4.4315249e-16  1.0000000   -4.0308210e-16  1.6993912e-17  -9.1692672e-17  -9.2140244e-17  
1.6588774e-16  -2.9398006e-16  4.1021289e-17  -4.0867017e-16  -2.3968036e-16  -3.6145896e-16  1.0000000   -2.0048300e-16  -4.0489405e-16  -3.1860721e-17  
6.8904264e-16  2.2454132e-16  -5.5423248e-17  2.7179853e-16  -2.9064083e-16  1.3524815e-17  -2.0481966e-16  1.0000000   2.5124328e-16  2.7683917e-16  
3.8808187e-16  2.0917858e-16  2.3759796e-17  5.0371206e-16  4.2140024e-16  -9.1691827e-17  -4.5346573e-16  2.5492821e-16  1.0000000   1.8788715e-16  
-2.6254633e-17  -3.1008394e-16  -1.9426870e-16  -3.3310524e-17  1.6978775e-16  -3.6630787e-17  -3.1858603e-17  2.8724835e-16  2.2952221e-16  1.0000000   
