1.0000000   8.1300181e-17  2.0335302e-16  -5.3457498e-17  8.1087439e-17  9.5816367e-17  5.6328824e-16  -2.3463687e-16  -7.7027509e-16  1.4531697e-17  
8.1299605e-17  1.0000000   5.3145282e-16  -4.7074467e-16  1.6940744e-16  4.4121607e-16  1.2350418e-16  -6.0061095e-17  2.3687107e-16  4.4105344e-16  
2.0335361e-16  5.3644274e-16  1.0000000   7.3056283e-16  5.6008024e-15  -6.0686470e-16  -4.7265384e-15  -1.2336076e-15  4.7575930e-15  6.7033859e-16  
-5.3456329e-17  -4.7079412e-16  6.7334334e-16  1.0000000   -6.7186994e-16  -8.0883811e-16  1.8520730e-16  -3.5946601e-16  -6.0482176e-16  4.9842807e-16  
8.1096995e-17  1.6766774e-16  3.4302498e-15  -6.5020976e-16  1.0000000   8.3461544e-16  2.6248507e-15  1.1709086e-15  -2.4150536e-15  6.9659990e-18  
9.5826108e-17  4.2186307e-16  -6.0688894e-16  -8.0874028e-16  8.3460528e-16  1.0000000   4.2370621e-16  9.5009992e-17  2.5587171e-16  4.4408921e-16  
5.6328843e-16  1.2391414e-16  -4.7242668e-15  1.8576935e-16  2.6208851e-15  4.3780084e-16  1.0000000   2.6917066e-16  -1.2231630e-15  -3.6927926e-16  
-2.3463509e-16  -6.0082588e-17  -1.1645810e-15  -3.7226798e-16  1.1340021e-15  9.5084531e-17  2.6904816e-16  1.0000000   2.1775523e-16  -5.2041704e-17  
-7.7028847e-16  2.3651870e-16  4.7527233e-15  -6.0502425e-16  -2.4091633e-15  2.2009304e-16  -4.0009771e-16  2.1751827e-16  1.0000000   3.9378223e-16  
1.4538474e-17  4.4235449e-16  6.7055194e-16  4.9846195e-16  6.9931040e-18  4.4408921e-16  -3.9204751e-16  -5.1987494e-17  4.0592529e-16  1.0000000   
