1.0000000   -1.9823218e-18  -2.5128539e-17  -1.2081210e-16  -2.6118345e-16  -6.1425135e-17  2.1597180e-16  1.7024686e-16  -1.5864249e-16  -5.5951608e-17  
-1.9876952e-18  1.0000000   -3.0544495e-16  -7.1296351e-17  -1.0910843e-16  -2.1792464e-17  1.3474465e-15  -2.0290501e-16  -5.0816556e-16  4.7965104e-16  
-2.5134556e-17  -3.0542941e-16  1.0000000   1.3535947e-15  -2.9067099e-15  5.3199598e-17  9.0660144e-16  -8.1682871e-16  -1.6298350e-15  4.7910216e-16  
-1.2081023e-16  -7.1402601e-17  1.3487253e-15  1.0000000   -1.4153124e-15  4.3999296e-16  -3.4505793e-16  4.1960711e-16  4.7828562e-16  9.0541723e-16  
-2.6118770e-16  -1.0906830e-16  -2.1596260e-15  -1.4183492e-15  1.0000000   -8.8650468e-17  -1.4916496e-15  7.9361298e-16  2.1209705e-15  -8.3971458e-17  
-6.1425135e-17  5.4210109e-18  5.3017486e-17  4.4005056e-16  -8.8850368e-17  1.0000000   -3.3653635e-16  -8.2731741e-16  -9.3675068e-16  5.2735594e-16  
2.1597307e-16  1.3466875e-15  9.1527670e-16  -3.4635516e-16  -1.4975339e-15  -3.3306691e-16  1.0000000   -1.3779024e-16  8.2139157e-15  -4.5796700e-16  
1.7023251e-16  -2.0273321e-16  -7.9161231e-16  4.1390159e-16  7.7033479e-16  -8.2726659e-16  -1.4309182e-16  1.0000000   1.3419374e-15  -8.8647080e-16  
-1.5863657e-16  -5.0621399e-16  -1.6357087e-15  4.7936644e-16  2.1237217e-15  -9.4368957e-16  8.9771940e-15  1.3396385e-15  1.0000000   2.3592239e-16  
-5.6019371e-17  4.7878368e-16  4.7845842e-16  9.0539013e-16  -8.3537777e-17  5.2735594e-16  -4.3021142e-16  -8.8675540e-16  2.7755576e-16  1.0000000   
