1.0000000   -4.6085104e-17  -5.2367838e-17  -3.8508262e-17  -6.2928076e-17  -4.0654193e-17  -3.5060388e-17  -2.7896534e-17  -5.2990381e-17  -4.2927630e-17  
-4.6082781e-17  1.0000000   5.8373953e-16  8.6780897e-16  1.6514093e-16  -1.1058862e-16  9.9139447e-16  5.1160790e-17  -1.6653345e-15  -6.0715322e-16  
-5.2373693e-17  5.8777395e-16  1.0000000   -4.7827080e-16  2.5147928e-15  1.0241645e-15  1.8794645e-15  -5.4387456e-17  -3.5866492e-15  2.1402151e-16  
-3.8506523e-17  8.6646049e-16  -3.9002140e-16  1.0000000   -1.4897677e-15  -3.6150011e-16  -5.7907238e-16  -1.0592602e-16  1.3343276e-15  -5.2941592e-16  
-6.2924459e-17  1.6480466e-16  3.5368283e-15  -1.7527812e-15  1.0000000   -1.5767552e-15  -2.7429773e-15  -1.3071871e-15  3.9211256e-15  -1.8638520e-15  
-4.0669440e-17  -1.1796120e-16  1.0255468e-15  -3.6407509e-16  -1.5787068e-15  1.0000000   2.2204460e-16  -5.5793044e-16  -9.9920072e-16  7.7715612e-16  
-3.5022907e-17  9.7708300e-16  1.8802234e-15  -5.6974824e-16  -2.7461757e-15  2.7755576e-16  1.0000000   -3.9627589e-17  1.1379786e-14  -4.8294702e-15  
-2.7885886e-17  5.1308174e-17  3.3103318e-17  -1.5339513e-16  -1.4619835e-15  -5.5765939e-16  -3.4694470e-17  1.0000000   -1.3877788e-17  -5.1824864e-17  
-5.3128024e-17  -1.6792123e-15  -3.5778672e-15  1.3049457e-15  3.9100667e-15  -3.6082248e-16  7.3829831e-15  3.7947076e-19  1.0000000   6.5503158e-15  
-4.2915771e-17  -5.9674488e-16  2.1337099e-16  -5.2475385e-16  -1.8604909e-15  9.4368957e-16  -4.2188475e-15  -4.8572257e-17  6.8833828e-15  1.0000000   
