1.0000000   3.1422050e-16  -1.1139549e-17  5.5295686e-16  2.3317047e-17  -9.3815317e-16  -3.3093925e-16  -4.5167771e-16  7.7802831e-17  4.4114550e-16  
3.1421999e-16  0.99999983  -3.9036354e-09  -1.4347509e-08  1.4656020e-08  3.1160707e-07  -2.0217672e-07  2.2802047e-08  8.9464531e-08  -8.6401684e-08  
-1.1143395e-17  -3.9036354e-09  1.0000002   -1.0863010e-07  -5.4737630e-07  3.5791116e-08  -4.8610800e-08  2.7281699e-07  -8.0597685e-09  -2.4005726e-08  
5.5295544e-16  -1.4347509e-08  -1.0863010e-07  1.0000004   -4.7725688e-07  1.7758848e-08  6.9203617e-08  -1.2647145e-08  6.4543309e-08  -2.9055320e-08  
2.3315730e-17  1.4656020e-08  -5.4737630e-07  -4.7725688e-07  0.99999946  7.3038071e-09  7.9263877e-10  3.0206695e-07  -8.2860098e-09  -4.9279315e-08  
-9.3816610e-16  3.1160707e-07  3.5791116e-08  1.7758848e-08  7.3038071e-09  1.0000005   -5.6162228e-07  4.7742674e-09  -4.8766160e-07  -3.3804848e-07  
-3.3093590e-16  -2.0217672e-07  -4.8610800e-08  6.9203617e-08  7.9263877e-10  -5.6162228e-07  1.0000003   1.3237068e-07  6.0361430e-08  3.0677921e-07  
-4.5167484e-16  2.2802047e-08  2.7281699e-07  -1.2647145e-08  3.0206695e-07  4.7742674e-09  1.3237068e-07  0.99999953  1.1143826e-08  -2.0116620e-08  
7.7803377e-17  8.9464531e-08  -8.0597684e-09  6.4543309e-08  -8.2860098e-09  -4.8766160e-07  6.0361430e-08  1.1143826e-08  0.99999977  6.6032859e-07  
4.4114261e-16  -8.6401684e-08  -2.4005726e-08  -2.9055320e-08  -4.9279315e-08  -3.3804848e-07  3.0677921e-07  -2.0116620e-08  6.6032859e-07  1.0000001   
