1.0000000   3.7837161e-16  -3.9941697e-16  3.1006916e-16  1.6771277e-16  -6.4146155e-16  -3.3351886e-16  -1.3658857e-16  -4.8007670e-17  3.5594250e-16  
3.7837190e-16  1.0000000   1.7145144e-08  -4.1729908e-10  1.2823292e-08  -1.9605765e-08  5.5561418e-09  -4.9658954e-09  -1.4427867e-08  -8.2130164e-08  
-3.9942204e-16  1.7145144e-08  1.0000003   2.8062143e-07  1.7155755e-07  1.3532692e-08  -6.6347225e-09  -2.6938767e-07  -2.7389838e-08  3.5243734e-09  
3.1007384e-16  -4.1729908e-10  2.8062143e-07  0.99999988  -1.0188754e-07  9.8145878e-09  4.8239231e-08  3.4748562e-07  -5.2326217e-08  -4.5394134e-09  
1.6771707e-16  1.2823292e-08  1.7155755e-07  -1.0188754e-07  0.99999971  -4.3680836e-08  2.7399980e-08  -2.1504628e-07  -2.7789073e-08  -2.8271067e-08  
-6.4145665e-16  -1.9605765e-08  1.3532692e-08  9.8145878e-09  -4.3680836e-08  0.99999956  4.7589705e-08  3.7019310e-08  -4.5862788e-09  -2.4080194e-07  
-3.3352325e-16  5.5561418e-09  -6.6347225e-09  4.8239231e-08  2.7399980e-08  4.7589705e-08  1.0000003   -2.3176537e-08  -1.4725665e-07  2.4891195e-08  
-1.3659150e-16  -4.9658954e-09  -2.6938767e-07  3.4748562e-07  -2.1504628e-07  3.7019310e-08  -2.3176537e-08  0.99999918  -2.4130554e-08  7.5992923e-09  
-4.8005646e-17  -1.4427867e-08  -2.7389838e-08  -5.2326217e-08  -2.7789073e-08  -4.5862788e-09  -1.4725665e-07  -2.4130554e-08  0.99999987  -2.1115910e-09  
3.5595508e-16  -8.2130164e-08  3.5243734e-09  -4.5394134e-09  -2.8271067e-08  -2.4080194e-07  2.4891195e-08  7.5992923e-09  -2.1115910e-09  1.0000003   
