1.0000000   4.4691814e-17  3.5995810e-16  1.4985003e-16  5.4319987e-17  1.0501345e-16  -5.2442563e-17  1.4007715e-16  -4.9538408e-17  -9.8257516e-17  
4.4689232e-17  1.0000000   2.7443296e-16  -8.9146163e-16  -7.2666851e-16  -1.5943193e-16  -5.1022554e-16  -3.7623635e-16  1.7926690e-16  2.4806546e-16  
3.5999255e-16  2.7569011e-16  1.0000000   -5.4870329e-16  -1.4027611e-14  3.3520567e-16  8.9508793e-16  1.3856945e-17  -2.3273051e-15  -1.9779913e-16  
1.4985426e-16  -8.9146745e-16  -4.8275028e-16  1.0000000   1.1640513e-15  -6.0879307e-16  -2.5301213e-16  -1.2383319e-15  -3.3914140e-16  -6.0715322e-16  
5.4321338e-17  -7.2922003e-16  -9.9787450e-15  1.1686908e-15  1.0000000   -7.3922090e-16  -7.4850396e-16  1.2201132e-15  7.6111572e-16  -4.3537493e-17  
1.0502764e-16  -2.0469737e-16  3.3594004e-16  -6.0845426e-16  -7.4051686e-16  1.0000000   -7.9753912e-16  1.0198361e-16  5.0038641e-16  1.9428903e-16  
-5.2496640e-17  -5.0980541e-16  9.2075022e-16  -2.5368213e-16  -7.5670281e-16  -7.8582973e-16  1.0000000   6.1766680e-16  -2.2874260e-15  1.1449175e-16  
1.4006254e-16  -3.7624531e-16  1.2038039e-17  -1.2566517e-15  1.2403931e-15  1.0197091e-16  6.1923699e-16  1.0000000   -3.7304789e-16  -4.8938176e-16  
-4.9488125e-17  1.7801922e-16  -2.3339510e-15  -3.3888856e-16  7.6310892e-16  4.9114358e-16  -2.6957332e-15  -3.7153951e-16  1.0000000   5.2041704e-18  
-9.8262598e-17  2.5326963e-16  -1.9813795e-16  -6.0715322e-16  -4.3476507e-17  2.4980018e-16  1.0755286e-16  -4.8935465e-16  3.1008182e-17  1.0000000   
