1.0000000   1.2062787e-16  5.8626214e-17  3.2864103e-16  -5.7165593e-17  2.6629861e-16  1.1710691e-16  -4.4319550e-16  -1.6574905e-16  1.5784322e-16  
1.2063938e-16  0.99999979  -1.1875504e-08  -1.4184394e-10  -1.7631659e-09  3.6900321e-08  2.5902506e-08  -5.7248628e-07  9.9188409e-08  1.5886749e-07  
5.8621766e-17  -1.1875504e-08  0.99999981  -3.5752186e-07  -5.3088196e-07  -6.8693465e-07  1.6327689e-08  2.8771350e-08  2.4457016e-08  -9.8109602e-09  
3.2864749e-16  -1.4184394e-10  -3.5752186e-07  0.99999906  3.2744335e-07  1.1504525e-08  6.3471106e-08  -4.0471387e-08  -7.0636746e-09  2.9068812e-08  
-5.7172081e-17  -1.7631659e-09  -5.3088196e-07  3.2744335e-07  1.0000013   -6.9065562e-07  -2.0432718e-08  1.0252568e-08  -4.2878831e-09  1.3573036e-08  
2.6630726e-16  3.6900321e-08  -6.8693465e-07  1.1504525e-08  -6.9065562e-07  1.0000015   4.3682564e-08  6.2368893e-09  -2.7771792e-08  1.7775907e-08  
1.1710890e-16  2.5902506e-08  1.6327689e-08  6.3471106e-08  -2.0432718e-08  4.3682564e-08  0.99999853  -6.1588782e-07  6.5290463e-07  7.5123826e-08  
-4.4319434e-16  -5.7248628e-07  2.8771350e-08  -4.0471387e-08  1.0252568e-08  6.2368893e-09  -6.1588782e-07  0.99999877  -2.2956154e-07  6.9550873e-07  
-1.6576081e-16  9.9188409e-08  2.4457016e-08  -7.0636746e-09  -4.2878831e-09  -2.7771792e-08  6.5290463e-07  -2.2956154e-07  1.0000011   9.4129882e-08  
1.5783752e-16  1.5886749e-07  -9.8109602e-09  2.9068812e-08  1.3573036e-08  1.7775907e-08  7.5123826e-08  6.9550873e-07  9.4129882e-08  1.0000003   
