1.0000000   1.2613784e-16  6.1462528e-16  -2.9062194e-16  6.1977193e-17  -1.3051910e-16  -2.2431135e-16  -2.4353673e-16  -3.0821589e-16  -1.5562425e-16  
1.2614190e-16  1.0000003   -5.2106292e-08  7.4004532e-09  1.1593037e-08  -3.6030362e-08  2.4085154e-07  5.8072599e-07  -1.2462187e-07  -9.6071541e-08  
6.1460235e-16  -5.2106292e-08  1.0000006   -3.2224930e-07  -5.1684974e-07  1.8818533e-07  -6.0443724e-08  3.8161081e-08  -4.3313498e-09  -1.8056900e-08  
-2.9060875e-16  7.4004532e-09  -3.2224930e-07  0.99999911  -8.3237407e-07  -2.8014115e-07  -3.1290474e-08  -3.4248595e-09  -1.0423344e-09  -1.2203492e-09  
6.1959185e-17  1.1593037e-08  -5.1684974e-07  -8.3237407e-07  0.99999985  -4.3725532e-07  6.9261099e-08  -1.3069679e-08  2.7425746e-08  2.2540230e-08  
-1.3049946e-16  -3.6030362e-08  1.8818533e-07  -2.8014115e-07  -4.3725532e-07  1.0000002   3.0811398e-08  -2.4514266e-08  -9.9526649e-09  3.5435038e-08  
-2.2431045e-16  2.4085154e-07  -6.0443724e-08  -3.1290474e-08  6.9261099e-08  3.0811398e-08  0.99999993  7.5863875e-08  -1.8528612e-07  -3.8516733e-07  
-2.4352729e-16  5.8072599e-07  3.8161081e-08  -3.4248595e-09  -1.3069679e-08  -2.4514266e-08  7.5863875e-08  0.99999894  1.9198903e-08  -7.6658746e-08  
-3.0822380e-16  -1.2462187e-07  -4.3313498e-09  -1.0423344e-09  2.7425746e-08  -9.9526649e-09  -1.8528612e-07  1.9198903e-08  0.99999979  -5.4992952e-09  
-1.5563081e-16  -9.6071541e-08  -1.8056900e-08  -1.2203492e-09  2.2540230e-08  3.5435038e-08  -3.8516733e-07  -7.6658746e-08  -5.4992952e-09  1.0000001   
