1.0000000   -2.9447055e-16  -2.8035827e-16  4.4874543e-16  2.5412528e-16  2.6833332e-16  -5.1558427e-16  4.8393362e-17  -8.1787787e-16  -1.3333086e-16  
-2.9447646e-16  0.99999986  6.0633166e-09  -1.0761563e-08  -4.3778294e-09  -4.0401144e-08  -3.6639872e-08  -3.6087678e-07  4.9327260e-08  9.8898300e-08  
-2.8035840e-16  6.0633166e-09  1.0000001   -9.7932998e-08  -7.7766108e-08  -7.0772350e-08  5.4515335e-08  -4.4129343e-08  -1.6965139e-08  2.2152784e-08  
4.4874574e-16  -1.0761563e-08  -9.7932998e-08  0.99999995  3.7564271e-08  -4.2579373e-07  2.4706720e-08  2.5331733e-08  -3.4389911e-08  8.2898733e-09  
2.5412398e-16  -4.3778294e-09  -7.7766108e-08  3.7564271e-08  1.0000005   -1.0483938e-07  9.2408618e-08  9.6153693e-08  1.6123480e-08  -2.2954991e-08  
2.6833408e-16  -4.0401144e-08  -7.0772350e-08  -4.2579373e-07  -1.0483938e-07  0.99999936  5.0706085e-08  -1.2332361e-08  -4.0413099e-08  5.6605466e-08  
-5.1557725e-16  -3.6639872e-08  5.4515335e-08  2.4706720e-08  9.2408618e-08  5.0706085e-08  0.99999894  -2.5758370e-07  -1.1945043e-07  2.3676819e-07  
4.8394055e-17  -3.6087678e-07  -4.4129343e-08  2.5331733e-08  9.6153693e-08  -1.2332361e-08  -2.5758370e-07  1.0000009   2.3817624e-07  3.2935277e-07  
-8.1786912e-16  4.9327260e-08  -1.6965139e-08  -3.4389911e-08  1.6123480e-08  -4.0413099e-08  -1.1945043e-07  2.3817624e-07  1.0000009   1.7237485e-08  
-1.3332995e-16  9.8898300e-08  2.2152784e-08  8.2898733e-09  -2.2954991e-08  5.6605466e-08  2.3676819e-07  3.2935277e-07  1.7237485e-08  0.99999963  
