1.0000000   7.0961297e-17  4.2660497e-17  6.2910838e-17  7.8741771e-18  -9.9373905e-18  2.4996525e-17  3.0992724e-17  6.8796863e-17  3.6639257e-17  
7.0955976e-17  1.0000000   -1.9192615e-15  2.9549380e-16  1.9741814e-15  2.4101814e-16  1.6020324e-15  -6.2335018e-16  -9.8158244e-16  3.6299089e-16  
4.2707227e-17  -1.9199141e-15  1.0000000   1.2275515e-14  4.5912061e-14  1.0213184e-15  3.0210189e-15  -1.5295403e-14  -1.2060258e-15  -1.4317703e-15  
6.2894194e-17  2.9799011e-16  1.5400851e-14  1.0000000   -1.4012359e-14  -4.2035535e-16  2.8872531e-16  4.0342026e-15  -7.4669681e-16  -6.0728874e-16  
7.7968771e-18  1.9789908e-15  4.8234104e-14  -1.1085099e-14  1.0000000   -1.7405104e-15  -3.2919241e-15  1.5187415e-14  -1.7042303e-17  4.3389771e-16  
-9.9331554e-18  1.9428903e-16  1.0163311e-15  -4.1869177e-16  -1.7403613e-15  1.0000000   -1.5406513e-16  -3.1116602e-16  -3.1225023e-16  1.1102230e-16  
2.4995942e-17  1.6059745e-15  3.1566546e-15  2.6014076e-16  -3.4339935e-15  -1.7000290e-16  1.0000000   1.9345961e-15  2.1397814e-15  -4.4408921e-16  
3.1027867e-17  -6.2228123e-16  -1.3409991e-14  2.6702494e-15  1.2568775e-14  -3.0956683e-16  1.7966820e-15  1.0000000   -1.3002430e-15  -4.2153780e-16  
6.8801098e-17  -9.8076929e-16  -1.3345445e-15  -7.0625607e-16  1.1888277e-16  -3.7470027e-16  3.4246152e-15  -1.4314179e-15  1.0000000   3.1918912e-16  
3.6646033e-17  3.6515929e-16  -1.4302795e-15  -6.1094792e-16  4.3454823e-16  2.4980018e-16  -5.7072402e-16  -4.2240517e-16  4.8572257e-16  1.0000000   
