1.0000000   -1.1050867e-16  2.7311500e-15  -4.1172714e-16  -3.3177441e-15  -5.7478385e-17  7.1399504e-17  5.7349385e-16  -1.8128051e-16  -1.7104306e-16  
-1.1047671e-16  1.0000000   -5.5196834e-15  -6.3700393e-16  6.4500509e-15  -5.8416813e-16  -2.1098574e-16  -1.1905793e-15  -2.2151606e-17  -4.6187013e-16  
2.7313829e-15  -5.5240461e-15  1.0000000   1.6096341e-15  4.7735613e-13  -4.4757221e-15  -2.0083895e-14  -9.0824627e-14  1.6357839e-14  -6.0241525e-15  
-4.1174295e-16  -6.3692047e-16  1.3493457e-16  1.0000000   -2.0553394e-15  3.2884106e-16  -3.4427268e-16  -1.6675310e-16  3.2931773e-16  6.6416870e-16  
-3.3181055e-15  6.4683705e-15  6.0891365e-13  -7.4070892e-15  1.0000000   6.1204568e-15  2.7389227e-14  1.4301347e-13  -2.2642465e-14  6.7563143e-15  
-5.7462292e-17  -5.8839652e-16  -4.4623593e-15  3.2802537e-16  6.1777840e-15  1.0000000   3.3978896e-16  -1.3569332e-15  -2.3462135e-16  -8.3266727e-16  
7.1397711e-17  -2.0933403e-16  -2.0887883e-14  -3.1673474e-16  2.7733600e-14  3.4293315e-16  1.0000000   -5.0142131e-15  1.9630497e-15  -9.4325589e-16  
5.7356807e-16  -1.1919729e-15  -8.4414724e-14  -3.7648894e-17  1.0440690e-13  -1.3636078e-15  -4.7991892e-15  1.0000000   4.0949444e-15  -8.9517152e-16  
-1.8128676e-16  -2.2503971e-17  1.6342559e-14  3.2609371e-16  -2.2162922e-14  -2.3744028e-16  2.0179713e-15  4.1008423e-15  1.0000000   3.4607733e-16  
-1.7104306e-16  -4.5970172e-16  -6.0524502e-15  6.6548329e-16  6.7255229e-15  -8.0491169e-16  -9.4282221e-16  -9.0205621e-16  3.4520997e-16  1.0000000   
