1.0000000   4.1427310e-16  -1.4981243e-16  4.8587246e-16  -8.3893150e-16  -2.4496860e-17  -3.3350236e-16  2.7265016e-16  7.4491784e-16  6.3188658e-18  
4.1424282e-16  1.0000000   -4.2803423e-16  1.6007676e-16  1.4573572e-16  1.2829877e-17  2.6826685e-16  2.9167439e-16  1.0960822e-16  -9.6570226e-17  
-1.4981447e-16  -4.2770190e-16  1.0000000   1.1846217e-17  3.0408409e-16  -3.3958009e-16  -3.4966248e-16  4.2410740e-16  4.3206352e-16  -1.2460088e-16  
4.8587222e-16  1.6137459e-16  3.6972711e-17  1.0000000   1.4431012e-16  -1.0827079e-17  4.1632948e-16  2.6384387e-17  3.0344858e-16  4.3207024e-16  
-8.3892363e-16  1.4747618e-16  3.8076585e-16  1.3994084e-16  1.0000000   -1.5536011e-16  6.7747513e-17  9.0138449e-17  -3.1222191e-16  -5.0110469e-16  
-2.4499132e-17  9.5981384e-17  -3.3806018e-16  -8.3349438e-18  -1.5579788e-16  1.0000000   -1.0523290e-16  -3.3937008e-16  -1.2717433e-16  5.1448781e-16  
-3.3350080e-16  2.6718190e-16  -3.5053146e-16  4.1836953e-16  7.3820654e-17  -1.0523239e-16  1.0000000   2.1647483e-16  1.6524801e-16  -2.7090655e-16  
2.7264855e-16  2.9185518e-16  4.1499364e-16  -1.3687918e-17  3.3642901e-17  -3.4067774e-16  2.2861875e-16  1.0000000   -5.2489676e-16  -6.9168372e-16  
7.4491600e-16  1.1090785e-16  4.3120006e-16  3.1147417e-16  -3.1482943e-16  -1.5492459e-16  1.0973559e-16  -5.2749457e-16  1.0000000   1.3072937e-16  
6.3087014e-18  -7.9116265e-17  -1.2677034e-16  4.3325947e-16  -4.9980365e-16  3.7571332e-16  -2.1539031e-16  -6.9081297e-16  1.0297549e-16  1.0000000   
