1.0000000   -9.4271697e-17  2.0523045e-17  1.2659848e-16  3.7265006e-17  1.6652075e-16  1.1728975e-16  -2.2379662e-16  -2.3243836e-16  -1.1980434e-16  
-9.4288148e-17  1.0000000   1.5087029e-15  3.4709293e-18  -1.4690849e-15  2.6806899e-16  6.7143137e-17  -4.5990713e-16  -7.1072841e-16  3.7643499e-16  
2.0550241e-17  1.5130443e-15  1.0000000   -7.3073235e-16  2.0904543e-15  8.4601651e-17  1.8173068e-15  -6.4328916e-16  -1.4422480e-15  6.4194255e-16  
1.2659751e-16  3.4813054e-18  -5.1327061e-16  1.0000000   -6.3547899e-16  1.0677901e-15  9.3689721e-16  4.0055794e-16  -7.4152441e-17  -4.7905473e-16  
3.7245302e-17  -1.4750444e-15  2.0329068e-15  -3.5286640e-16  1.0000000   -1.6761766e-16  -1.4349896e-15  6.6294802e-16  2.1177199e-15  2.3483819e-16  
1.6651736e-16  2.1098574e-16  8.3747842e-17  1.0680272e-15  -1.6692055e-16  1.0000000   -6.1237094e-16  -2.4895992e-17  -5.0751504e-16  4.9960036e-16  
1.1729260e-16  7.0256301e-17  1.8211459e-15  9.3666216e-16  -1.4362237e-15  -6.2992146e-16  1.0000000   6.2647743e-16  -3.4580696e-15  1.7780916e-16  
-2.2379952e-16  -4.5836553e-16  -7.6506026e-16  3.8143445e-16  5.3453648e-16  -2.5072175e-17  6.2702847e-16  1.0000000   -1.5854096e-15  -1.8279649e-16  
-2.3244086e-16  -7.1342197e-16  -1.4450021e-15  -7.3800710e-17  2.1201917e-15  -4.6544799e-16  -3.9840589e-15  -1.5867612e-15  1.0000000   -6.4705186e-16  
-1.1977724e-16  3.8250653e-16  6.4186124e-16  -4.7921736e-16  2.3485174e-16  6.1062266e-16  1.7775495e-16  -1.8268807e-16  -6.3967928e-16  1.0000000   
