1.0000000   2.6771000e-16  5.3862677e-16  3.0652176e-16  -2.6015686e-16  9.7410184e-16  1.4433357e-16  -4.3710190e-16  -5.2721401e-16  6.7466344e-16  
2.6771005e-16  1.0000000   1.2617792e-16  3.6144403e-16  -1.8300119e-16  1.9186836e-16  -2.5082653e-17  -1.2640707e-16  9.2876166e-16  -1.1256888e-16  
5.3862675e-16  1.2683079e-16  1.0000000   -5.6891090e-16  4.4357369e-16  1.1009325e-16  5.5835488e-16  -6.0149033e-16  3.1255076e-16  1.7105724e-16  
3.0654070e-16  3.6223193e-16  -5.4765780e-16  1.0000000   1.6941568e-16  -1.3918281e-16  -1.7300108e-16  -1.4884388e-16  2.1360556e-16  -1.1189093e-16  
-2.6015491e-16  -1.8310340e-16  4.4306807e-16  1.6628014e-16  1.0000000   1.5496619e-16  1.1015757e-16  -2.1497320e-16  -6.2944604e-17  -8.0784963e-16  
9.7409910e-16  1.2941237e-16  1.0835644e-16  -1.3327183e-16  1.5236356e-16  1.0000000   -5.7945728e-16  -2.1496358e-16  -4.3126672e-16  -4.0955737e-17  
1.4433159e-16  -2.5516905e-17  5.5217141e-16  -1.7362925e-16  1.0679654e-16  -5.8639817e-16  1.0000000   -6.3438437e-16  5.1663850e-16  4.1508003e-17  
-4.3710325e-16  -1.2699210e-16  -6.1312899e-16  -2.5214407e-16  -2.1232120e-16  -2.1410000e-16  -6.3638762e-16  1.0000000   2.5463664e-16  -2.0025384e-16  
-5.2720937e-16  9.2615305e-16  3.1275374e-16  2.1221332e-16  -5.8825013e-17  -4.1739405e-16  6.0685145e-16  2.5539684e-16  1.0000000   4.9304094e-16  
6.7467021e-16  -1.1256655e-16  1.7105746e-16  -1.1210989e-16  -8.0611490e-16  1.4562190e-17  2.0693015e-17  -2.0199195e-16  4.7917331e-16  1.0000000   
