1.0000000   3.4136060e-16  1.0005340e-16  4.6237010e-16  -4.7734930e-16  -1.3377272e-16  -8.5039473e-17  3.0967349e-17  1.4132921e-16  3.1744110e-16  
3.4136292e-16  0.99999983  -6.6893230e-08  -6.1346200e-09  1.3620714e-08  1.3503795e-08  -1.5077060e-07  -3.2673088e-07  1.3494682e-08  2.4392313e-08  
1.0004635e-16  -6.6893230e-08  1.0000005   1.6892890e-08  2.0703786e-07  2.1546809e-07  -1.9131521e-08  4.3591739e-08  -3.3457438e-08  4.6222463e-10  
4.6237397e-16  -6.1346200e-09  1.6892890e-08  0.99999996  -5.7907100e-08  -9.3463704e-08  -6.8378270e-08  -2.4052150e-08  1.1956959e-08  -2.0119606e-08  
-4.7734394e-16  1.3620714e-08  2.0703786e-07  -5.7907100e-08  1.0000002   7.1355115e-07  4.0828487e-08  6.7161895e-08  -8.3290617e-08  1.4019419e-08  
-1.3377824e-16  1.3503795e-08  2.1546809e-07  -9.3463704e-08  7.1355115e-07  1.0000002   7.5810508e-08  1.3705376e-08  -1.9414220e-08  9.9127144e-09  
-8.5056419e-17  -1.5077060e-07  -1.9131521e-08  -6.8378270e-08  4.0828487e-08  7.5810508e-08  0.99999891  -5.1600355e-07  3.2253058e-07  4.9950372e-07  
3.0969373e-17  -3.2673088e-07  4.3591739e-08  -2.4052150e-08  6.7161895e-08  1.3705376e-08  -5.1600355e-07  1.0000005   -9.2046121e-07  -7.8532489e-07  
1.4133471e-16  1.3494682e-08  -3.3457438e-08  1.1956959e-08  -8.3290617e-08  -1.9414220e-08  3.2253058e-07  -9.2046121e-07  1.0000002   -9.6779856e-08  
3.1743068e-16  2.4392313e-08  4.6222463e-10  -2.0119606e-08  1.4019419e-08  9.9127144e-09  4.9950372e-07  -7.8532489e-07  -9.6779856e-08  1.0000008   
