1.0000000   -6.1791583e-17  -3.4440933e-16  -2.7834419e-16  -3.8023523e-17  -1.1044208e-16  -4.5405307e-17  1.8726994e-16  -1.1620043e-16  -9.1855641e-17  
-6.1790623e-17  1.0000000   -1.3837143e-15  7.6577147e-16  5.0935461e-16  -6.4266084e-16  6.5125992e-16  4.4038175e-16  -6.6267792e-16  2.0209528e-16  
-3.4441545e-16  -1.3834278e-15  1.0000000   -1.0383020e-15  4.2120665e-15  1.2532462e-15  -2.6240484e-15  -3.9134762e-17  1.8241697e-15  -5.8788152e-16  
-2.7835265e-16  7.6581392e-16  -1.2573342e-15  1.0000000   5.8763617e-16  -7.0152963e-16  3.6786217e-17  -3.3302169e-16  2.2215430e-16  4.1272866e-16  
-3.7988318e-17  5.0885261e-16  3.4694213e-15  5.2259892e-16  1.0000000   -1.0922863e-15  3.7952711e-15  -8.1167948e-16  -2.3823395e-15  7.0601890e-16  
-1.1044971e-16  -6.5984544e-16  1.2558890e-15  -7.0159400e-16  -1.0947325e-15  1.0000000   -1.3947177e-15  3.3102048e-16  7.8236029e-16  1.4155344e-15  
-4.5444588e-17  6.5046709e-16  -2.6271451e-15  4.1290315e-17  3.7999084e-15  -1.4172691e-15  1.0000000   -2.0081627e-16  2.5274921e-15  6.1062266e-16  
1.8725962e-16  4.4039869e-16  9.2898736e-18  -3.1692630e-16  -7.7420175e-16  3.3087140e-16  -1.7675884e-16  1.0000000   -2.6121141e-16  -1.1002484e-15  
-1.1616157e-16  -6.6242042e-16  1.8209319e-15  2.2509477e-16  -2.3815661e-15  7.9537071e-16  3.0258998e-15  -2.6836206e-16  1.0000000   -6.3837824e-16  
-9.1852253e-17  2.0556473e-16  -5.8794929e-16  4.1262024e-16  7.0654745e-16  1.3600232e-15  6.5225603e-16  -1.1004652e-15  -7.4246165e-16  1.0000000   
