1.0000000   2.3481083e-17  -2.1649047e-16  1.7009276e-16  4.6313608e-16  1.9740084e-17  3.5046646e-16  4.7920145e-16  -8.5074010e-16  7.8286173e-17  
2.3481181e-17  1.0000000   -6.0668304e-17  -3.3477417e-16  -2.9865730e-16  6.2971655e-17  1.5314583e-16  -4.3375049e-16  -2.1180402e-16  2.7989230e-16  
-2.1648694e-16  -5.9307339e-17  1.0000000   2.5261272e-16  1.0477146e-15  -1.5681688e-16  2.0585479e-16  3.4451628e-19  4.3174908e-16  4.3279148e-16  
1.7009233e-16  -3.3550549e-16  3.2161701e-16  1.0000000   6.6563054e-16  2.0005804e-16  6.8229868e-16  -7.1139965e-17  5.8556539e-17  -2.1919519e-17  
4.6312795e-16  -2.9166242e-16  9.9622015e-16  6.4599390e-16  1.0000000   3.1525850e-16  2.6931086e-16  1.7311224e-16  -1.4865155e-16  2.7207715e-16  
1.9748135e-17  1.4101500e-16  -1.5855207e-16  1.9919374e-16  3.1419898e-16  1.0000000   -7.1868421e-16  2.4493942e-16  -1.4991315e-16  4.5087903e-16  
3.5046642e-16  1.1455950e-16  2.1563468e-16  6.8652669e-16  2.6918829e-16  -6.9091867e-16  1.0000000   3.2764764e-17  -8.3631547e-16  -6.5959472e-16  
4.7920275e-16  -4.3229446e-16  -1.0491362e-16  -1.5289234e-16  2.1631561e-16  2.3973184e-16  3.0048862e-17  1.0000000   1.2037630e-16  -1.3569468e-18  
-8.5073849e-16  -1.8562590e-16  4.2383441e-16  5.2333666e-17  -1.6218981e-16  -1.7246504e-16  -7.6086131e-16  1.1210992e-16  1.0000000   6.2538137e-17  
7.8298032e-17  2.5040835e-16  4.2759240e-16  -2.2787516e-17  2.7700857e-16  3.9536110e-16  -6.1797491e-16  -3.9624201e-18  9.0290324e-17  1.0000000   
