1.0000000   1.1931494e-16  2.4363357e-16  3.9762236e-16  -4.0860817e-18  -4.4321208e-16  1.6280761e-16  -2.0958281e-16  -1.4177490e-16  -7.2169950e-16  
1.1931800e-16  1.0000000   -3.0821089e-08  -2.1832980e-08  4.2036021e-08  -1.2672254e-07  1.2225231e-07  -3.8543627e-09  6.3595541e-08  -1.9073544e-07  
2.4362502e-16  -3.0821089e-08  1.0000000   -1.3473067e-07  2.5377202e-07  -2.0094679e-08  1.3371115e-08  -5.3310567e-07  2.4716886e-08  -2.7017203e-08  
3.9762242e-16  -2.1832980e-08  -1.3473067e-07  0.99999998  1.2447141e-07  -3.2130021e-09  9.5457419e-08  -5.5063167e-07  -2.6426395e-08  -9.8552187e-09  
-4.0799964e-18  4.2036021e-08  2.5377202e-07  1.2447141e-07  0.99999933  1.5403043e-08  2.3258153e-08  5.4332430e-07  -3.2237055e-08  -9.0741353e-09  
-4.4321272e-16  -1.2672254e-07  -2.0094679e-08  -3.2130021e-09  1.5403043e-08  1.0000010   -5.7580678e-07  1.8698638e-09  2.5586622e-07  1.8669681e-07  
1.6280779e-16  1.2225231e-07  1.3371115e-08  9.5457419e-08  2.3258153e-08  -5.7580678e-07  0.99999966  4.2627065e-09  -4.6906125e-08  -5.8958369e-07  
-2.0958415e-16  -3.8543627e-09  -5.3310567e-07  -5.5063167e-07  5.4332430e-07  1.8698638e-09  4.2627065e-09  0.99999923  -6.2016569e-08  -5.1317232e-08  
-1.4177754e-16  6.3595541e-08  2.4716886e-08  -2.6426395e-08  -3.2237054e-08  2.5586622e-07  -4.6906125e-08  -6.2016569e-08  1.0000005   3.0216976e-07  
-7.2170130e-16  -1.9073544e-07  -2.7017203e-08  -9.8552187e-09  -9.0741353e-09  1.8669681e-07  -5.8958369e-07  -5.1317232e-08  3.0216976e-07  0.99999988  
