1.0000000   4.4559454e-16  2.6729737e-17  -1.7569381e-16  -3.0839526e-17  -3.2482143e-16  -1.0820728e-16  1.0068425e-17  -4.9669907e-16  2.1225905e-16  
4.4559762e-16  1.0000000   -2.5701190e-16  7.1454409e-16  5.9545453e-16  1.4636226e-16  -3.6695594e-16  2.6850799e-16  6.3492257e-17  1.1636369e-16  
2.6729696e-17  -2.5182727e-16  1.0000000   -3.4525620e-16  -6.3535678e-17  -1.1574142e-16  -2.1803813e-16  5.7668962e-16  1.6653172e-16  1.0685626e-15  
-1.7569061e-16  7.1263515e-16  -3.4549448e-16  1.0000000   2.1350812e-16  7.8043911e-17  4.2874763e-16  5.6419642e-16  -2.9329780e-16  3.7575821e-16  
-3.0851800e-17  5.9717087e-16  3.9810051e-17  2.3139145e-16  1.0000000   -2.7738943e-16  -1.9890162e-16  4.1346184e-16  -1.8551747e-16  2.5204312e-17  
-3.2481816e-16  1.5759506e-16  -1.1204730e-16  7.4360406e-17  -2.7463278e-16  1.0000000   -4.7537788e-16  5.2464858e-17  -2.9946161e-16  2.8973270e-16  
-1.0821323e-16  -3.6684705e-16  -2.1803914e-16  4.2701186e-16  -1.9456066e-16  -4.6843895e-16  1.0000000   -5.2257501e-17  -3.7294285e-16  -3.5766813e-17  
1.0028482e-17  2.6826639e-16  6.1215151e-16  5.5940708e-16  3.1155587e-16  4.5523038e-17  -7.8282636e-17  1.0000000   1.6707111e-17  1.4921671e-16  
-4.9669954e-16  6.1974145e-17  1.6523306e-16  -2.7247441e-16  -1.8638747e-16  -2.7169988e-16  -3.1743296e-16  5.4881122e-17  1.0000000   4.0538997e-16  
2.1225693e-16  1.3208124e-16  1.0668244e-15  3.7272160e-16  2.6830616e-17  2.2901060e-16  -3.5766813e-17  1.5051437e-16  3.9150710e-16  1.0000000   
