1.0000000   6.4873446e-17  3.8620685e-16  1.4639177e-16  -6.1341680e-16  -2.9918051e-17  1.3552739e-16  -6.4303285e-17  2.2788945e-17  -1.3993662e-16  
6.4877638e-17  1.0000000   -1.0958334e-15  1.4337025e-16  3.8326843e-16  -1.4338574e-16  4.3347419e-16  -6.7639414e-16  -2.1243756e-16  7.1925972e-16  
3.8620551e-16  -1.0956689e-15  1.0000000   -6.4307063e-16  -7.3984876e-16  -4.8054551e-16  2.2427061e-16  -1.2822147e-16  -3.6919625e-17  7.0689982e-17  
1.4639129e-16  1.4338870e-16  -4.4447993e-16  1.0000000   -1.6926021e-16  -1.1008040e-16  7.0176256e-16  -1.7810758e-16  -4.8322573e-16  -3.9383644e-16  
-6.1341786e-16  3.8289997e-16  -6.5809515e-16  2.2136121e-17  1.0000000   -8.6574899e-16  3.2570111e-17  8.6168773e-16  5.6278563e-16  -8.5782076e-16  
-2.9915298e-17  -1.5016200e-16  -4.8029479e-16  -1.0999739e-16  -8.6600649e-16  1.0000000   2.1358783e-17  7.4244132e-17  -1.7585759e-16  -3.6082248e-16  
1.3545452e-16  4.3181740e-16  2.2634414e-16  7.0060086e-16  3.1304644e-17  2.6020852e-18  1.0000000   3.6697067e-16  4.2701303e-15  -1.0928758e-16  
-6.4304783e-17  -6.7640218e-16  -1.7533511e-16  -1.1451469e-16  9.1922207e-16  7.4274625e-17  3.6122271e-16  1.0000000   3.4103918e-16  -6.9128731e-16  
2.2839688e-17  -2.1150074e-16  -3.9480206e-17  -4.8401771e-16  5.6421203e-16  -1.6675029e-16  6.0767634e-15  3.3903298e-16  1.0000000   -2.6541269e-16  
-1.3994678e-16  7.1817552e-16  7.1882604e-17  -3.9384999e-16  -8.5868812e-16  -3.1918912e-16  -1.0234869e-16  -6.9079941e-16  -2.7668839e-16  1.0000000   
