1.0000000   7.1782749e-16  -2.3769340e-16  -2.8098236e-16  1.7756847e-16  5.9234203e-17  -5.0886545e-16  3.0077944e-16  -2.1180597e-16  5.0876187e-17  
7.1782623e-16  1.0000000   -1.1188026e-16  -3.4274181e-16  4.2519161e-17  -9.1746016e-16  -5.9778429e-16  -1.3427619e-16  -3.6665872e-16  2.1408250e-16  
-2.3769220e-16  -1.0976417e-16  1.0000000   8.7957861e-17  -5.9235028e-16  -6.1303398e-16  6.4243637e-17  4.9320269e-16  2.4352680e-16  1.0456791e-16  
-2.8098598e-16  -3.5213798e-16  2.1648102e-17  1.0000000   5.7533832e-16  1.1595134e-16  2.0686937e-16  4.7120874e-16  -4.3861953e-16  8.1081382e-17  
1.7756511e-16  2.6522029e-17  -5.2518321e-16  4.4860826e-16  1.0000000   2.2548865e-16  -7.1466453e-16  -3.6100505e-17  3.1384893e-16  -1.5719237e-16  
5.9232278e-17  -8.6801657e-16  -6.0956015e-16  1.1247833e-16  2.2591879e-16  1.0000000   -5.8949717e-16  9.0956764e-17  -5.5326065e-16  7.6327833e-17  
-5.0887232e-16  -6.3073587e-16  7.9857855e-17  1.9819863e-16  -7.0946991e-16  -5.8950505e-16  1.0000000   5.9706146e-16  -1.0060099e-15  -2.4086229e-16  
3.0077837e-16  -1.3475960e-16  4.8558271e-16  3.1298940e-16  -5.9448850e-17  9.1827346e-17  6.1006979e-16  1.0000000   1.5905964e-16  -2.2676427e-16  
-2.1180668e-16  -3.6318932e-16  2.5481055e-16  -4.3427470e-16  3.1688440e-16  -5.8101323e-16  -1.0337698e-15  1.5904286e-16  1.0000000   2.2928165e-16  
5.0862634e-17  2.1407233e-16  1.0110270e-16  7.9350046e-17  -1.5979277e-16  -9.0195456e-17  -1.8534436e-16  -2.3024050e-16  2.8479619e-16  1.0000000   
