1.0000000   1.9625919e-16  1.0129550e-16  8.5105397e-17  -5.1922667e-17  -2.2474008e-17  4.6373254e-17  3.0342139e-17  3.3031744e-17  3.1052228e-18  
1.9626697e-16  1.0000000   3.6848985e-16  8.9682578e-17  -5.8203022e-16  -5.9045650e-16  1.0542782e-15  4.5159519e-16  -9.1853608e-16  -2.2377933e-16  
1.0129834e-16  3.6852879e-16  1.0000000   6.0695967e-16  2.6353946e-15  2.5045070e-17  7.0776718e-16  2.8949892e-17  -2.5927611e-15  1.3903809e-15  
8.5116808e-17  8.9438209e-17  9.2416905e-16  1.0000000   -5.2345302e-16  -2.8942777e-16  -9.1495821e-16  -6.7701607e-16  1.1021999e-15  -1.3329182e-15  
-5.1926388e-17  -5.8213356e-16  1.4305513e-15  -1.6673515e-16  1.0000000   8.5738708e-16  -2.0314696e-15  -1.1398290e-15  3.0134315e-15  -1.7444813e-15  
-2.2486607e-17  -5.8590285e-16  2.2127889e-17  -2.8907540e-16  8.5733287e-16  1.0000000   5.7454042e-15  -3.0953972e-17  -5.8841820e-15  3.6637360e-15  
4.6377489e-17  1.0360636e-15  7.1612697e-16  -9.2108396e-16  -2.0304938e-15  5.0237592e-15  1.0000000   1.3918174e-15  3.1419312e-14  -9.4924069e-15  
3.0343569e-17  4.5169064e-16  -4.9449074e-17  -6.2946588e-16  -1.0990489e-15  -3.2637874e-17  1.3912008e-15  1.0000000   -5.8393774e-16  -1.5025687e-16  
3.3026979e-17  -8.8470897e-16  -2.6026993e-15  1.1106567e-15  3.0144073e-15  -5.9952043e-15  3.4305891e-14  -5.9121544e-16  1.0000000   1.3655743e-14  
3.1005641e-18  -2.3505503e-16  1.3966811e-15  -1.3361708e-15  -1.7488181e-15  3.3861802e-15  -9.9920072e-15  -1.5146304e-16  1.2878587e-14  1.0000000   
