1.0000000   9.1131944e-18  9.8377053e-18  4.4108950e-17  -1.7561587e-17  -7.6619212e-17  -3.9243036e-17  -3.5602396e-17  -5.4686141e-17  -4.9907181e-17  
9.1069806e-18  1.0000000   1.9446352e-16  -1.2998212e-15  1.1662492e-15  -5.5944832e-16  -8.2925203e-16  -7.6605490e-16  3.9584221e-16  1.0364973e-16  
9.8336819e-18  1.9529615e-16  1.0000000   2.4379302e-16  5.9707014e-16  -2.2586100e-15  -6.9388939e-18  -1.2682794e-16  -2.0469737e-16  1.5265567e-15  
4.4153514e-17  -1.3051035e-15  3.1137969e-16  1.0000000   -2.6303084e-15  -3.8877322e-15  -2.7064397e-16  9.2147296e-16  -2.2920034e-16  5.1998336e-16  
-1.7592854e-17  1.1717338e-15  7.0635814e-16  -3.4138481e-15  1.0000000   2.6632342e-15  -5.0916845e-17  -5.7860122e-16  -2.2735720e-16  -1.1763594e-15  
-7.6648011e-17  -5.7072402e-16  -2.2586100e-15  -3.9061636e-15  2.6827499e-15  1.0000000   -2.7755576e-16  1.4831886e-16  6.3837824e-16  -1.3322676e-15  
-3.9228637e-17  -8.5570656e-16  -6.5052130e-18  -2.6850267e-16  -5.2692226e-17  -6.6613381e-16  1.0000000   1.2956216e-17  -6.9388939e-18  2.5257574e-15  
-3.5591848e-17  -7.6608963e-16  -5.0828753e-17  9.0604743e-16  -5.7484060e-16  1.4224733e-16  1.1926224e-17  1.0000000   1.1080546e-16  -3.7470027e-16  
-5.4694188e-17  4.1703837e-16  -2.0480579e-16  -2.2854982e-16  -2.2822456e-16  1.2212453e-15  -2.9143354e-16  1.0961284e-16  1.0000000   -1.0547119e-15  
-4.9876688e-17  1.0766128e-16  1.5248219e-15  5.2562121e-16  -1.1856835e-15  -3.9968029e-15  2.9420910e-15  -3.6776138e-16  -7.7715612e-16  1.0000000   
