1.0000000   8.5211114e-16  6.6169801e-17  1.0879324e-16  4.0236599e-16  5.4292379e-16  3.4502325e-16  -2.6088320e-16  -2.0556495e-16  -2.6525722e-16  
8.5211365e-16  1.0000001   -9.6036087e-09  -5.9549144e-08  4.9171044e-08  -2.0163842e-09  5.0255128e-09  -3.2471834e-07  -2.4799465e-08  -1.5828492e-07  
6.6160684e-17  -9.6036087e-09  0.99999970  3.7158631e-10  -3.8208901e-07  2.6059603e-07  2.5066860e-08  2.5809677e-09  3.1642188e-08  -1.8373978e-08  
1.0880239e-16  -5.9549144e-08  3.7158632e-10  0.99999964  -1.3982887e-07  -2.0922582e-07  5.4213590e-08  -8.2953940e-08  4.5284073e-08  -3.9413980e-08  
4.0235767e-16  4.9171044e-08  -3.8208901e-07  -1.3982887e-07  1.0000007   4.9333964e-07  3.0704750e-08  -1.7576542e-08  1.6164036e-08  -1.1798123e-08  
5.4293368e-16  -2.0163842e-09  2.6059603e-07  -2.0922582e-07  4.9333964e-07  1.0000003   9.8777098e-08  2.8230296e-09  2.2786864e-08  2.7451271e-08  
3.4502643e-16  5.0255128e-09  2.5066860e-08  5.4213590e-08  3.0704750e-08  9.8777098e-08  0.99999979  1.1250844e-08  -4.3506782e-07  -1.0934493e-08  
-2.6088754e-16  -3.2471834e-07  2.5809677e-09  -8.2953940e-08  -1.7576542e-08  2.8230296e-09  1.1250844e-08  0.99999950  -1.4085701e-08  8.9226930e-09  
-2.0555115e-16  -2.4799465e-08  3.1642188e-08  4.5284073e-08  1.6164036e-08  2.2786864e-08  -4.3506782e-07  -1.4085701e-08  1.0000004   3.4572802e-08  
-2.6525057e-16  -1.5828492e-07  -1.8373978e-08  -3.9413980e-08  -1.1798123e-08  2.7451271e-08  -1.0934493e-08  8.9226930e-09  3.4572802e-08  1.0000001   
