1.0000000   -8.9740531e-16  -3.2662250e-16  3.5090148e-16  3.6459677e-17  5.4372911e-16  -7.8573349e-16  -9.9823690e-17  4.8444341e-17  6.7345896e-16  
-8.9739843e-16  1.0000000   -6.2078511e-16  3.4020302e-16  1.7038816e-16  5.3926686e-17  2.7319803e-16  -2.6454052e-16  8.7324273e-16  -1.0182183e-16  
-3.2662398e-16  -6.2122135e-16  1.0000000   -2.1951498e-16  -3.8324262e-16  9.3668010e-17  -8.7689151e-16  2.9111956e-16  -7.6319382e-16  5.8937230e-16  
3.5090939e-16  3.3956347e-16  -2.2145305e-16  1.0000000   1.4595867e-16  -2.8099289e-16  -3.9705584e-16  2.0696654e-16  -2.3381249e-17  1.0614255e-16  
3.6451529e-17  1.7051922e-16  -4.0234192e-16  1.6203076e-16  1.0000000   -5.9864959e-16  -6.0993188e-16  6.6426204e-16  -6.5559349e-16  1.3650783e-16  
5.4373967e-16  -5.9002671e-18  9.2810241e-17  -2.8033427e-16  -5.9561606e-16  1.0000000   -1.2214822e-15  -4.8288998e-16  1.0561119e-17  1.0163718e-16  
-7.8573193e-16  2.7840155e-16  -8.8383506e-16  -3.9840733e-16  -6.0645523e-16  -1.2284183e-15  1.0000000   -6.4804332e-16  -3.4948466e-17  -9.1129564e-16  
-9.9832362e-17  -2.6507638e-16  3.0594172e-16  3.7291839e-16  6.6436630e-16  -4.8114859e-16  -6.6798235e-16  1.0000000   -2.1819631e-16  7.8855379e-17  
4.8430894e-17  8.7324386e-16  -7.6145816e-16  -2.3752603e-17  -6.5559601e-16  -1.7187364e-17  -1.4592576e-16  -2.3033625e-16  1.0000000   1.1564100e-15  
6.7344879e-16  -1.1829641e-16  5.8979243e-16  1.0443821e-16  1.3261825e-16  -3.3633984e-17  -9.3905461e-16  7.6897039e-17  1.1286545e-15  1.0000000   
