1.0000000   -1.7911772e-16  -1.5985126e-16  5.8903505e-18  4.7628312e-16  -1.7462008e-17  -3.2873316e-18  -3.0308237e-18  1.4772366e-16  9.5267490e-17  
-1.7911443e-16  1.0000000   -1.2533299e-15  6.3656339e-16  7.5805764e-16  -1.7558654e-16  -4.2607875e-17  2.9069093e-16  -1.3018854e-16  -4.5232915e-16  
-1.5971627e-16  -1.2529165e-15  1.0000000   1.6770609e-16  8.2325145e-15  -8.2917241e-16  -4.2245624e-15  1.3504638e-15  4.2512289e-15  3.0919820e-15  
5.8887378e-18  6.3660537e-16  1.2461385e-16  1.0000000   1.1239265e-16  -1.0293483e-16  6.1496905e-16  9.0603329e-17  -6.5835938e-16  -2.4357279e-16  
4.7622248e-16  7.5803943e-16  5.7127037e-15  7.6181877e-17  1.0000000   5.7185566e-16  5.5969069e-15  -1.4822149e-15  -4.4009784e-15  -1.8343074e-15  
-1.7466243e-17  -1.3975366e-16  -8.2919782e-16  -1.0289354e-16  5.7218770e-16  1.0000000   -1.6615398e-17  6.6085849e-16  -2.5289016e-17  -6.3837824e-16  
-3.3231749e-18  -4.4347257e-17  -4.2363415e-15  6.1344355e-16  5.6109478e-15  -1.5991982e-17  1.0000000   1.9906648e-16  -1.0079946e-16  5.0697294e-16  
-3.0193300e-18  2.9064152e-16  1.9776059e-15  6.4726058e-17  -1.7832589e-15  6.6080598e-16  1.9914330e-16  1.0000000   4.6584447e-16  -6.3751765e-16  
1.4776188e-16  -1.2982559e-16  4.2553472e-15  -6.5705209e-16  -4.4057947e-15  -1.2468325e-17  -6.5725500e-16  4.6594016e-16  1.0000000   1.2359905e-16  
9.5264102e-17  -4.5883436e-16  3.0921446e-15  -2.4354950e-16  -1.8340364e-15  -6.1062266e-16  5.0805714e-16  -6.3764640e-16  1.2446641e-16  1.0000000   
