1.0000000   6.2902976e-17  1.4402166e-16  5.5827251e-17  2.0094718e-17  -1.4811557e-16  5.0027460e-17  -9.4974724e-17  -1.7448095e-16  -7.4162817e-17  
6.2899490e-17  1.0000000   8.2090198e-18  -7.7717306e-16  7.8493273e-17  4.4799234e-16  1.9038048e-15  5.1288692e-17  -8.5473078e-16  -2.7538735e-16  
1.4402241e-16  8.1789501e-18  1.0000000   -2.6118049e-16  1.2580517e-15  -3.2612801e-16  -1.1596626e-15  1.9760601e-16  5.8828810e-16  -1.7347235e-18  
5.5825546e-17  -7.7638871e-16  -2.6392869e-16  1.0000000   -2.2379055e-16  1.9541660e-15  4.3070744e-15  2.3555224e-16  -4.3933905e-15  -2.1929073e-15  
2.0097271e-17  7.7749578e-17  1.2680503e-15  -2.3251351e-16  1.0000000   -1.5517101e-15  -8.9102987e-15  1.4454702e-16  8.5708892e-15  1.2061749e-15  
-1.4812912e-16  4.2153780e-16  -3.2916378e-16  1.9569849e-15  -1.5533365e-15  1.0000000   -1.2462253e-14  -7.5330367e-16  1.2823076e-14  -6.6613381e-15  
5.0041224e-17  2.1537134e-15  -1.1596626e-15  4.3201459e-15  -8.9212153e-15  -1.2462253e-14  1.0000000   -1.7051383e-15  1.0238772e-14  1.2316537e-14  
-9.4987785e-17  5.1347137e-17  1.9595430e-16  2.6916208e-16  1.1771005e-16  -7.5113527e-16  -1.7045827e-15  1.0000000   1.7977156e-15  9.3675068e-17  
-1.7447976e-16  -1.0258721e-15  5.8830165e-16  -4.4057843e-15  8.5808876e-15  1.2531642e-14  1.3643600e-14  1.7980951e-15  1.0000000   -1.0588752e-14  
-7.4142488e-17  -2.6714742e-16  -5.2041704e-18  -2.1944252e-15  1.2071507e-15  -1.1102230e-14  1.2906343e-14  1.0668549e-16  -1.1268764e-14  1.0000000   
