1.0000000   9.0375511e-17  2.7724838e-17  2.0534205e-16  -2.2519423e-16  2.0579210e-16  4.2664330e-16  -4.5948056e-18  -3.4431334e-16  -5.9442518e-16  
9.0379805e-17  0.99999985  4.9873132e-09  5.2475141e-09  -6.0134991e-09  3.6460141e-07  -5.6322985e-08  2.9504393e-09  5.5014737e-08  -1.0379876e-07  
2.7729044e-17  4.9873132e-09  0.99999942  -1.1162616e-07  -7.0043603e-07  -9.9862803e-09  -3.0592351e-08  3.2281903e-08  -1.6917865e-08  -6.1060582e-08  
2.0534224e-16  5.2475141e-09  -1.1162616e-07  1.0000000   -2.0128310e-07  -6.0189985e-09  -5.7662434e-09  1.4140834e-07  -2.2551105e-08  5.6101461e-10  
-2.2519455e-16  -6.0134991e-09  -7.0043603e-07  -2.0128310e-07  1.0000009   9.2709473e-09  1.9737195e-08  -2.1460529e-07  -5.7523325e-08  -2.5715749e-08  
2.0580381e-16  3.6460141e-07  -9.9862803e-09  -6.0189985e-09  9.2709473e-09  0.99999914  2.9245700e-08  -3.0336304e-09  2.6744185e-08  4.1508046e-07  
4.2664973e-16  -5.6322985e-08  -3.0592351e-08  -5.7662434e-09  1.9737195e-08  2.9245700e-08  1.0000004   -6.8398012e-08  -6.0173180e-07  4.4442978e-08  
-4.5903015e-18  2.9504393e-09  3.2281903e-08  1.4140834e-07  -2.1460529e-07  -3.0336304e-09  -6.8398012e-08  1.0000022   -3.5136543e-08  -5.0615621e-08  
-3.4431645e-16  5.5014737e-08  -1.6917865e-08  -2.2551105e-08  -5.7523325e-08  2.6744185e-08  -6.0173180e-07  -3.5136543e-08  0.99999920  -6.9276107e-08  
-5.9442211e-16  -1.0379876e-07  -6.1060582e-08  5.6101461e-10  -2.5715749e-08  4.1508046e-07  4.4442978e-08  -5.0615621e-08  -6.9276107e-08  0.99999977  
