0.99983798  2.3681477e-05  -1.6694489e-05  2.8103319e-05  -1.0891624e-05  1.8266713e-05  5.3856538e-06  -1.2283125e-05  -3.4505818e-05  -6.1542445e-05  
2.3681477e-05  0.99982293  -8.2620443e-06  -1.2492525e-05  -5.1400210e-06  3.8301293e-05  -2.4679007e-05  -2.1004920e-05  9.3244944e-06  1.6706872e-05  
-1.6694489e-05  -8.2620443e-06  0.99979258  -9.8040945e-06  -6.0633204e-05  1.3728195e-06  4.6735240e-06  7.7106331e-05  -1.5392352e-05  1.4367352e-05  
2.8103319e-05  -1.2492525e-05  -9.8040945e-06  0.99981746  9.8070684e-05  3.2966971e-07  1.2233754e-05  6.8473354e-05  -5.8403207e-06  1.5918610e-05  
-1.0891624e-05  -5.1400210e-06  -6.0633204e-05  9.8070684e-05  0.99989219  1.7012313e-06  -1.0202685e-05  7.3973488e-06  -1.8554027e-05  -3.8250372e-06  
1.8266713e-05  3.8301293e-05  1.3728195e-06  3.2966971e-07  1.7012313e-06  0.99993608  1.9985615e-06  5.4640734e-07  -5.0388152e-06  2.3648645e-05  
5.3856538e-06  -2.4679007e-05  4.6735240e-06  1.2233754e-05  -1.0202685e-05  1.9985615e-06  0.99993213  7.8035192e-06  -4.2981234e-05  1.2011965e-05  
-1.2283125e-05  -2.1004920e-05  7.7106331e-05  6.8473354e-05  7.3973488e-06  5.4640734e-07  7.8035192e-06  0.99998986  -1.4654630e-06  -9.8883286e-06  
-3.4505818e-05  9.3244944e-06  -1.5392352e-05  -5.8403207e-06  -1.8554027e-05  -5.0388152e-06  -4.2981234e-05  -1.4654630e-06  0.99992872  -1.9878118e-05  
-6.1542445e-05  1.6706872e-05  1.4367352e-05  1.5918610e-05  -3.8250372e-06  2.3648645e-05  1.2011965e-05  -9.8883286e-06  -1.9878118e-05  0.99991292  
