1.0000000   4.1122564e-17  5.8906626e-16  -6.8315324e-16  1.5882483e-16  -5.0323060e-16  -1.1354852e-16  2.0860235e-16  -3.6539073e-16  7.4989177e-18  
4.1127470e-17  1.0000001   3.4962416e-08  4.3926829e-09  4.1015743e-08  1.6792848e-08  -6.1725597e-08  3.1131756e-07  -6.2227643e-09  -1.5552836e-07  
5.8906985e-16  3.4962416e-08  1.0000004   9.5453558e-08  3.3054038e-07  2.2812664e-07  5.5020421e-08  -3.1699255e-09  3.3265152e-08  -2.0613501e-09  
-6.8315481e-16  4.3926829e-09  9.5453558e-08  0.99999990  7.5057643e-07  -1.7885143e-07  3.2939423e-09  2.6144193e-08  -4.0038770e-08  -3.4929886e-08  
1.5883001e-16  4.1015743e-08  3.3054038e-07  7.5057643e-07  0.99999987  1.7969750e-08  1.3772023e-07  -1.6670276e-08  8.8886369e-09  6.1802397e-08  
-5.0322926e-16  1.6792848e-08  2.2812664e-07  -1.7885143e-07  1.7969750e-08  0.99999975  1.7309636e-09  2.7084040e-08  -1.6846943e-08  -4.9756089e-08  
-1.1355354e-16  -6.1725597e-08  5.5020421e-08  3.2939423e-09  1.3772023e-07  1.7309636e-09  0.99999925  -7.3467448e-07  1.2591972e-07  1.5926607e-07  
2.0860329e-16  3.1131756e-07  -3.1699255e-09  2.6144193e-08  -1.6670276e-08  2.7084040e-08  -7.3467448e-07  1.0000001   -2.6260390e-07  -3.0397792e-07  
-3.6538909e-16  -6.2227643e-09  3.3265152e-08  -4.0038770e-08  8.8886369e-09  -1.6846943e-08  1.2591972e-07  -2.6260390e-07  1.0000006   3.5780968e-08  
7.5026326e-18  -1.5552836e-07  -2.0613501e-09  -3.4929886e-08  6.1802397e-08  -4.9756089e-08  1.5926607e-07  -3.0397792e-07  3.5780968e-08  1.0000003   
