1.0000000   1.6035741e-16  -1.3077088e-16  -3.7397727e-17  3.2774264e-17  -1.7692650e-16  -2.9295781e-16  2.8901439e-16  2.3142648e-16  -2.2796367e-16  
1.6035597e-16  1.0000000   -3.3014633e-17  1.9478015e-16  -6.9194792e-17  -1.5839438e-16  3.9635387e-16  1.9591481e-17  3.5399656e-16  1.3192369e-16  
-1.3077466e-16  -3.0733227e-17  1.0000000   4.9903248e-16  -1.6912975e-16  -1.3077866e-17  8.6322530e-17  1.3342843e-16  -3.0195761e-16  9.5486024e-18  
-3.7384628e-17  1.9258510e-16  4.7015471e-16  1.0000000   -3.3249561e-16  5.9291795e-16  3.9524022e-16  -7.6359026e-16  -2.2994861e-17  -1.7499701e-17  
3.2781660e-17  -6.1224401e-17  -1.3575077e-16  -9.3234058e-17  1.0000000   4.2779222e-17  5.6842465e-16  -9.3435000e-17  1.3952353e-16  1.5747825e-16  
-1.7691640e-16  -1.6705947e-16  -1.6540884e-17  5.9422764e-16  4.0182935e-17  1.0000000   9.6115395e-17  7.5601419e-16  -1.3170600e-16  2.7711699e-16  
-2.9296478e-16  3.6078865e-16  8.8086257e-17  3.9766269e-16  5.6494791e-16  1.9325201e-16  1.0000000   -1.3502270e-17  -8.5522097e-17  7.2739801e-17  
2.8901870e-16  2.1000039e-17  1.2689605e-16  -7.7350120e-16  -1.1123257e-16  7.4560842e-16  -1.6086981e-17  1.0000000   -1.8226476e-16  9.4471279e-17  
2.3143000e-16  3.5962887e-16  -2.9413541e-16  -2.6880726e-17  1.4777280e-16  -1.0394835e-16  1.8556921e-17  -1.8074568e-16  1.0000000   -4.0781248e-17  
-2.2796537e-16  1.4578453e-16  6.0825436e-18  -1.7506477e-17  1.6268729e-16  2.7712038e-16  1.0049538e-16  9.7927173e-17  -8.2411224e-17  1.0000000   
