1.0000000   -9.3046117e-16  -2.6691115e-16  7.0077535e-16  -3.0497568e-16  -2.9654788e-16  -7.5351887e-17  7.8872158e-16  2.5097386e-16  1.8667251e-16  
-9.3045999e-16  1.0000000   1.5865216e-16  -2.7765597e-16  6.8430028e-16  -2.5985445e-19  -3.9044563e-16  -3.6861352e-16  -7.0730695e-16  -4.5698952e-16  
-2.6690751e-16  1.5873733e-16  1.0000000   3.0033781e-17  4.5802938e-16  1.9818867e-16  1.9016027e-16  -2.6214623e-16  -6.1327882e-16  -3.3266033e-16  
7.0077218e-16  -2.7738035e-16  7.0147147e-17  1.0000000   4.4997884e-16  1.9118368e-16  3.9756819e-16  9.1461323e-17  1.3604159e-16  2.7519762e-16  
-3.0497021e-16  6.8424072e-16  4.9739947e-16  4.4230474e-16  1.0000000   -2.1072258e-16  -1.1298237e-15  4.1865652e-16  5.3817056e-16  -4.0872813e-16  
-2.9649485e-16  3.9437629e-17  1.9884389e-16  1.9139733e-16  -2.0941933e-16  1.0000000   1.4547701e-16  5.3913170e-17  -7.2521809e-17  -3.5691258e-16  
-7.5352427e-17  -3.6995381e-16  1.8896539e-16  3.9919603e-16  -1.1279029e-15  1.4547994e-16  1.0000000   -6.6519557e-16  -5.8847580e-16  2.8028320e-16  
7.8871271e-16  -3.6850852e-16  -2.6639784e-16  1.0603464e-16  3.2616615e-16  5.2398325e-17  -6.6302605e-16  1.0000000   5.8092651e-16  6.5606979e-16  
2.5096626e-16  -6.9771307e-16  -6.1344150e-16  1.3465866e-16  5.3923509e-16  -9.3339339e-17  -6.5786995e-16  5.8119192e-16  1.0000000   6.6543332e-16  
1.8663185e-16  -4.5351415e-16  -3.3266033e-16  2.7431331e-16  -4.0872516e-16  -2.4586317e-16  2.9414405e-16  6.5693504e-16  6.5155553e-16  1.0000000   
