1.0000000   -2.0680372e-16  -1.0108430e-16  -4.0783105e-16  -3.0488231e-16  -2.6110626e-16  -3.1982841e-17  -4.9502023e-16  2.7727479e-16  2.0620255e-16  
-2.0680493e-16  1.0000000   1.2661201e-16  -8.2926934e-16  -2.6553604e-16  6.7260731e-16  1.5430075e-16  1.1553352e-16  9.6603393e-16  6.5687405e-17  
-1.0107014e-16  1.2879367e-16  1.0000000   4.6102482e-16  -1.0624010e-16  3.0626711e-16  8.3015604e-16  2.2393957e-16  6.7155715e-16  1.8983872e-16  
-4.0782272e-16  -8.3023821e-16  3.5059135e-16  1.0000000   5.9804581e-17  1.8451620e-16  1.0651026e-16  -2.6698629e-16  -4.3822143e-16  -2.7243968e-17  
-3.0488350e-16  -2.6602144e-16  -1.1873677e-16  9.0111735e-17  1.0000000   -2.2493215e-16  -5.8359629e-17  -4.5861379e-16  -1.2200718e-16  1.8678686e-16  
-2.6112909e-16  6.3053227e-16  3.0626571e-16  1.7758345e-16  -2.2146317e-16  1.0000000   -4.5403514e-16  -5.2706041e-16  -2.1153363e-16  -1.6101419e-16  
-3.1979491e-17  1.4356816e-16  8.2778520e-16  1.0477215e-16  -6.1179429e-17  -4.6097496e-16  1.0000000   3.2363570e-16  3.8877342e-16  1.1936642e-16  
-4.9502037e-16  1.1455079e-16  1.7716999e-16  -2.9623574e-16  -4.3498977e-16  -5.2532661e-16  3.1951964e-16  1.0000000   3.6902570e-16  1.9339964e-16  
2.7727682e-16  9.8224263e-16  6.7191353e-16  -4.3149364e-16  -1.1485970e-16  -1.7683290e-16  2.7253514e-16  3.7173076e-16  1.0000000   -2.1812792e-16  
2.0620001e-16  3.7926747e-17  1.9059597e-16  -1.6833933e-17  1.8244751e-16  -1.0549033e-16  1.0547932e-16  1.9166323e-16  -1.9036557e-16  1.0000000   
