1.0000000   7.6895641e-16  -5.6329681e-17  7.9466237e-16  3.7493121e-16  -1.5375673e-16  -1.1990402e-16  -2.8462094e-16  -1.9081890e-16  2.1333711e-16  
7.6896439e-16  1.0000000   6.1633543e-16  -1.2565921e-16  -1.4139150e-16  1.0572796e-16  6.1330356e-16  1.4410899e-16  3.3191034e-16  -7.4641052e-16  
-5.6329241e-17  6.1655191e-16  1.0000000   2.4953652e-16  3.4351730e-16  -4.0975519e-16  3.8629709e-16  3.0949032e-16  3.4561352e-16  -2.9934473e-16  
7.9466022e-16  -1.2848085e-16  1.6658907e-16  1.0000000   2.5964304e-18  2.2023404e-16  6.5013140e-18  3.1501306e-16  3.7192860e-16  6.0517243e-16  
3.7492990e-16  -1.3965564e-16  4.8210695e-16  -7.8091447e-18  1.0000000   -5.0410635e-16  5.7919839e-16  -3.7818220e-16  1.2535650e-16  -4.1613882e-17  
-1.5374830e-16  1.8553632e-16  -4.1062461e-16  2.2717412e-16  -5.0063759e-16  1.0000000   -4.3609022e-17  3.1542092e-16  1.1376939e-16  7.2954778e-16  
-1.1990836e-16  6.0983461e-16  3.8369357e-16  8.6657112e-18  5.7985449e-16  -1.4076500e-16  1.0000000   -3.6687386e-16  -6.9004582e-16  4.9650700e-16  
-2.8462007e-16  1.4189632e-16  2.9921317e-16  9.5650177e-17  -3.7836703e-16  3.1932705e-16  -3.6427263e-16  1.0000000   -3.1626774e-16  -1.5807541e-16  
-1.9081542e-16  3.3537638e-16  3.4561628e-16  3.6672114e-16  1.2839172e-16  1.4153615e-16  -6.5534661e-16  -3.1626771e-16  1.0000000   1.4331797e-17  
2.1333541e-16  -7.4640882e-16  -2.9240615e-16  6.3640253e-16  -4.0747473e-17  7.2955117e-16  6.2141386e-16  -1.5460935e-16  -4.1192906e-17  1.0000000   
