1.0000000   -2.2325126e-16  8.3895968e-17  -6.7578493e-16  -3.7225294e-16  -1.9381203e-16  -6.6522930e-18  1.1364453e-16  4.5181270e-16  -1.3364762e-16  
-2.2325729e-16  1.0000002   3.8914038e-08  -1.1290221e-08  8.3519155e-09  4.8278569e-07  -1.6744608e-07  9.1828333e-10  1.9626677e-08  7.0579234e-08  
8.3897269e-17  3.8914038e-08  1.0000011   6.0236411e-07  -9.1571636e-07  -2.7488354e-08  -1.1355009e-08  4.3768721e-08  -1.3167792e-08  3.9744449e-08  
-6.7579314e-16  -1.1290221e-08  6.0236411e-07  0.99999930  -1.5987166e-07  2.1741141e-08  -2.1986320e-08  -4.0147885e-07  -2.5906387e-08  -4.8553457e-09  
-3.7225900e-16  8.3519155e-09  -9.1571636e-07  -1.5987166e-07  0.99999981  3.0920799e-08  7.2696184e-08  -1.9842097e-07  2.5616124e-08  -5.9215143e-09  
-1.9381469e-16  4.8278569e-07  -2.7488354e-08  2.1741141e-08  3.0920799e-08  0.99999820  -4.0874567e-07  -1.6640402e-08  5.2769399e-07  -1.4420129e-07  
-6.6519756e-18  -1.6744608e-07  -1.1355009e-08  -2.1986320e-08  7.2696184e-08  -4.0874567e-07  1.0000006   -2.2845720e-09  -6.6699932e-09  7.7074086e-08  
1.1362546e-16  9.1828333e-10  4.3768721e-08  -4.0147885e-07  -1.9842097e-07  -1.6640402e-08  -2.2845720e-09  1.0000014   -1.4490410e-10  9.1569002e-09  
4.5181110e-16  1.9626677e-08  -1.3167792e-08  -2.5906387e-08  2.5616124e-08  5.2769399e-07  -6.6699931e-09  -1.4490409e-10  0.99999937  2.7108924e-07  
-1.3364832e-16  7.0579234e-08  3.9744449e-08  -4.8553457e-09  -5.9215143e-09  -1.4420129e-07  7.7074086e-08  9.1569002e-09  2.7108924e-07  1.0000004   
