1.0000000   3.7749702e-16  -2.7940898e-16  3.7912784e-17  3.4787605e-16  -1.6756916e-16  -1.3893850e-16  -2.0684090e-16  -3.5408933e-16  -6.7491585e-18  
3.7749171e-16  1.0000000   -1.1260167e-15  2.0280330e-16  1.0094137e-15  5.5765939e-16  4.4986936e-16  1.2009445e-17  -3.5872692e-17  1.6913554e-16  
-2.7933054e-16  -1.1243786e-15  1.0000000   -1.9573706e-15  9.9731938e-15  -3.0870963e-16  4.2570381e-15  -1.3789732e-15  -5.9292941e-15  2.1167421e-15  
3.7906150e-17  2.0269853e-16  -1.1869498e-15  1.0000000   1.0180442e-15  -8.4704989e-17  -4.7474884e-16  -4.7063795e-16  1.7866889e-15  -8.6546438e-16  
3.4778617e-16  1.0089285e-15  1.2243352e-14  1.3036798e-15  1.0000000   -1.9153448e-16  -7.8203740e-15  4.0686037e-15  9.7387541e-15  -1.6986466e-15  
-1.6757149e-16  5.4687158e-16  -3.0908910e-16  -8.4674496e-17  -1.9105675e-16  1.0000000   -5.8113236e-17  4.8095378e-17  7.7311746e-16  -3.6082248e-16  
-1.3894580e-16  4.5452466e-16  4.2566819e-15  -4.7517235e-16  -7.8212888e-15  -2.2638141e-16  1.0000000   1.8691390e-15  1.4191481e-14  -6.4531713e-16  
-2.0684171e-16  1.2808991e-17  -4.5714320e-16  -8.5936912e-16  1.5360014e-15  4.8211421e-17  1.8688490e-15  1.0000000   -2.0291167e-15  5.6217238e-16  
-3.5407052e-16  -4.0860869e-17  -5.9283667e-15  1.7866817e-15  9.7390976e-15  9.9746600e-16  1.2729726e-14  -2.0290994e-15  1.0000000   7.1123663e-16  
-6.7491585e-18  1.6740082e-16  2.1170403e-15  -8.6551859e-16  -1.6992701e-15  -3.8857806e-16  -6.0368377e-16  5.6224692e-16  7.0538193e-16  1.0000000   
