1.0000000   2.0125491e-16  -8.2152083e-16  2.9473944e-16  1.8787530e-17  -7.2681578e-16  -9.3606857e-17  -1.5413512e-17  -3.8000852e-16  -7.0144176e-17  
2.0125882e-16  1.0000003   -3.7249196e-08  -4.5901115e-08  -1.5615218e-08  -6.1058798e-09  1.5198183e-08  -6.6312308e-07  9.5693693e-08  -2.7018825e-08  
-8.2151365e-16  -3.7249196e-08  0.99999907  3.5614631e-07  -6.9560293e-07  -5.5188007e-07  1.3814916e-08  -1.1795242e-08  3.7820483e-08  -3.1151785e-10  
2.9475054e-16  -4.5901115e-08  3.5614631e-07  0.99999928  1.1773893e-06  -1.4644066e-07  2.0833402e-08  -2.2521818e-08  8.9031595e-09  1.5473884e-08  
1.8783360e-17  -1.5615218e-08  -6.9560293e-07  1.1773893e-06  1.0000010   1.8721575e-07  8.1799134e-08  -2.0374382e-10  -2.2916532e-08  -2.9438902e-08  
-7.2682871e-16  -6.1058798e-09  -5.5188007e-07  -1.4644066e-07  1.8721575e-07  1.0000006   -3.5836762e-08  -1.7129041e-08  -5.3360367e-08  1.7965988e-08  
-9.3609775e-17  1.5198183e-08  1.3814916e-08  2.0833402e-08  8.1799134e-08  -3.5836762e-08  1.0000002   3.9387635e-09  1.9587229e-07  -1.5038446e-07  
-1.5422133e-17  -6.6312308e-07  -1.1795242e-08  -2.2521818e-08  -2.0374382e-10  -1.7129041e-08  3.9387635e-09  1.0000002   -4.3148798e-08  -6.1892844e-07  
-3.8000913e-16  9.5693693e-08  3.7820483e-08  8.9031595e-09  -2.2916532e-08  -5.3360367e-08  1.9587229e-07  -4.3148798e-08  0.99999979  2.8864717e-07  
-7.0150484e-17  -2.7018825e-08  -3.1151785e-10  1.5473884e-08  -2.9438902e-08  1.7965988e-08  -1.5038446e-07  -6.1892844e-07  2.8864717e-07  0.99999936  
