1.0000000   -7.8723216e-17  -9.4653263e-17  6.7368570e-17  -3.7467781e-17  5.2643945e-17  7.7330720e-17  -1.3686695e-17  4.5262053e-17  1.0886067e-16  
-7.8715341e-17  1.0000000   1.2184461e-15  2.5236743e-16  -1.8166997e-15  3.9378223e-16  3.1157802e-15  9.8972454e-16  -3.9660115e-15  6.9822620e-16  
-9.4675134e-17  1.2163752e-15  1.0000000   -1.3930729e-15  1.9198375e-14  6.9269338e-16  -1.6444298e-14  -2.6795117e-15  1.6904243e-14  -2.4418943e-16  
6.7354615e-17  2.5231968e-16  -1.1811813e-15  1.0000000   4.3420841e-16  6.4699765e-17  1.5422234e-15  -1.7135658e-16  -8.0648379e-16  3.0634132e-16  
-3.7445526e-17  -1.8142571e-15  1.9424694e-14  7.1832240e-16  1.0000000   -2.3460305e-15  1.1731826e-14  7.1809037e-15  -1.0407717e-14  1.9561718e-16  
5.2629757e-17  3.7166450e-16  6.9277808e-16  6.4672660e-17  -2.3463490e-15  1.0000000   -1.8041124e-15  8.6177810e-16  8.6042284e-16  -1.6653345e-16  
7.7325320e-17  3.0560407e-15  -1.6442902e-14  1.5438497e-15  1.1731745e-14  -2.3384072e-15  1.0000000   -3.8786181e-15  -6.8695050e-14  2.0261570e-15  
-1.3672889e-17  9.8903072e-16  -2.6379363e-15  -2.8439465e-16  7.1510833e-15  8.6179165e-16  -3.8807323e-15  1.0000000   3.0555934e-15  8.2160841e-16  
4.5281111e-17  -3.9180898e-15  1.6902509e-14  -8.0747312e-16  -1.0407392e-14  1.6098234e-15  -7.0804473e-14  3.0515344e-15  1.0000000   -2.1649349e-15  
1.0885729e-16  6.8868522e-16  -2.4318655e-16  3.0650395e-16  1.9287957e-16  -5.5511151e-17  -5.5511151e-16  8.2252998e-16  8.8817842e-16  1.0000000   
