1.0000000   -4.9132716e-18  -3.5046981e-16  1.1079173e-16  2.6970885e-16  5.9122857e-18  -5.2903483e-17  1.9542453e-17  1.2740751e-16  -1.7537248e-16  
-4.9148405e-18  0.99999978  -2.8555916e-08  4.9142548e-08  1.9071736e-08  2.3343481e-08  1.2585116e-07  -4.7185612e-07  4.4245235e-08  1.2490848e-07  
-3.5046479e-16  -2.8555916e-08  0.99999911  8.0755028e-08  -3.1745201e-07  -1.5395061e-07  1.2276458e-08  -4.3165372e-08  2.3687286e-09  -2.8270156e-08  
1.1079012e-16  4.9142548e-08  8.0755028e-08  1.0000005   -2.3539549e-07  1.5746417e-07  -3.6224657e-08  -5.7987576e-08  5.9262245e-08  4.6616752e-10  
2.6970402e-16  1.9071736e-08  -3.1745201e-07  -2.3539549e-07  0.99999985  -2.6733625e-07  6.9770841e-09  -2.2998964e-08  -3.3818834e-09  -8.5853225e-09  
5.9089626e-18  2.3343481e-08  -1.5395061e-07  1.5746417e-07  -2.6733625e-07  1.0000015   1.7264162e-08  -5.0360205e-08  -2.0246958e-08  5.1808737e-09  
-5.2900384e-17  1.2585116e-07  1.2276458e-08  -3.6224657e-08  6.9770841e-09  1.7264162e-08  1.0000006   -1.3546380e-07  7.6829062e-07  -3.8979069e-07  
1.9546208e-17  -4.7185612e-07  -4.3165372e-08  -5.7987576e-08  -2.2998964e-08  -5.0360205e-08  -1.3546380e-07  1.0000006   2.6728986e-07  5.2155190e-07  
1.2741236e-16  4.4245235e-08  2.3687286e-09  5.9262245e-08  -3.3818834e-09  -2.0246958e-08  7.6829062e-07  2.6728986e-07  0.99999884  2.8463394e-07  
-1.7537416e-16  1.2490848e-07  -2.8270156e-08  4.6616752e-10  -8.5853226e-09  5.1808737e-09  -3.8979069e-07  5.2155190e-07  2.8463394e-07  0.99999941  
