1.0000000   3.3744036e-16  -8.1922445e-18  1.2014493e-16  3.5424953e-16  1.9391660e-16  -1.9222767e-16  1.1385341e-16  -3.0812665e-16  -4.5121276e-16  
3.3744464e-16  1.0000000   -8.8718892e-16  -2.8095083e-16  3.3450321e-16  5.9513801e-17  5.4847908e-16  -4.1833534e-16  6.6941607e-17  3.1516063e-16  
-8.1993390e-18  -8.9068666e-16  1.0000000   1.5380531e-16  6.3914184e-16  1.4922997e-17  2.0143905e-16  -1.7882743e-16  2.9495695e-17  -1.0745968e-16  
1.2014282e-16  -2.8686683e-16  1.9718677e-17  1.0000000   2.6728827e-16  -1.2116042e-16  -1.0075102e-16  5.9419413e-16  3.6710531e-16  2.0167177e-16  
3.5424930e-16  3.3029571e-16  6.1579739e-16  3.0668675e-16  1.0000000   2.1541596e-16  2.2744038e-16  -1.4969787e-17  -5.0474390e-17  1.0014481e-16  
1.9391071e-16  5.7414370e-18  3.6450817e-18  -1.2376023e-16  2.1889087e-16  1.0000000   -6.1211703e-16  2.4340200e-16  2.8576451e-16  -4.0204249e-16  
-1.9223967e-16  5.5021278e-16  1.9742198e-16  -8.5571384e-17  2.2256229e-16  -5.4273119e-16  1.0000000   2.5777219e-16  3.7791049e-17  2.0304057e-16  
1.1385438e-16  -4.1838740e-16  -1.4188102e-16  4.9281136e-16  -1.2127631e-17  2.4859553e-16  2.6872286e-16  1.0000000   2.3463827e-17  -6.2328919e-17  
-3.0815256e-16  6.1305109e-17  2.5127417e-17  3.7143738e-16  -4.4889117e-17  3.2739552e-16  2.5655623e-17  1.8203938e-17  1.0000000   -2.6265136e-16  
-4.5120810e-16  3.0822174e-16  -1.1222001e-16  2.0688102e-16  9.9710389e-17  -3.4653643e-16  2.8629375e-16  -6.6019442e-17  -1.7244913e-16  1.0000000   
