1.0000000   -2.2301402e-16  -2.1720307e-16  -3.6499817e-16  4.1726902e-16  3.8829625e-17  -1.8916177e-16  3.3933566e-17  7.7401197e-16  9.1415869e-18  
-2.2301419e-16  1.0000000   4.1446662e-09  4.4281241e-09  1.1107095e-08  4.4818635e-09  -2.5972288e-09  -4.8968620e-08  -1.2675039e-07  -1.2866754e-08  
-2.1720887e-16  4.1446662e-09  1.0000000   -9.5017838e-08  -7.8939059e-08  -3.3213365e-07  1.8505499e-08  -5.5830079e-09  -1.0988339e-08  -5.1874188e-10  
-3.6500570e-16  4.4281241e-09  -9.5017838e-08  0.99999973  4.0504898e-07  4.9036719e-08  3.1551679e-08  -7.0677105e-08  -2.3178980e-08  2.2295133e-08  
4.1727032e-16  1.1107095e-08  -7.8939059e-08  4.0504898e-07  1.0000013   -4.5800010e-07  -5.7761010e-08  -4.4529450e-08  -4.4339263e-08  -1.8196537e-08  
3.8837916e-17  4.4818635e-09  -3.3213365e-07  4.9036719e-08  -4.5800010e-07  0.99999912  -7.0281459e-08  1.3345107e-08  1.9785072e-08  -3.8135736e-08  
-1.8916114e-16  -2.5972288e-09  1.8505499e-08  3.1551679e-08  -5.7761010e-08  -7.0281459e-08  0.99999964  6.3679909e-08  -2.9237528e-08  1.5782330e-07  
3.3932500e-17  -4.8968620e-08  -5.5830079e-09  -7.0677105e-08  -4.4529450e-08  1.3345107e-08  6.3679909e-08  0.99999915  3.5751977e-07  4.5948230e-08  
7.7401125e-16  -1.2675039e-07  -1.0988339e-08  -2.3178980e-08  -4.4339263e-08  1.9785072e-08  -2.9237528e-08  3.5751977e-07  1.0000005   4.0897971e-09  
9.1439177e-18  -1.2866754e-08  -5.1874187e-10  2.2295133e-08  -1.8196537e-08  -3.8135736e-08  1.5782330e-07  4.5948230e-08  4.0897971e-09  1.0000001   
