1.0000000   8.5045695e-17  2.2447773e-16  1.4014786e-16  -1.5656374e-16  3.7913830e-17  -1.5549593e-16  1.1677729e-16  3.7054886e-17  -3.3508623e-18  
8.5038859e-17  1.0000000   -3.6352100e-17  1.8020824e-16  -5.0413204e-17  3.4553523e-16  -3.8860516e-16  2.1875859e-16  -4.6135852e-16  -2.2074356e-16  
2.2453584e-16  -3.8260372e-17  1.0000000   1.5681301e-16  -9.6449708e-15  -5.2757278e-16  5.8827042e-16  -1.7690423e-16  -6.2388519e-16  -7.5013238e-18  
1.4014780e-16  1.8026534e-16  1.3874867e-16  1.0000000   -8.0437313e-16  -4.4648801e-16  -2.6723042e-17  -2.7259198e-16  4.4868182e-17  2.3147716e-17  
-1.5658206e-16  -4.7790261e-17  -1.1292532e-14  -7.7264691e-16  1.0000000   3.0783634e-16  -7.5072498e-16  -7.6293375e-16  5.9190832e-16  1.0386996e-16  
3.7917430e-17  3.4455945e-16  -5.2715773e-16  -4.4654222e-16  3.0772029e-16  1.0000000   4.7011006e-16  -4.5154649e-16  -3.0314293e-16  1.8873791e-15  
-1.5555614e-16  -3.9118014e-16  5.8262335e-16  -2.6123555e-17  -7.5116364e-16  5.4990734e-16  1.0000000   -1.1227489e-15  7.1439165e-15  -9.5062846e-16  
1.1679433e-16  2.1873440e-16  -1.7645074e-16  -3.1559156e-16  -7.4214004e-16  -4.5155665e-16  -1.1223915e-15  1.0000000   1.1835987e-15  2.2754693e-16  
3.7111399e-17  -4.5674727e-16  -6.1989852e-16  4.4406973e-17  5.9336098e-16  -4.6056908e-16  9.4867690e-15  1.1839221e-15  1.0000000   7.6327833e-16  
-3.3542505e-18  -2.2377933e-16  -7.3454697e-18  2.3188374e-17  1.0377848e-16  1.8873791e-15  -1.0338952e-15  2.2741141e-16  8.1705476e-16  1.0000000   
