1.0000000   7.5964588e-17  -2.8759753e-17  -4.4513567e-19  1.5748791e-17  -6.4986062e-17  1.3920235e-16  -1.0829809e-16  1.0244694e-16  -1.6510705e-16  
7.5967464e-17  1.0000000   1.6093965e-16  -2.2086617e-16  8.2611123e-17  1.1254019e-16  -1.1206314e-15  2.7409986e-18  9.7534827e-16  -1.7347235e-17  
-2.8740238e-17  1.6383142e-16  1.0000000   -7.9914843e-16  -8.0720969e-17  -1.0303173e-15  -1.5471158e-15  -2.1920493e-16  -7.8461001e-16  -2.0351559e-15  
-4.4476439e-19  -2.2183835e-16  -1.3317105e-16  1.0000000   -2.9050827e-16  4.8045064e-16  1.4113907e-15  -1.8196766e-16  -1.0393298e-15  1.7978783e-16  
1.5708912e-17  8.1233848e-17  -2.6951318e-16  6.9872171e-17  1.0000000   5.4903998e-16  2.8811046e-15  -4.0994701e-17  -1.0697823e-15  1.8266638e-15  
-6.4981456e-17  7.4593109e-17  -1.0287994e-15  4.8024735e-16  5.4752210e-16  1.0000000   -2.6680047e-15  -1.3444107e-17  2.7616798e-15  -2.7755576e-16  
1.3923152e-16  -1.0976463e-15  -1.5544749e-15  1.4093002e-15  2.8843030e-15  -3.0947467e-15  1.0000000   -4.3519875e-16  -9.0968899e-15  9.9920072e-16  
-1.0830504e-16  2.7003410e-18  -3.0148910e-16  -2.1339947e-16  2.3072330e-17  -1.4636729e-17  -4.3290837e-16  1.0000000   4.2831407e-16  -1.3118846e-16  
1.0245126e-16  9.4759270e-16  -7.8002925e-16  -1.0458079e-15  -1.0719507e-15  3.0808689e-15  -6.6665423e-15  4.5135336e-16  1.0000000   -1.4155344e-15  
-1.6513077e-16  -2.6020852e-17  -2.0326622e-15  1.7970651e-16  1.8253628e-15  -2.2204460e-16  4.9960036e-16  -1.2923690e-16  -8.8817842e-16  1.0000000   
