1.0000000   -8.2234652e-16  3.0170280e-16  -6.2344805e-16  -6.7419443e-16  2.0652567e-16  6.1208048e-17  1.4094099e-16  2.8672561e-16  -3.0547566e-16  
-8.2234915e-16  1.0000000   2.3244524e-16  3.0615163e-16  -6.1647752e-17  -4.0926706e-16  -3.5833788e-16  2.3005598e-16  1.4201367e-16  -2.3550904e-17  
3.0170136e-16  2.4228094e-16  1.0000000   1.0203923e-16  2.6587542e-16  -1.9180877e-16  2.1554288e-16  -6.6752890e-17  2.8583809e-16  -2.5993560e-16  
-6.2344673e-16  3.0533569e-16  5.8515709e-17  1.0000000   -1.5164417e-16  -3.5412702e-17  1.6550155e-16  -4.7706938e-16  -1.9288991e-16  -7.0425707e-17  
-6.7419251e-16  -6.8937648e-17  1.8961186e-16  -2.5841457e-16  1.0000000   -2.3512169e-16  1.5077904e-16  -7.4192448e-17  -5.8497302e-16  3.6568742e-16  
2.0653665e-16  -4.2834856e-16  -1.8963794e-16  -3.9745583e-17  -2.3425335e-16  1.0000000   1.7772605e-17  -5.3941368e-16  6.3055311e-16  1.8009276e-16  
6.1193754e-17  -3.8479652e-16  2.1906830e-16  1.6583214e-16  1.5121125e-16  2.8180737e-17  1.0000000   4.8010174e-16  -1.3313560e-16  2.4370154e-16  
1.4094041e-16  2.3030170e-16  -5.3424019e-18  -4.1292046e-16  -9.0372990e-18  -5.3854581e-16  4.8193130e-16  1.0000000   -1.0164244e-16  -2.1689126e-17  
2.8672068e-16  1.4819659e-16  2.8621697e-16  -1.9966293e-16  -5.8692128e-16  6.2881587e-16  -1.2315884e-16  -1.0470140e-16  1.0000000   -3.4709208e-16  
-3.0547735e-16  -3.3954163e-17  -2.6080269e-16  -7.2157890e-17  3.6742383e-16  1.8009276e-16  2.3674232e-16  -2.5161961e-17  -3.4709377e-16  1.0000000   
