0.99972002  -7.0878961e-06  -3.2307025e-05  6.2082138e-05  5.9168554e-05  5.3647461e-05  -2.5217725e-05  2.1559761e-05  -9.8382370e-06  5.0228810e-05  
-7.0878961e-06  0.99970269  -3.8737733e-05  5.8650364e-05  4.5344481e-05  -1.6957334e-05  1.7506783e-06  1.7348100e-05  1.1407907e-05  2.3430645e-05  
-3.2307025e-05  -3.8737733e-05  0.99970489  6.5700716e-05  -1.9578380e-05  -2.2291906e-06  1.1892133e-05  7.3181941e-06  2.1421651e-05  9.9935946e-06  
6.2082138e-05  5.8650364e-05  6.5700716e-05  0.99963247  1.0713837e-06  -3.0882713e-06  -2.0808384e-05  -2.5748682e-06  -3.3318483e-05  1.6161954e-05  
5.9168554e-05  4.5344481e-05  -1.9578380e-05  1.0713837e-06  0.99960705  2.8004515e-05  -2.8558133e-06  1.5942466e-05  5.4682056e-05  1.6399102e-06  
5.3647461e-05  -1.6957334e-05  -2.2291906e-06  -3.0882713e-06  2.8004515e-05  0.99975388  4.3986253e-05  -2.1470697e-05  -8.6539987e-05  -3.4058588e-05  
-2.5217725e-05  1.7506783e-06  1.1892133e-05  -2.0808384e-05  -2.8558133e-06  4.3986253e-05  0.99972553  -1.5702392e-06  -2.1990658e-05  1.2345617e-05  
2.1559761e-05  1.7348100e-05  7.3181941e-06  -2.5748682e-06  1.5942466e-05  -2.1470697e-05  -1.5702392e-06  0.99976535  2.7138458e-05  9.7624299e-06  
-9.8382370e-06  1.1407907e-05  2.1421651e-05  -3.3318483e-05  5.4682056e-05  -8.6539987e-05  -2.1990658e-05  2.7138458e-05  0.99977598  -2.9470389e-05  
5.0228810e-05  2.3430645e-05  9.9935946e-06  1.6161954e-05  1.6399102e-06  -3.4058588e-05  1.2345617e-05  9.7624299e-06  -2.9470389e-05  0.99983341  
