1.0000000   -4.7702027e-16  2.6562641e-17  -6.0037871e-16  -5.9185013e-17  -8.7842790e-17  -7.8599395e-17  2.6711408e-16  3.5873541e-16  4.9477090e-17  
-4.7701949e-16  1.0000000   -7.7158511e-10  -4.2257587e-09  -3.2746586e-08  2.0808384e-07  1.6733264e-07  2.7411503e-09  -1.9262639e-08  6.7393543e-08  
2.6558953e-17  -7.7158512e-10  0.99999855  -1.9640039e-07  2.5765540e-09  6.0914349e-09  4.2997404e-08  -3.1431228e-07  4.0242418e-09  5.0054098e-08  
-6.0037416e-16  -4.2257587e-09  -1.9640039e-07  1.0000012   -3.9671246e-07  -2.7299293e-08  -3.4865959e-08  3.7004738e-07  1.0195035e-08  -1.6104791e-08  
-5.9184502e-17  -3.2746586e-08  2.5765542e-09  -3.9671246e-07  1.0000011   -5.2679412e-08  -4.3269002e-08  9.4397754e-07  7.2427016e-08  -2.4778745e-08  
-8.7842428e-17  2.0808384e-07  6.0914349e-09  -2.7299293e-08  -5.2679412e-08  0.99999892  5.1144616e-07  -6.2429686e-09  5.2240151e-08  -3.1539669e-07  
-7.8597033e-17  1.6733264e-07  4.2997404e-08  -3.4865959e-08  -4.3269002e-08  5.1144616e-07  0.99999950  -4.0560359e-08  -4.7431198e-07  -2.1400629e-07  
2.6711460e-16  2.7411503e-09  -3.1431228e-07  3.7004738e-07  9.4397754e-07  -6.2429686e-09  -4.0560359e-08  1.0000011   -2.6672210e-08  1.9924843e-09  
3.5873105e-16  -1.9262639e-08  4.0242419e-09  1.0195035e-08  7.2427016e-08  5.2240151e-08  -4.7431198e-07  -2.6672210e-08  1.0000001   1.2372948e-07  
4.9473108e-17  6.7393543e-08  5.0054097e-08  -1.6104791e-08  -2.4778745e-08  -3.1539669e-07  -2.1400629e-07  1.9924843e-09  1.2372948e-07  1.0000006   
