1.0000000   -6.9488084e-16  3.2902316e-16  7.0510005e-16  5.7855539e-16  1.8872045e-16  -8.4439547e-19  -2.2487445e-16  -4.8943426e-16  -3.4168970e-16  
-6.9487055e-16  1.0000000   -3.3487882e-16  -7.1362717e-16  -3.0796658e-16  6.2428622e-18  -3.4175222e-16  -1.7745231e-18  2.2144340e-16  -1.1226151e-16  
3.2903579e-16  -3.2363560e-16  1.0000000   -6.7786227e-16  -5.4076104e-16  -1.3067597e-16  7.3133185e-16  2.0699608e-16  -6.1994958e-16  -1.0961030e-17  
7.0509739e-16  -7.1229238e-16  -6.0338708e-16  1.0000000   -4.4555452e-18  -1.0174137e-16  1.1693289e-16  1.4014271e-16  -3.4596525e-16  3.4555217e-16  
5.7855929e-16  -3.2090787e-16  -4.0614784e-16  -4.6488893e-17  1.0000000   1.5078192e-16  -1.1616986e-16  5.0167097e-16  -3.4550930e-17  -2.6324344e-16  
1.8872733e-16  -1.9774796e-17  -1.2720693e-16  -1.0347713e-16  1.4756845e-16  1.0000000   -1.2395877e-16  -6.0440287e-16  1.3121012e-16  1.6135671e-16  
-8.3638594e-19  -3.4175331e-16  7.3696803e-16  1.1864408e-16  -1.1463917e-16  -1.2396949e-16  1.0000000   1.7815099e-16  -3.9619801e-17  9.6986967e-17  
-2.2487551e-16  -2.6192294e-18  9.4934104e-17  6.2521965e-17  4.5445978e-16  -5.9919885e-16  1.7208459e-16  1.0000000   1.5419742e-16  1.3930436e-16  
-4.8943252e-16  2.2404537e-16  -6.2753813e-16  -3.5117648e-16  -3.0225305e-17  1.1732927e-16  1.6853077e-16  1.4205327e-16  1.0000000   -8.3073815e-17  
-3.4167954e-16  -1.0532177e-16  -9.2263064e-18  3.2820494e-16  -2.6126562e-16  1.0584746e-16  9.6985696e-17  1.3930373e-16  -1.3858391e-16  1.0000000   
