1.0000000   -1.1167960e-16  -3.8440555e-17  -9.8355022e-17  -1.0254671e-16  -4.7796375e-17  -7.4193310e-17  -1.1263024e-16  -1.0678375e-16  -9.6748103e-17  
-1.1167916e-16  1.0000000   -2.4237001e-16  4.8321536e-17  -1.4954166e-16  3.5995512e-15  -3.4677122e-15  5.0629192e-16  4.7704896e-15  3.4694470e-17  
-3.8444994e-17  -2.4293837e-16  1.0000000   2.9128506e-15  6.6715038e-15  6.2027206e-16  -2.4994113e-15  1.3098504e-15  3.8970563e-15  -8.4242509e-17  
-9.8351524e-17  4.8123753e-17  1.3429806e-15  1.0000000   -8.9919130e-16  -3.4344814e-16  -8.4524401e-16  -4.6774546e-16  2.0258318e-16  1.6707555e-16  
-1.0255955e-16  -1.4925763e-16  4.1946188e-15  -1.3456181e-15  1.0000000   7.6994956e-16  -1.7100477e-15  -5.9499881e-16  2.4840427e-16  -5.6276022e-16  
-4.7758682e-17  3.5171518e-15  6.1918786e-16  -3.4623996e-16  7.7412035e-16  1.0000000   -1.3100632e-14  -9.9204499e-16  1.2323476e-14  -1.3322676e-15  
-7.4283837e-17  -3.5212718e-15  -2.4924724e-15  -8.4304850e-16  -1.7236172e-15  -9.5617958e-15  1.0000000   3.4981241e-15  -3.0614400e-14  7.9103391e-15  
-1.1262302e-16  5.0634274e-16  1.3339617e-15  -4.4652888e-16  -6.0400236e-16  -9.9789968e-16  3.5032741e-15  1.0000000   -3.1042877e-15  1.1119577e-15  
-1.0669227e-16  4.7262541e-15  3.9216677e-15  1.8762119e-16  2.5039649e-16  1.4432899e-14  -4.3631765e-14  -3.0868320e-15  1.0000000   -8.9372953e-15  
-9.6778596e-17  4.6837534e-17  -7.7628876e-17  1.6609977e-16  -5.6747142e-16  -2.2204460e-16  6.2172489e-15  1.1128251e-15  -3.5527137e-15  1.0000000   
