1.0000000   1.9322778e-16  2.2723449e-16  -5.8471039e-17  1.0051361e-16  -4.0583188e-16  5.5372994e-17  -5.1177140e-17  -4.3246354e-16  -2.2474664e-16  
1.9324901e-16  1.0000000   2.7160460e-16  8.5666108e-16  -7.5201296e-17  -2.6490669e-16  -1.8714623e-16  -4.8093606e-16  3.0669316e-16  1.5545596e-16  
2.2724922e-16  2.7110804e-16  1.0000000   4.4126369e-16  1.4585884e-16  3.6335250e-17  -3.0011189e-16  6.9243303e-16  4.2903560e-16  5.6949413e-17  
-5.8471403e-17  8.5825926e-16  4.1771373e-16  1.0000000   3.4490414e-17  1.0418072e-16  2.2560782e-16  -2.3903320e-16  -1.9475676e-16  -1.1064580e-16  
1.0051068e-16  -7.4393269e-17  9.0142782e-17  3.0660867e-17  1.0000000   1.1380505e-17  -2.1882682e-16  -9.0439706e-17  -4.7583935e-17  2.3852448e-18  
-4.0583383e-16  -2.5525773e-16  3.7633109e-17  1.0353076e-16  1.0946170e-17  1.0000000   -2.7891692e-16  -1.2804984e-16  -4.6218265e-16  -1.4344672e-16  
5.5370076e-17  -1.8064245e-16  -2.9620938e-16  2.2950141e-16  -2.1448789e-16  -3.0667180e-16  1.0000000   8.1184403e-17  -2.9753103e-16  1.1454596e-16  
-5.1189112e-17  -4.8173530e-16  6.8666631e-16  -1.8321601e-16  -9.7899321e-17  -1.2761586e-16  8.0317048e-17  1.0000000   1.7092310e-16  1.7521681e-16  
-4.3246205e-16  3.1059490e-16  4.3249600e-16  -1.9735874e-16  -4.9323542e-17  -4.3442685e-16  -3.5303300e-16  1.7699971e-16  1.0000000   -4.6085369e-16  
-2.2474791e-16  1.4754128e-16  5.2615993e-17  -1.1194811e-16  6.2875256e-18  -1.8508009e-16  3.1289397e-17  1.7651574e-16  -4.3309811e-16  1.0000000   
