1.0000000   -1.0167870e-16  -7.0661409e-17  -1.6594892e-16  -1.8561450e-17  -1.5184675e-16  -2.0626793e-16  -6.4867253e-17  -1.7259427e-16  -1.6063980e-16  
-1.0167493e-16  1.0000000   6.8152356e-16  -1.6632074e-16  -8.9413221e-16  3.1946017e-16  -3.1386298e-16  2.0761476e-16  -7.9501835e-16  -1.0798654e-16  
-7.0625316e-17  6.7587142e-16  1.0000000   5.5340579e-14  1.3216930e-13  -3.3783867e-16  2.7051883e-15  -6.0803555e-14  -5.5660144e-15  -4.0488175e-18  
-1.6594795e-16  -1.6633324e-16  3.7287835e-14  1.0000000   -3.2850520e-14  4.2507501e-17  -1.1090229e-15  1.8317842e-14  2.2015592e-15  -4.5243079e-16  
-1.8565718e-17  -8.9991541e-16  8.0340557e-14  -3.1357099e-14  1.0000000   3.7533978e-16  -1.6018288e-15  4.3553005e-14  4.7094015e-15  -1.3773433e-16  
-1.5183150e-16  3.2092384e-16  -3.2870299e-16  4.2609145e-17  3.7754630e-16  1.0000000   -1.5885730e-15  -9.5436896e-17  7.9146759e-16  5.5511151e-17  
-2.0627211e-16  -2.8701542e-16  2.6807644e-15  -1.1180310e-15  -1.6412652e-15  -1.5334956e-15  1.0000000   1.3131891e-15  1.0393270e-14  -3.3306691e-16  
-6.4861718e-17  2.1047265e-16  -4.1814706e-14  1.9189631e-14  4.2653545e-14  -9.5464001e-17  1.3075449e-15  1.0000000   -2.8145596e-15  -1.0351420e-16  
-1.7258672e-16  -8.3282990e-16  -5.5792502e-15  2.2148302e-15  4.7695002e-15  5.2475385e-16  1.2259508e-14  -2.8325730e-15  1.0000000   2.4633073e-16  
-1.6063810e-16  -1.0408341e-16  -4.7704896e-18  -4.5308809e-16  -1.3986208e-16  1.9428903e-16  -4.2327253e-16  -1.0267395e-16  3.3653635e-16  1.0000000   
