1.0000000   2.8713420e-16  -4.1482673e-18  -6.2389608e-18  -1.0668964e-16  2.0774150e-16  -2.7617683e-17  -3.5945308e-16  -1.1349692e-16  1.8554426e-16  
2.8713087e-16  1.0000000   8.7760860e-17  -2.1885514e-16  1.0672863e-16  -5.3397497e-17  -1.0453373e-15  -7.7019263e-17  -6.1703946e-17  -6.4073426e-16  
-4.1554598e-18  8.7063955e-17  1.0000000   2.3412331e-17  5.5464158e-16  -1.2984258e-16  -3.4100563e-16  7.6256666e-17  1.7209878e-16  3.7975452e-16  
-6.2349126e-18  -2.1869215e-16  1.7184013e-16  1.0000000   5.2347323e-17  -3.1980799e-16  3.6354072e-17  1.3302697e-16  -1.4988486e-16  3.7619708e-16  
-1.0668963e-16  1.0792869e-16  6.1385330e-16  7.9061506e-17  1.0000000   -3.4572235e-16  1.4233718e-15  -3.6954889e-16  9.3690749e-16  1.2267345e-16  
2.0773304e-16  -1.0869748e-16  -1.3244758e-16  -3.1980841e-16  -3.4311943e-16  1.0000000   4.7060334e-16  2.3553933e-16  -2.0298936e-16  1.0514220e-17  
-2.7628184e-17  -1.0691899e-15  -3.4534538e-16  2.3345611e-17  1.4346431e-15  4.4284191e-16  1.0000000   6.3992755e-17  8.6853066e-16  -1.0039068e-15  
-3.5945252e-16  -7.6294000e-17  1.2871371e-16  1.5652578e-16  -3.1207472e-16  2.2422180e-16  6.1402274e-17  1.0000000   1.3441914e-16  -4.6798570e-18  
-1.1348829e-16  -7.6447445e-17  1.6429146e-16  -1.5942338e-16  9.5078631e-16  -1.7522850e-16  7.5748300e-16  1.2792841e-16  1.0000000   -4.6346763e-16  
1.8555104e-16  -6.0603746e-16  3.8148924e-16  3.7099334e-16  1.1920411e-16  -1.0052164e-16  -1.0039068e-15  -5.4777621e-18  -4.6346509e-16  1.0000000   
