1.0000000   -5.0922902e-16  -1.8468193e-16  4.3292830e-16  6.5345704e-16  2.4173427e-16  -7.2042696e-17  -1.9624841e-16  -1.0947373e-16  -5.5238124e-16  
-5.0923321e-16  1.0000001   1.1123013e-08  1.3986360e-08  2.0064862e-08  1.7359150e-08  6.4258197e-10  -2.4192049e-07  -5.2885025e-08  -1.6053585e-07  
-1.8468273e-16  1.1123013e-08  0.99999939  1.6361878e-07  1.2582469e-07  1.1217311e-06  7.4074613e-08  2.7416901e-08  3.2959105e-09  -1.5277500e-08  
4.3293243e-16  1.3986360e-08  1.6361878e-07  0.99999940  2.2222959e-07  -2.6727597e-07  2.1015810e-08  -1.2266343e-08  1.9127339e-08  -3.5841118e-08  
6.5344716e-16  2.0064862e-08  1.2582469e-07  2.2222959e-07  1.0000024   -4.2241930e-07  5.0100183e-08  -1.3459030e-08  -8.6178369e-09  6.0737934e-09  
2.4171658e-16  1.7359150e-08  1.1217311e-06  -2.6727597e-07  -4.2241930e-07  0.99999942  -8.0313976e-08  -3.2320886e-08  -1.2198677e-08  -3.0379701e-08  
-7.2045776e-17  6.4258195e-10  7.4074613e-08  2.1015810e-08  5.0100183e-08  -8.0313976e-08  1.0000011   2.1830205e-07  3.6308667e-07  -1.8593219e-08  
-1.9623170e-16  -2.4192049e-07  2.7416901e-08  -1.2266343e-08  -1.3459030e-08  -3.2320886e-08  2.1830205e-07  0.99999903  2.8392886e-07  2.4040781e-07  
-1.0948614e-16  -5.2885025e-08  3.2959106e-09  1.9127339e-08  -8.6178369e-09  -1.2198677e-08  3.6308667e-07  2.8392886e-07  0.99999924  -2.7244324e-07  
-5.5238075e-16  -1.6053585e-07  -1.5277500e-08  -3.5841118e-08  6.0737934e-09  -3.0379701e-08  -1.8593219e-08  2.4040781e-07  -2.7244324e-07  0.99999978  
