0.99997399  -8.3415688e-05  -2.9994362e-05  -6.7389827e-05  1.3330520e-05  -2.6594835e-05  8.9881198e-05  -4.1473721e-05  -5.7521309e-06  -2.7775891e-05  
-8.3415688e-05  0.99990346  -1.0328864e-05  -2.4130814e-05  9.2845113e-07  3.9433790e-05  -2.3658337e-06  -5.1748098e-05  1.4153385e-06  -2.3769548e-05  
-2.9994362e-05  -1.0328864e-05  0.99991893  3.0903725e-05  -1.8652632e-05  8.4930099e-07  2.6954515e-05  4.4716191e-06  5.0559350e-06  3.0909937e-07  
-6.7389827e-05  -2.4130814e-05  3.0903725e-05  0.99988711  2.6468772e-05  2.4449805e-05  -1.4887995e-05  -1.6304703e-05  -1.6922847e-05  2.4803497e-05  
1.3330520e-05  9.2845113e-07  -1.8652632e-05  2.6468772e-05  0.99999354  -2.1800246e-06  4.8524034e-06  2.2262328e-05  -4.6567656e-05  -8.0914046e-06  
-2.6594835e-05  3.9433790e-05  8.4930099e-07  2.4449805e-05  -2.1800246e-06  0.99992022  -6.3268246e-06  -3.0025647e-06  -5.2829913e-06  -2.7118449e-05  
8.9881198e-05  -2.3658337e-06  2.6954515e-05  -1.4887995e-05  4.8524034e-06  -6.3268246e-06  0.99997311  -4.0086016e-05  -4.0290963e-05  1.1372317e-05  
-4.1473721e-05  -5.1748098e-05  4.4716191e-06  -1.6304703e-05  2.2262328e-05  -3.0025647e-06  -4.0086016e-05  0.99994115  -4.1910543e-05  1.5112423e-05  
-5.7521309e-06  1.4153385e-06  5.0559350e-06  -1.6922847e-05  -4.6567656e-05  -5.2829913e-06  -4.0290963e-05  -4.1910543e-05  0.99999001  -3.8598683e-05  
-2.7775891e-05  -2.3769548e-05  3.0909937e-07  2.4803497e-05  -8.0914046e-06  -2.7118449e-05  1.1372317e-05  1.5112423e-05  -3.8598683e-05  0.99998343  
