1.0004401   4.6570098e-05  4.4209149e-05  8.3473560e-06  -1.8818579e-05  2.2335244e-05  4.3145610e-05  4.7274946e-05  -2.9597262e-05  6.9933280e-06  
4.6570098e-05  1.0004733   -3.6167538e-06  3.8526531e-05  1.3483061e-05  -7.7328045e-06  -3.3168958e-07  1.0089797e-05  1.4900175e-06  -3.8457472e-06  
4.4209149e-05  -3.6167538e-06  1.0004232   5.0654960e-06  -4.5572614e-05  8.4704372e-06  1.4296680e-05  -4.4484388e-05  3.1975961e-05  -9.1389549e-06  
8.3473560e-06  3.8526531e-05  5.0654960e-06  1.0003610   -4.8088682e-06  1.8242745e-05  1.0766567e-05  1.9328337e-07  4.9436907e-06  -4.4263516e-06  
-1.8818579e-05  1.3483061e-05  -4.5572614e-05  -4.8088682e-06  1.0003486   -1.1758180e-06  3.8579147e-06  -2.2393555e-05  1.9354785e-05  -2.9293818e-06  
2.2335244e-05  -7.7328045e-06  8.4704372e-06  1.8242745e-05  -1.1758180e-06  1.0005133   -4.5957235e-05  2.8094921e-05  -3.5997889e-05  -1.0570933e-05  
4.3145610e-05  -3.3168958e-07  1.4296680e-05  1.0766567e-05  3.8579147e-06  -4.5957235e-05  1.0003712   1.5376453e-05  -8.6459885e-05  1.4134078e-05  
4.7274946e-05  1.0089797e-05  -4.4484388e-05  1.9328337e-07  -2.2393555e-05  2.8094921e-05  1.5376453e-05  1.0003185   2.8824371e-05  -2.3828742e-05  
-2.9597262e-05  1.4900175e-06  3.1975961e-05  4.9436907e-06  1.9354785e-05  -3.5997889e-05  -8.6459885e-05  2.8824371e-05  1.0004166   6.6013122e-05  
6.9933280e-06  -3.8457472e-06  -9.1389549e-06  -4.4263516e-06  -2.9293818e-06  -1.0570933e-05  1.4134078e-05  -2.3828742e-05  6.6013122e-05  1.0004028   
