1.0000000   -1.1606140e-18  -8.5547850e-17  -4.0854055e-17  -1.7305909e-16  -2.0970822e-16  -1.9405354e-16  -4.2622792e-17  1.1826858e-16  3.4215017e-16  
-1.1454165e-18  1.0000002   -1.4606172e-08  -5.2576480e-08  -1.1402122e-08  -7.5278579e-09  -7.6649378e-08  -4.5204784e-07  -1.6296910e-08  -2.7851938e-07  
-8.5542687e-17  -1.4606172e-08  1.0000003   5.5936794e-07  5.3922211e-07  3.0093601e-07  -2.7838328e-08  -9.4512403e-09  -4.1516804e-08  1.0046896e-08  
-4.0847284e-17  -5.2576480e-08  5.5936794e-07  0.99999995  5.4464782e-08  2.0907955e-07  3.1369560e-08  -5.3966603e-09  -1.6269150e-09  8.1964909e-09  
-1.7304467e-16  -1.1402122e-08  5.3922211e-07  5.4464782e-08  0.99999905  3.1287663e-07  4.2797027e-08  4.8201668e-10  9.8432201e-09  4.3797255e-09  
-2.0970864e-16  -7.5278579e-09  3.0093601e-07  2.0907955e-07  3.1287663e-07  0.99999932  2.9291403e-08  -8.2661718e-11  -1.3091494e-08  -2.4378122e-09  
-1.9403520e-16  -7.6649378e-08  -2.7838328e-08  3.1369560e-08  4.2797027e-08  2.9291403e-08  0.99999885  -5.8597317e-08  -2.1402130e-07  2.6504262e-07  
-4.2626068e-17  -4.5204784e-07  -9.4512403e-09  -5.3966603e-09  4.8201668e-10  -8.2661719e-11  -5.8597317e-08  1.0000018   -7.2708025e-08  4.6233683e-08  
1.1826425e-16  -1.6296910e-08  -4.1516804e-08  -1.6269150e-09  9.8432201e-09  -1.3091494e-08  -2.1402130e-07  -7.2708025e-08  1.0000014   -2.7694336e-07  
3.4214754e-16  -2.7851938e-07  1.0046896e-08  8.1964910e-09  4.3797255e-09  -2.4378122e-09  2.6504262e-07  4.6233683e-08  -2.7694336e-07  0.99999996  
