1.0000000   -2.2846162e-16  -4.4776778e-16  -7.8305963e-18  3.0163817e-16  4.4192419e-16  -2.5723103e-15  1.8550059e-18  2.7479528e-15  -2.2058771e-16  
-2.2846048e-16  1.0000000   1.3795372e-16  2.4413565e-16  2.1203437e-16  -5.3017486e-16  -1.5096431e-15  2.5005980e-16  9.2157185e-16  -3.1658703e-16  
-4.4777438e-16  1.3801894e-16  1.0000000   -7.6285185e-16  7.1738630e-16  4.6086724e-16  -5.5699802e-15  1.9862880e-16  4.9639112e-15  -1.5135462e-16  
-7.8272310e-18  2.4410028e-16  -7.7549212e-16  1.0000000   1.2438066e-15  -4.0904915e-16  1.2269374e-15  1.0512973e-15  -8.5494762e-16  5.4803709e-16  
3.0162789e-16  2.1097727e-16  4.7704260e-16  1.2579841e-15  1.0000000   6.1804945e-16  -3.0058421e-15  1.1235560e-15  2.9442594e-15  -3.3263323e-16  
4.4191583e-16  -5.2388649e-16  4.5975593e-16  -4.1045184e-16  6.1864576e-16  1.0000000   1.2545520e-14  -2.1903594e-16  -1.3433699e-14  1.4432899e-15  
-2.5722405e-15  -1.4613961e-15  -5.5541644e-15  1.2422653e-15  -3.0190423e-15  1.2358170e-14  1.0000000   4.3540721e-15  1.3331003e-13  -1.3745949e-14  
1.8584472e-18  2.5002401e-16  2.2598247e-16  1.0556080e-15  1.0691927e-15  -2.1957804e-16  4.3632632e-15  1.0000000   -3.8191496e-15  7.2556165e-16  
2.7479098e-15  9.6027786e-16  4.9462252e-15  -8.1990079e-16  2.9469970e-15  -1.5949048e-14  1.6375096e-13  -3.8220837e-15  1.0000000   1.4876989e-14  
-2.2058559e-16  -3.1225023e-16  -1.5113778e-16  5.4925682e-16  -3.3176586e-16  1.4988011e-15  -1.3655743e-14  7.2484336e-16  1.3211654e-14  1.0000000   
