1.0000000   3.3226042e-16  -3.2702580e-16  -1.6108052e-16  9.8314419e-16  3.6640871e-16  1.3476305e-16  1.4231328e-16  -1.3753902e-15  4.5954587e-16  
3.3226142e-16  1.0000000   1.9237534e-16  2.7752642e-16  -1.7347417e-16  -1.2970195e-16  -4.2332125e-16  9.1389345e-17  -9.4360818e-16  -2.2662197e-16  
-3.2701715e-16  1.9563057e-16  1.0000000   2.0858542e-16  3.4874307e-16  -3.7318271e-16  -2.8719430e-16  -8.6007380e-17  3.8142584e-19  -2.8635219e-16  
-1.6107929e-16  2.7232597e-16  1.4738305e-16  1.0000000   4.9263978e-16  4.3841864e-16  2.0962562e-16  -4.0114565e-16  8.7389428e-16  -3.5944521e-16  
9.8313871e-16  -1.7790929e-16  2.0214011e-16  5.0911996e-16  1.0000000   1.9476804e-16  8.7385617e-16  -6.4535623e-17  -3.6237087e-16  1.0101630e-16  
3.6641531e-16  -1.6092204e-16  -3.6537140e-16  4.4362425e-16  1.9867670e-16  1.0000000   5.1067262e-16  -8.9438346e-16  7.9260306e-17  1.2518808e-16  
1.3476758e-16  -4.1031446e-16  -2.9434792e-16  2.0962500e-16  8.7731234e-16  4.5516112e-16  1.0000000   3.8306455e-16  5.5327566e-17  -1.0040051e-16  
1.4231597e-16  8.9705416e-17  -5.5201360e-17  -3.2503974e-16  -7.1984105e-17  -8.9525090e-16  3.5488087e-16  1.0000000   3.7222078e-16  -1.9397054e-17  
-1.3753862e-15  -9.3232535e-16  -1.8971603e-18  8.6651557e-16  -3.6605982e-16  7.9256456e-17  1.1430044e-16  3.5162356e-16  1.0000000   1.8746533e-17  
4.5955603e-16  -2.4397259e-16  -2.8895682e-16  -3.5250801e-16  9.7547702e-17  1.2519147e-16  -1.0040220e-16  -1.6793275e-17  7.4240744e-17  1.0000000   
