1.0000000   2.5446463e-16  -5.8969115e-16  4.2629212e-17  6.6062224e-17  -2.2578540e-16  9.9957357e-17  -7.4645121e-16  2.3449242e-17  -1.1712772e-17  
2.5445739e-16  1.0000000   -3.9456937e-16  -2.7825318e-16  4.4833746e-17  -5.6088477e-16  -1.9513163e-16  -2.8290451e-16  1.0896490e-16  7.9490315e-16  
-5.8969669e-16  -3.9109948e-16  1.0000000   2.5019858e-16  4.3387210e-16  2.3253925e-16  -1.9841260e-16  5.1593102e-16  -1.2902256e-16  -4.8445626e-16  
4.2637711e-17  -2.7805837e-16  1.8976508e-16  1.0000000   1.3755942e-16  -1.2833772e-16  8.2673868e-17  -5.3234280e-18  -4.3606174e-16  6.6981671e-17  
6.6044689e-17  4.3435009e-17  5.4775242e-16  1.3055061e-16  1.0000000   -8.1810724e-16  1.3612365e-16  2.6955809e-17  2.1482187e-17  -2.3546605e-16  
-2.2578578e-16  -5.9990445e-16  2.2993949e-16  -1.3050659e-16  -8.1724700e-16  1.0000000   2.3571627e-16  2.4640724e-16  -2.9125150e-17  1.1218867e-16  
9.9960817e-17  -1.7128602e-16  -1.9580502e-16  7.9257682e-17  1.3395335e-16  2.4958940e-16  1.0000000   9.3579548e-16  4.6094012e-16  2.4394210e-16  
-7.4643839e-16  -2.8363631e-16  4.2303846e-16  4.0902971e-17  3.0590612e-19  2.4283257e-16  9.2835444e-16  1.0000000   3.5338913e-17  -2.9883661e-16  
2.3454274e-17  1.1590029e-16  -1.2554911e-16  -4.3145938e-16  2.0610784e-17  -5.6874859e-17  4.0891093e-16  3.5885084e-17  1.0000000   3.9334516e-17  
-1.1722936e-17  7.7062380e-16  -4.8445541e-16  6.7417046e-17  -2.3546563e-16  5.6693609e-17  2.7168412e-16  -2.9970736e-16  5.3208916e-17  1.0000000   
