1.0000000   -7.3664047e-17  -8.6182706e-17  -1.6091726e-17  -9.5798633e-17  -1.3372109e-16  -2.2565805e-17  -1.1535236e-16  4.9334984e-17  -2.6781149e-16  
-7.3667048e-17  1.0000000   -5.3910090e-16  2.1213889e-17  -1.1838185e-17  -7.6490463e-16  1.0445526e-15  5.2386129e-17  -3.6491196e-16  1.6740082e-16  
-8.6186786e-17  -5.3872630e-16  1.0000000   7.8022519e-16  -2.8278569e-15  -2.6621060e-16  -1.3704836e-15  -1.6685708e-15  3.2738930e-16  9.8548556e-16  
-1.6101737e-17  2.1014993e-17  6.4412236e-16  1.0000000   1.9713495e-15  1.3869233e-16  7.5075458e-16  2.3627717e-16  -6.1875519e-16  3.7181358e-17  
-9.5783220e-17  -1.1372769e-17  -8.7763985e-16  1.3064871e-15  1.0000000   -3.2192866e-16  1.5337786e-15  3.1105136e-15  2.2603447e-16  -1.1900496e-15  
-1.3370288e-16  -7.6848250e-16  -2.6592769e-16  1.3863081e-16  -3.2208597e-16  1.0000000   2.1792464e-16  1.3256066e-18  -2.9143354e-16  -4.4408921e-16  
-2.2547805e-17  1.0362466e-15  -1.3710351e-15  7.5118130e-16  1.5339762e-15  1.5265567e-16  1.0000000   6.5855036e-16  2.1071063e-15  -2.0729946e-16  
-1.1534122e-16  5.2541202e-17  -2.3348132e-15  4.0087803e-16  2.8241913e-15  1.1862696e-18  6.5997549e-16  1.0000000   -1.0818703e-15  1.9742983e-16  
4.9287821e-17  -3.5796629e-16  3.2858642e-16  -6.1908340e-16  2.2645945e-16  -1.9071116e-16  2.2187181e-16  -1.0810271e-15  1.0000000   5.8633653e-16  
-2.6783012e-16  1.7087026e-16  9.8532293e-16  3.7129689e-17  -1.1899119e-15  -4.7184479e-16  -2.1076890e-16  1.9737223e-16  5.9501015e-16  1.0000000   
