1.0000000   2.9110034e-16  -5.0726289e-17  -4.4684281e-17  -4.0348458e-17  1.8022828e-16  1.8942118e-16  -2.3864756e-18  1.6846797e-16  1.5656726e-16  
2.9110019e-16  1.0000000   2.2765387e-16  3.2197162e-16  -1.2136629e-15  1.4274606e-15  5.9658225e-16  6.4202768e-16  3.4854389e-16  4.1156314e-16  
-5.0707418e-17  2.2782222e-16  1.0000000   1.8734561e-15  1.0933654e-15  -1.3542837e-15  -4.3679117e-16  -8.9426432e-16  -1.2933431e-16  5.9360069e-17  
-4.4724990e-17  3.2251845e-16  1.0600808e-15  1.0000000   -1.7554943e-15  -1.9282467e-16  -7.4814512e-16  1.0945075e-18  3.8873538e-16  -1.3413338e-16  
-4.0360395e-17  -1.2132358e-15  9.1783384e-16  -2.3126039e-15  1.0000000   -8.7056098e-16  -2.4287463e-16  6.2517769e-16  -2.0167611e-16  -8.4264193e-16  
1.8021897e-16  1.4313637e-15  -1.3519459e-15  -1.9446521e-16  -8.7112934e-16  1.0000000   -4.6317117e-16  1.3232688e-16  -4.6664062e-16  -8.3266727e-16  
1.8945268e-16  6.1298080e-16  -4.4398587e-16  -7.4314944e-16  -2.3979333e-16  -4.6490589e-16  1.0000000   1.3213206e-16  2.1404319e-15  6.5919492e-16  
-2.4021265e-18  6.4135598e-16  -4.7335192e-16  -3.6405427e-16  2.3803767e-16  1.3418357e-16  1.2348724e-16  1.0000000   -2.3499574e-16  6.5591521e-16  
1.6846797e-16  3.3497781e-16  -1.3005174e-16  3.9094806e-16  -1.9987267e-16  -5.2995802e-16  2.6231187e-15  -2.4242252e-16  1.0000000   -2.0816682e-17  
1.5656938e-16  4.1199683e-16  5.8872178e-17  -1.3427844e-16  -8.4253351e-16  -6.6613381e-16  5.7592819e-16  6.5632179e-16  2.0816682e-17  1.0000000   
