1.0000000   5.5748556e-16  -1.0116072e-15  -9.4829823e-17  7.5347110e-16  -4.8953676e-16  -3.1064045e-16  -2.3295611e-16  6.3367779e-17  -4.1754659e-16  
5.5747725e-16  1.0000000   -2.1066609e-17  -2.4221143e-16  2.5784752e-16  -1.7531549e-16  9.8476050e-17  -7.0436907e-17  1.3879821e-16  2.6671373e-16  
-1.0116406e-15  -1.3378568e-17  1.0000000   8.0785111e-16  9.7144046e-15  4.5384025e-16  1.6368240e-15  -8.7616355e-17  -3.7259923e-16  1.8358762e-16  
-9.4833355e-17  -2.4231156e-16  8.1073049e-16  1.0000000   -2.9741426e-16  -2.0322014e-16  -1.0593735e-17  -1.4643534e-16  3.7503951e-16  2.2621878e-16  
7.5350672e-16  2.5142214e-16  9.5695407e-15  -2.9627356e-16  1.0000000   -9.3103320e-17  -1.4650724e-15  1.9560245e-16  5.5292828e-17  3.5950111e-16  
-4.8954735e-16  -1.6805134e-16  4.5370303e-16  -2.0290420e-16  -9.2861916e-17  1.0000000   2.7484525e-16  -2.9362736e-16  -3.1745440e-16  -3.3306691e-16  
-3.1065350e-16  9.8567530e-17  1.6300149e-15  -9.8422979e-18  -1.4535714e-15  2.7663418e-16  1.0000000   -6.8267452e-16  4.9868557e-16  -1.5547459e-16  
-2.3297522e-16  -7.0413743e-17  -6.5468610e-17  -1.0222374e-16  1.9648285e-16  -2.9355960e-16  -6.8113591e-16  1.0000000   7.5393259e-16  -1.5854424e-16  
6.3372570e-17  1.3863219e-16  -3.9849856e-16  3.7552496e-16  7.8979893e-17  -3.1918912e-16  8.8185955e-16  7.5374182e-16  1.0000000   8.2399365e-17  
-4.1754659e-16  2.6281061e-16  1.8356898e-16  2.2612392e-16  3.5949434e-16  -2.2204460e-16  -1.5222199e-16  -1.5854254e-16  8.1532003e-17  1.0000000   
