1.0000000   9.1889575e-17  6.3545037e-17  7.3490972e-17  6.6374364e-17  3.1896720e-17  7.5825331e-17  -1.7402699e-17  3.1734195e-17  1.1391577e-16  
9.1884764e-17  1.0000000   1.1362926e-15  4.2669872e-16  -5.5074363e-16  -6.4726870e-17  4.1824454e-16  6.8077335e-17  6.1513904e-16  7.4094376e-16  
6.3555833e-17  1.1335401e-15  1.0000000   6.7358389e-16  8.2414706e-16  -2.6769756e-16  2.3220265e-16  5.9974629e-16  9.2761252e-17  -6.0545915e-17  
7.3486663e-17  4.2622613e-16  7.5458938e-16  1.0000000   -6.7603200e-16  -2.7762352e-17  -1.3662540e-15  9.0316139e-16  8.5615549e-16  1.4002471e-16  
6.6372457e-17  -5.4267850e-16  1.4758946e-15  -4.8255365e-16  1.0000000   4.3992901e-16  6.5510002e-16  2.8100594e-16  3.2688281e-16  9.2985583e-16  
3.1893755e-17  -5.6703774e-17  -2.6780641e-16  -2.7755576e-17  4.3982355e-16  1.0000000   -6.5789388e-16  -2.9363583e-16  -6.2298257e-16  1.1102230e-16  
7.5831154e-17  4.1569667e-16  2.3773684e-16  -1.3679938e-15  6.5559334e-16  -7.2142813e-16  1.0000000   2.1506378e-16  -2.4925537e-15  3.1225023e-17  
-1.7403243e-17  6.8499660e-17  4.9914170e-16  9.6559018e-16  2.6927816e-16  -2.9341475e-16  2.1382182e-16  1.0000000   -1.8179021e-16  2.9463194e-17  
3.1718260e-17  6.1980450e-16  8.6600701e-17  8.5874699e-16  3.3120852e-16  -5.4340213e-16  -2.9350437e-15  -1.8106176e-16  1.0000000   -6.5399075e-16  
1.1391577e-16  7.4332901e-16  -6.0932162e-17  1.3991629e-16  9.3016415e-16  4.1633363e-17  2.7755576e-17  2.9408984e-17  -6.6179701e-16  1.0000000   
