1.0000000   1.1999521e-16  3.1606606e-17  2.0942634e-16  8.5792628e-17  1.8100269e-16  1.6674546e-16  1.3949617e-16  -7.9437238e-17  -2.4208795e-16  
1.1999258e-16  1.0000000   4.9680049e-17  3.7284025e-16  3.0403209e-16  -8.1677795e-17  2.7912145e-17  -1.0298538e-15  2.2035905e-16  1.6977928e-16  
3.1606311e-17  5.0562529e-17  1.0000000   -6.6794472e-16  4.4594994e-16  1.9007311e-16  4.3327653e-16  -8.5673358e-16  -2.0032260e-16  -1.9128545e-17  
2.0942862e-16  3.7331619e-16  -6.6525791e-16  1.0000000   -7.2708419e-16  6.2321498e-16  5.6764079e-16  6.1667614e-16  -5.5152029e-16  -3.5545399e-16  
8.5795502e-17  3.0243595e-16  4.4836048e-16  -6.9892481e-16  1.0000000   1.6531847e-16  -2.3748446e-16  3.5703781e-16  -9.3953308e-16  1.4358140e-16  
1.8100408e-16  -5.9236980e-17  1.9614507e-16  6.2061685e-16  1.6445290e-16  1.0000000   1.5922586e-16  -5.0978432e-16  2.1797921e-17  3.1248231e-16  
1.6674035e-16  2.2167507e-17  4.0465737e-16  5.6850711e-16  -2.3662100e-16  1.8697699e-16  1.0000000   -6.5382039e-16  -2.3957484e-16  -4.5625176e-16  
1.3950192e-16  -1.0295680e-15  -7.9976125e-16  6.2901828e-16  2.9641119e-16  -5.0631587e-16  -6.4904876e-16  1.0000000   -1.3082374e-16  2.9331544e-16  
-7.9434344e-17  2.2588772e-16  -1.9251852e-16  -5.5413108e-16  -9.5774611e-16  2.1802899e-17  -1.8407359e-16  -1.3776697e-16  1.0000000   4.6067920e-16  
-2.4208964e-16  1.6632170e-16  -1.7397210e-17  -3.5285699e-16  1.4358225e-16  3.6798499e-16  -4.8400267e-16  3.0025306e-16  4.6067920e-16  1.0000000   
