1.0000000   -2.4187418e-16  -1.6572016e-16  4.4172859e-16  1.8247096e-16  2.4801488e-17  -8.4259228e-17  -3.2169496e-16  -2.4208857e-17  4.6160532e-17  
-2.4187396e-16  1.0000001   2.0598402e-08  -1.2614837e-08  2.2775198e-08  1.8506770e-08  -2.0235135e-08  -3.8033302e-08  -3.3807546e-08  2.1184120e-07  
-1.6571926e-16  2.0598402e-08  1.0000002   8.0762575e-08  3.2498076e-07  -8.2156089e-08  7.1233303e-09  -1.7471994e-08  2.8571355e-08  1.1327733e-08  
4.4172978e-16  -1.2614837e-08  8.0762575e-08  0.99999969  2.4395996e-07  -1.8949494e-07  4.6124593e-08  2.1103937e-08  -1.3788150e-08  3.7569691e-08  
1.8247167e-16  2.2775198e-08  3.2498076e-07  2.4395996e-07  1.0000008   2.1189552e-07  7.0028837e-08  -3.8121306e-08  1.0256694e-08  4.1966717e-08  
2.4799063e-17  1.8506770e-08  -8.2156089e-08  -1.8949494e-07  2.1189552e-07  1.0000016   2.4806695e-08  -1.6573153e-08  5.5513655e-09  1.6126610e-08  
-8.4255656e-17  -2.0235135e-08  7.1233303e-09  4.6124593e-08  7.0028837e-08  2.4806695e-08  0.99999895  8.5907532e-08  6.7245304e-07  -9.6243685e-09  
-3.2169804e-16  -3.8033302e-08  -1.7471994e-08  2.1103937e-08  -3.8121306e-08  -1.6573153e-08  8.5907532e-08  0.99999789  8.5307485e-08  -8.3968397e-08  
-2.4212371e-17  -3.3807546e-08  2.8571355e-08  -1.3788150e-08  1.0256694e-08  5.5513655e-09  6.7245304e-07  8.5307485e-08  1.0000014   7.7986696e-08  
4.6159140e-17  2.1184120e-07  1.1327733e-08  3.7569691e-08  4.1966717e-08  1.6126610e-08  -9.6243685e-09  -8.3968397e-08  7.7986696e-08  1.0000001   
