1.0000000   8.7989681e-17  4.9313864e-16  -2.9423841e-16  -1.0962668e-16  -5.5986398e-16  2.7024324e-17  2.5929949e-16  -7.4573238e-18  3.6923860e-17  
8.7987967e-17  1.0000000   -2.3494382e-16  1.4105943e-16  -6.2214075e-16  -1.3877952e-16  -1.3379796e-16  4.6234415e-16  -2.5366030e-16  3.8421753e-16  
4.9315081e-16  -2.3315678e-16  1.0000000   -2.7387841e-16  2.5968219e-16  3.9966535e-16  -8.6614112e-16  -5.1310725e-16  2.5630328e-16  7.7458453e-16  
-2.9423237e-16  1.3981185e-16  -1.0484251e-16  1.0000000   4.4089952e-16  2.1121675e-16  -1.2500339e-16  2.0355308e-16  -4.6294674e-16  -2.7730503e-16  
-1.0961713e-16  -6.2365786e-16  4.6287026e-17  4.7605825e-16  1.0000000   7.6147062e-17  -1.3340721e-16  -4.3512379e-16  -6.6869409e-17  -3.2581207e-16  
-5.5985752e-16  -1.2488611e-16  3.9966406e-16  2.1511723e-16  6.9210190e-17  1.0000000   6.2749120e-16  2.1745826e-16  -6.3361511e-16  -5.5616861e-16  
2.7021550e-17  -1.4681318e-16  -8.7220480e-16  -1.2240649e-16  -1.3016673e-16  5.6503058e-16  1.0000000   -7.0612421e-16  2.9792508e-16  4.4470310e-16  
2.5930071e-16  4.6196286e-16  -5.4609159e-16  2.5902278e-16  -3.7742051e-16  2.2179635e-16  -7.0265559e-16  1.0000000   -8.1394285e-17  -2.4584284e-16  
-7.4652595e-18  -2.6667897e-16  2.3808020e-16  -4.6163821e-16  -7.0988137e-17  -6.0585991e-16  2.8058284e-16  -5.7972124e-17  1.0000000   3.1816082e-16  
3.6930637e-17  3.5992463e-16  7.6938035e-16  -2.7514002e-16  -3.1799734e-16  -5.5617539e-16  4.0306116e-16  -2.4757926e-16  2.6264035e-16  1.0000000   
