1.0000000   4.1990838e-17  -1.0152075e-15  -6.4756068e-17  9.6643286e-16  9.4831691e-17  3.5347491e-16  -9.3254471e-17  -3.7793353e-16  -9.3160072e-17  
4.1988396e-17  1.0000000   -1.7888955e-16  -8.5457683e-18  6.8433825e-16  6.5702652e-17  5.2421683e-16  -1.0874290e-16  -4.0234234e-16  4.6100276e-16  
-1.0152055e-15  -1.7890268e-16  1.0000000   -8.9691965e-16  8.5196701e-15  -2.5905588e-15  -3.3857931e-15  -6.6871152e-17  1.6650224e-15  1.9038048e-15  
-6.4751720e-17  -8.5314217e-18  -8.5737368e-16  1.0000000   1.0361405e-15  -4.3129562e-16  -9.7837403e-16  -8.6011703e-16  -2.5618310e-16  -1.0115606e-16  
9.6639949e-16  6.8443227e-16  8.1527918e-15  1.0883598e-15  1.0000000   2.1934223e-15  1.1403018e-15  -3.3957554e-16  6.3607134e-16  -1.3817072e-15  
9.4829997e-17  4.9873300e-17  -2.5904029e-15  -4.3122617e-16  2.1932055e-15  1.0000000   -2.0458895e-16  1.9288634e-16  7.4820792e-16  6.1062266e-16  
3.5350531e-16  5.2501135e-16  -3.3862776e-15  -9.7798138e-16  1.1367944e-15  -2.0339633e-16  1.0000000   9.3935642e-16  -7.5833166e-17  2.8969882e-16  
-9.3244144e-17  -1.0875654e-16  6.1653437e-17  -9.3676153e-16  -4.4074929e-16  1.9296766e-16  9.3834294e-16  1.0000000   -1.2677746e-15  -5.1278697e-16  
-3.7794966e-16  -4.0280821e-16  1.6752063e-15  -2.5626084e-16  6.2928788e-16  7.3530591e-16  9.5076738e-16  -1.2689205e-15  1.0000000   2.5153490e-16  
-9.3160072e-17  4.6056908e-16  1.9044011e-15  -1.0120688e-16  -1.3823578e-15  6.1062266e-16  2.8622937e-16  -5.1271921e-16  2.6367797e-16  1.0000000   
