1.0000000   -2.9847072e-17  1.0840800e-16  1.2575548e-16  1.5759443e-16  -8.4912512e-17  -2.7117654e-17  1.1185587e-16  -8.1166509e-17  -7.3375076e-17  
-2.9847469e-17  1.0000000   -1.5618610e-16  5.5042996e-16  5.6220668e-16  6.3794456e-16  1.7729416e-15  -2.5157006e-16  -6.7220535e-16  2.8622937e-17  
1.0828929e-16  -1.5534076e-16  1.0000000   4.6044314e-14  3.2260720e-14  3.2106682e-15  1.0737190e-14  -1.7064342e-14  -9.1181301e-15  2.3706894e-15  
1.2582078e-16  5.5056485e-16  4.4161690e-14  1.0000000   -2.4096102e-14  -2.4295954e-15  -7.7876743e-15  1.2431501e-14  6.4111941e-15  -2.6417399e-15  
1.5762861e-16  5.6154727e-16  3.5446099e-14  -2.7935197e-14  1.0000000   -1.1884753e-15  -6.6697221e-15  8.4067221e-15  5.0936428e-15  -1.5767010e-15  
-8.4915900e-17  6.4358241e-16  3.2085879e-15  -2.4262276e-15  -1.1863069e-15  1.0000000   -3.5388359e-16  8.1288058e-17  5.6898930e-16  -6.6613381e-16  
-2.7188275e-17  1.7898009e-15  1.0752290e-14  -7.8152274e-15  -6.6741250e-15  -4.9266147e-16  1.0000000   2.6076350e-15  2.4997365e-15  6.1062266e-16  
1.1183516e-16  -2.5145048e-16  -1.6098292e-14  1.1623005e-14  7.0501577e-15  8.2226570e-17  2.5948596e-15  1.0000000   -2.5015729e-15  1.1294168e-15  
-8.1105628e-17  -6.8044528e-16  -9.1504359e-15  6.4476148e-15  5.1070124e-15  6.3837824e-16  1.9151347e-15  -2.5165552e-15  1.0000000   -8.3266727e-17  
-7.3354747e-17  3.1225023e-17  2.3707165e-15  -2.6417670e-15  -1.5776768e-15  -4.4408921e-16  4.4408921e-16  1.1291966e-15  -1.3877788e-16  1.0000000   
