1.0000000   -2.2806362e-16  1.8871982e-16  -4.8741303e-17  -4.6325244e-17  1.3261148e-16  1.2053618e-16  2.5487182e-17  1.5413967e-16  3.8807662e-17  
-2.2806786e-16  1.0000000   2.2409104e-17  2.6545335e-16  -1.1568437e-16  -7.9103391e-16  4.0523140e-15  -8.2182525e-16  -3.2474023e-15  1.3045121e-15  
1.8871410e-16  2.2639497e-17  1.0000000   -1.2163277e-16  -6.3877942e-16  3.9118014e-16  3.2352593e-16  -3.3931568e-16  -5.8134920e-16  -4.4387237e-16  
-4.8741472e-17  2.6579216e-16  -1.0215911e-16  1.0000000   -1.4857979e-15  1.8331690e-15  -6.2358972e-15  1.6485826e-15  6.6377025e-15  -3.1068897e-15  
-4.6338300e-17  -1.1552682e-16  -7.1149832e-16  -1.4658944e-15  1.0000000   -1.3791052e-15  -1.5527401e-15  7.2859543e-16  2.2110406e-15  1.2380776e-15  
1.3261656e-16  -6.9388939e-16  3.9058383e-16  1.8357711e-15  -1.3719494e-15  1.0000000   6.4837025e-14  -9.5659158e-16  -6.0396133e-14  2.0872193e-14  
1.2053956e-16  3.7088388e-15  3.2566723e-16  -6.2382825e-15  -1.5566975e-15  6.5281114e-14  1.0000000   4.2823817e-15  1.2867485e-13  -5.1070259e-14  
2.5519865e-17  -8.2221149e-16  -8.8242940e-17  8.4728737e-16  -1.0937109e-15  -9.4347273e-16  4.2711060e-15  1.0000000   -3.7968760e-15  9.8987658e-16  
1.5412019e-16  -2.9490299e-15  -5.8443918e-16  6.6432320e-15  2.2249997e-15  -6.2394534e-14  1.2345680e-13  -3.8208369e-15  1.0000000   5.4178884e-14  
3.8790721e-17  1.2212453e-15  -4.4300501e-16  -3.1079739e-15  1.2262327e-15  1.9539925e-14  -4.8849813e-14  1.0070070e-15  4.9293902e-14  1.0000000   
