1.0000000   -1.0540467e-16  -6.2680526e-17  2.3689148e-16  6.4550465e-17  2.0474000e-16  7.2508968e-17  -3.0822459e-16  -1.3340000e-16  -3.8456312e-16  
-1.0540509e-16  1.0000000   1.1641458e-16  -9.6853130e-17  -2.1085832e-16  -1.5535609e-16  -5.5773685e-17  2.6877689e-16  -2.7283811e-16  -7.1387937e-18  
-6.2664739e-17  1.0244366e-16  1.0000000   4.7173013e-16  -4.1163037e-16  -8.8365232e-17  -3.8908510e-16  -1.2382756e-17  3.7563873e-17  2.8069401e-16  
2.3690234e-16  -9.7630533e-17  4.1773532e-16  1.0000000   1.0981757e-17  6.0149019e-16  -1.0792763e-17  6.4348622e-17  9.2195841e-17  -1.9497428e-16  
6.4545790e-17  -2.0780747e-16  -3.0551918e-16  3.4555813e-17  1.0000000   1.8211902e-16  3.5597107e-16  7.4984730e-16  -1.9931335e-18  2.4818404e-16  
2.0474034e-16  -1.4120677e-16  -8.3163012e-17  5.9802069e-16  1.5566387e-16  1.0000000   -2.9768490e-16  -1.5220159e-16  -6.2555757e-16  -3.8865641e-16  
7.2502773e-17  -5.9135764e-17  -3.9689036e-16  -1.0788600e-17  3.6378050e-16  -2.9768692e-16  1.0000000   5.4380491e-16  -4.8914025e-16  -3.5410212e-16  
-3.0823946e-16  2.7176135e-16  2.2126939e-17  1.0175072e-16  7.4394243e-16  -1.4265982e-16  5.9584404e-16  1.0000000   -2.1408390e-16  -1.9019018e-16  
-1.3340935e-16  -2.8076694e-16  3.5828784e-17  8.5246502e-17  -1.9929211e-18  -6.5330020e-16  -3.7810440e-16  -1.6897888e-16  1.0000000   -2.8139197e-16  
-3.8456312e-16  -3.0686310e-17  2.8069401e-16  -1.8976926e-16  2.4905479e-16  -3.8866149e-16  -5.2064828e-16  -1.8151921e-16  -3.3691413e-16  1.0000000   
