1.0000000   7.5425240e-16  1.3913283e-16  -7.8441722e-16  2.1358328e-16  -2.1759326e-16  -1.8502681e-16  -2.4728057e-16  6.5854228e-16  -6.9225631e-16  
7.5425172e-16  1.0000000   -3.9043365e-16  -5.2427473e-16  -2.8049983e-16  -1.2772032e-18  1.2552524e-16  -2.3204514e-16  -3.5535891e-17  -4.1105662e-16  
1.3914008e-16  -3.8939991e-16  1.0000000   3.3728538e-16  3.7672596e-16  1.2430964e-16  1.3516733e-16  -1.2425408e-16  -3.5509239e-17  7.0779767e-17  
-7.8442158e-16  -5.2443819e-16  2.1981345e-16  1.0000000   -2.4846656e-16  2.1563059e-16  2.9286585e-16  -3.5034777e-16  -2.0924701e-16  1.7353672e-16  
2.1356544e-16  -2.8093270e-16  4.7214161e-16  -1.6066626e-16  1.0000000   2.1376837e-16  9.2925279e-18  -5.3826560e-17  3.2600918e-16  1.4583366e-16  
-2.1758810e-16  -3.9445914e-17  1.2257867e-16  2.2126962e-16  2.0943444e-16  1.0000000   -1.4041254e-16  -2.0391456e-16  5.7546506e-16  6.5137850e-16  
-1.8503725e-16  1.1468257e-16  1.3322055e-16  2.9124343e-16  1.2663925e-18  -1.6123347e-16  1.0000000   -9.0595358e-16  -7.1942482e-16  -2.1206994e-16  
-2.4726627e-16  -2.3137820e-16  -1.5140044e-16  -3.4473522e-16  -1.2712796e-16  -2.0673145e-16  -9.3095186e-16  1.0000000   9.2770625e-17  5.3651406e-16  
6.5854190e-16  -4.2041734e-17  -3.3772849e-17  -2.2556756e-16  3.3218169e-16  5.7546309e-16  -7.3675771e-16  1.0562518e-16  1.0000000   7.6005452e-16  
-6.9224953e-16  -4.2840385e-16  6.3837485e-17  1.7180877e-16  1.4409788e-16  7.0689982e-16  -1.9818538e-16  5.3477595e-16  7.6699511e-16  1.0000000   
