1.0000000   -3.0252199e-17  -3.8513380e-16  -7.8998575e-16  -2.9262527e-16  3.3585180e-16  -5.0012519e-17  -1.2025708e-16  1.0053498e-16  -1.1242499e-16  
-3.0251587e-17  1.0000000   -1.0143511e-16  2.1062760e-16  -3.4021991e-16  3.0266691e-16  7.7226044e-17  4.3758851e-16  1.2637659e-16  1.7578475e-17  
-3.8510975e-16  -1.0105539e-16  1.0000000   3.9810035e-16  -1.6528134e-17  2.7177481e-16  -2.0474437e-16  1.5375710e-16  2.7725107e-16  -1.2790198e-18  
-7.9000503e-16  2.1242866e-16  6.0802298e-16  1.0000000   1.0689651e-16  1.7131699e-16  3.9267689e-16  -4.6619974e-17  1.8042306e-17  6.8866150e-16  
-2.9264277e-16  -3.3718540e-16  5.3985380e-17  1.8811279e-16  1.0000000   -2.4803231e-16  3.2493737e-16  -6.2529229e-16  -2.2900442e-16  1.8447954e-17  
3.3584792e-16  2.6536739e-16  2.7611276e-16  1.6568150e-16  -2.4369548e-16  1.0000000   3.9543077e-16  3.0791153e-17  -3.5598214e-16  -1.6188324e-16  
-4.9994847e-17  1.0194595e-16  -2.0257645e-16  3.8855260e-16  3.3100932e-16  3.9542736e-16  1.0000000   4.6914025e-17  -9.4221824e-16  -1.0669566e-16  
-1.2025460e-16  4.3633680e-16  1.0649598e-16  -7.7114205e-17  -4.5822443e-16  3.1224889e-17  4.4530861e-17  1.0000000   -6.1551129e-16  -3.5789260e-17  
1.0053261e-16  1.2268946e-16  2.7768962e-16  1.5868882e-17  -2.3073770e-16  -3.9761045e-16  -7.9651456e-16  -6.1724343e-16  1.0000000   -2.4244963e-16  
-1.1241144e-16  2.7987239e-17  4.5400966e-19  6.9300170e-16  1.4980731e-17  -1.6187647e-16  -1.3444276e-16  -3.3621702e-17  -2.1469575e-16  1.0000000   
