1.0000000   8.7473033e-16  8.5438476e-16  8.2445072e-16  2.4547203e-16  -2.2625632e-16  5.2492904e-18  4.5024271e-16  2.0878248e-16  7.3162382e-16  
8.7474381e-16  1.0000000   5.7015465e-08  -2.9842084e-09  6.4133185e-09  4.9410945e-08  -1.6328478e-08  -2.3446886e-08  -7.6838957e-09  -1.3726525e-07  
8.5438794e-16  5.7015465e-08  1.0000001   -3.8019079e-08  1.5376317e-07  6.8999218e-08  -1.0817951e-08  -2.5731199e-07  -2.4349642e-08  9.5477006e-10  
8.2445490e-16  -2.9842084e-09  -3.8019079e-08  0.99999961  1.8998516e-07  7.0051199e-09  5.6605040e-09  -2.8950097e-07  1.3009680e-08  -1.4127178e-08  
2.4546910e-16  6.4133185e-09  1.5376317e-07  1.8998516e-07  1.0000003   -1.9024324e-08  -3.6940908e-08  -6.2849469e-07  5.3501325e-08  -2.1004297e-08  
-2.2625464e-16  4.9410945e-08  6.8999218e-08  7.0051199e-09  -1.9024324e-08  0.99999989  3.9373859e-07  -4.6020646e-09  -5.5404578e-07  2.2843354e-07  
5.2702661e-18  -1.6328478e-08  -1.0817951e-08  5.6605040e-09  -3.6940908e-08  3.9373859e-07  1.0000001   2.8887212e-09  8.1889857e-07  2.5126439e-07  
4.5024107e-16  -2.3446886e-08  -2.5731199e-07  -2.8950097e-07  -6.2849469e-07  -4.6020646e-09  2.8887212e-09  1.0000010   1.5377764e-08  -7.7820889e-09  
2.0876221e-16  -7.6838957e-09  -2.4349642e-08  1.3009680e-08  5.3501325e-08  -5.5404578e-07  8.1889857e-07  1.5377764e-08  0.99999916  -3.1340316e-07  
7.3162645e-16  -1.3726525e-07  9.5477007e-10  -1.4127178e-08  -2.1004297e-08  2.2843354e-07  2.5126439e-07  -7.7820889e-09  -3.1340316e-07  1.0000001   
