1.0000000   -7.8609126e-17  2.1743870e-16  -6.8528468e-17  4.8589678e-17  -2.4817906e-16  3.9890855e-16  -1.0781800e-16  5.7184129e-16  8.7603076e-17  
-7.8609245e-17  1.0000002   -1.6066418e-08  5.4912714e-08  -3.2872073e-08  1.5163649e-09  -1.0537169e-07  -3.2024144e-07  2.3025811e-07  1.0591136e-07  
2.1743446e-16  -1.6066418e-08  1.0000003   3.2200688e-07  -2.3680341e-07  -1.7051037e-08  6.3165953e-09  -2.2187843e-08  1.6317369e-08  2.2056165e-08  
-6.8532928e-17  5.4912714e-08  3.2200688e-07  1.0000000   -2.8004623e-07  -1.6987849e-07  7.6290010e-09  -2.2074891e-08  -1.8723110e-09  9.6267653e-09  
4.8582005e-17  -3.2872073e-08  -2.3680341e-07  -2.8004623e-07  1.0000006   -7.3398750e-07  -2.7226240e-08  -2.6874480e-09  -4.9736674e-09  -1.5991724e-08  
-2.4816472e-16  1.5163649e-09  -1.7051037e-08  -1.6987849e-07  -7.3398750e-07  0.99999952  3.4668364e-08  3.3260960e-08  -3.3191674e-08  3.8675939e-08  
3.9890961e-16  -1.0537169e-07  6.3165953e-09  7.6290010e-09  -2.7226240e-08  3.4668364e-08  1.0000001   -1.9464794e-07  3.9581253e-07  -5.8209355e-08  
-1.0781830e-16  -3.2024144e-07  -2.2187843e-08  -2.2074891e-08  -2.6874480e-09  3.3260960e-08  -1.9464794e-07  0.99999920  -4.2623480e-07  -8.0663256e-07  
5.7184528e-16  2.3025811e-07  1.6317369e-08  -1.8723110e-09  -4.9736674e-09  -3.3191674e-08  3.9581253e-07  -4.2623480e-07  0.99999943  1.2390069e-07  
8.7598295e-17  1.0591136e-07  2.2056165e-08  9.6267653e-09  -1.5991724e-08  3.8675939e-08  -5.8209355e-08  -8.0663256e-07  1.2390069e-07  1.0000009   
