1.0000000   3.7025538e-16  5.1019816e-16  -1.2654284e-16  -4.3368927e-16  -3.4237326e-16  -1.3383056e-16  7.5626930e-17  1.7476211e-16  2.1782299e-16  
3.7025397e-16  1.0000000   4.1417645e-16  4.0134363e-16  -5.7747318e-17  2.7186369e-16  -2.7512138e-16  5.9071628e-17  2.9498769e-16  5.4231793e-16  
5.1021868e-16  4.1397846e-16  1.0000000   7.8279539e-16  5.7381567e-15  7.2379304e-16  -1.7802401e-15  2.8231693e-16  2.5792060e-15  -3.4802890e-17  
-1.2655049e-16  4.0150272e-16  7.9138245e-16  1.0000000   -4.2700090e-16  3.8222362e-18  -4.1035161e-16  1.0510337e-16  -7.1145754e-16  3.1763058e-16  
-4.3369977e-16  -5.7560971e-17  6.2863535e-15  -3.9958169e-16  1.0000000   -7.7777953e-16  1.6223404e-15  1.8728650e-16  -1.4769375e-15  2.5392015e-16  
-3.4236606e-16  2.1976778e-16  7.2404376e-16  3.7971428e-18  -7.7791506e-16  1.0000000   -4.3612032e-16  1.4141046e-16  2.1163626e-16  4.8572257e-16  
-1.3385363e-16  -2.7506209e-16  -1.7796255e-15  -4.1142103e-16  1.6234674e-15  -4.3628295e-16  1.0000000   -5.6517183e-16  -9.7501217e-15  -1.1796120e-16  
7.5633183e-17  5.9018701e-17  2.7392375e-16  -5.7100793e-17  1.8880603e-16  1.4141596e-16  -5.5766751e-16  1.0000000   2.4579197e-16  1.1592493e-16  
1.7481042e-16  2.9497414e-16  2.5769148e-15  -7.1076241e-16  -1.4768426e-15  2.0990154e-16  -7.7772939e-15  2.4528528e-16  1.0000000   4.3715032e-16  
2.1782638e-16  5.4340213e-16  -3.6212353e-17  3.1764201e-16  2.5283595e-16  5.9674488e-16  -1.2403273e-16  1.1600963e-16  4.4582393e-16  1.0000000   
