1.0000000   1.1742136e-17  -5.1484229e-17  -1.8703766e-17  -1.1698184e-17  8.1618608e-17  -1.4675014e-16  -2.0373031e-17  1.9427146e-16  -7.8285744e-17  
1.1742100e-17  1.0000000   -5.6050046e-17  -1.1781347e-16  -3.0836162e-16  5.3159595e-17  5.6686296e-18  4.6771598e-16  -7.0184169e-16  -1.4282830e-16  
-5.1478960e-17  -4.9084046e-17  1.0000000   -1.9372990e-16  1.0318434e-16  5.7725617e-17  3.2604836e-16  7.3642437e-16  2.1678675e-17  1.7525187e-16  
-1.8684128e-17  -1.1591273e-16  -1.9116000e-16  1.0000000   -6.5244206e-16  4.1086401e-16  1.1595986e-16  6.6800341e-18  -1.6191593e-16  -3.8821141e-16  
-1.1693207e-17  -3.1028609e-16  1.0737883e-16  -6.7676542e-16  1.0000000   -5.3503006e-18  -2.3428566e-18  3.9536479e-16  8.8807823e-17  5.8228769e-16  
8.1615644e-17  5.7496409e-17  5.4906693e-17  4.1108085e-16  -8.8197460e-18  1.0000000   2.6468088e-16  1.2602378e-16  1.7676233e-15  -6.9568166e-16  
-1.4675190e-16  3.0665486e-18  3.2301260e-16  1.1661039e-16  1.1265923e-18  2.3692531e-16  1.0000000   3.7931834e-16  3.5155923e-16  9.6046072e-17  
-2.0394443e-17  4.6617099e-16  8.0004686e-16  6.5511571e-17  4.4847714e-16  1.2775850e-16  3.6977737e-16  1.0000000   6.5390766e-17  -5.2374903e-16  
1.9426759e-16  -6.8883127e-16  2.7750198e-17  -1.6126542e-16  8.5338368e-17  1.7676233e-15  3.5155928e-16  6.7125488e-17  1.0000000   1.4020341e-16  
-7.8288719e-17  -1.3025155e-16  1.7785396e-16  -3.8712721e-16  5.8228768e-16  -6.8180390e-16  -1.4976337e-17  -5.2201429e-16  1.6795898e-16  1.0000000   
