1.0000000   -2.0231585e-16  7.2182053e-18  4.2695922e-16  4.2118050e-16  2.7901142e-16  3.0643832e-16  2.5752542e-16  1.2703294e-16  6.1970415e-16  
-2.0232310e-16  0.99999992  -6.2917044e-09  1.0227527e-08  6.7278104e-09  -3.6133069e-09  -2.5638183e-08  -3.2609172e-07  -1.2040407e-08  3.2032963e-08  
7.2156208e-18  -6.2917044e-09  1.0000007   1.1670224e-08  1.1979715e-08  4.3017565e-07  -3.2203024e-08  -1.2774465e-08  -3.1563311e-08  1.5565186e-08  
4.2696462e-16  1.0227527e-08  1.1670224e-08  0.99999974  2.3178647e-07  1.7251284e-08  5.1625815e-08  5.5121416e-08  7.9175452e-09  1.8630086e-08  
4.2119360e-16  6.7278104e-09  1.1979715e-08  2.3178647e-07  0.99999963  9.4830792e-08  2.1234292e-08  7.4591516e-08  3.8805965e-09  -8.5530989e-09  
2.7901496e-16  -3.6133069e-09  4.3017565e-07  1.7251284e-08  9.4830792e-08  0.99999985  -3.7443868e-08  1.0744486e-08  3.9334579e-08  -7.5437917e-08  
3.0642820e-16  -2.5638183e-08  -3.2203024e-08  5.1625815e-08  2.1234292e-08  -3.7443868e-08  1.0000004   -1.9528922e-08  -1.4767219e-07  2.3144007e-07  
2.5752574e-16  -3.2609172e-07  -1.2774465e-08  5.5121416e-08  7.4591516e-08  1.0744486e-08  -1.9528922e-08  0.99999975  -2.7683582e-08  1.4561245e-07  
1.2703600e-16  -1.2040407e-08  -3.1563311e-08  7.9175452e-09  3.8805965e-09  3.9334579e-08  -1.4767219e-07  -2.7683582e-08  0.99999945  -3.1546441e-07  
6.1970537e-16  3.2032963e-08  1.5565186e-08  1.8630086e-08  -8.5530989e-09  -7.5437917e-08  2.3144007e-07  1.4561245e-07  -3.1546441e-07  1.0000001   
