1.0000000   -5.4145988e-16  1.1499867e-16  7.5776036e-16  -1.0805899e-15  -3.3511328e-16  -1.7071490e-16  -4.2416477e-16  1.3623377e-16  -7.7707650e-16  
-5.4145985e-16  1.0000000   1.2536619e-16  -3.6318260e-16  4.2979918e-17  8.3424303e-17  2.5749447e-16  -8.7103853e-16  2.4444843e-16  -8.9364517e-17  
1.1500077e-16  1.2265651e-16  1.0000000   -1.7710614e-17  -3.8424990e-16  -3.8685923e-16  -4.6565329e-16  -1.9392373e-16  -1.2532069e-16  -3.7702114e-16  
7.5775799e-16  -3.6095853e-16  5.5971941e-17  1.0000000   -1.8821553e-16  4.9031029e-16  4.2890663e-16  7.4845478e-16  -1.7199125e-16  -4.8053577e-16  
-1.0805840e-15  4.4611825e-17  -3.2581384e-16  -2.1492676e-16  1.0000000   4.1005924e-16  -1.9497529e-16  5.4489498e-16  3.5919630e-16  4.9278725e-16  
-3.3511092e-16  6.0863374e-17  -3.8208582e-16  4.9074212e-16  4.0876072e-16  1.0000000   2.4335045e-17  -1.2634173e-17  1.2564445e-16  1.8011139e-16  
-1.7071074e-16  2.6443833e-16  -4.6673652e-16  4.3193517e-16  -1.9974649e-16  2.4337990e-17  1.0000000   7.2568856e-17  -2.6917407e-16  -9.2706062e-17  
-4.2416365e-16  -8.6983656e-16  -2.5402830e-16  8.3561079e-16  4.8683954e-16  -1.2959153e-17  7.6097595e-17  1.0000000   1.8967474e-16  5.3645815e-16  
1.3624443e-16  2.4618483e-16  -1.2511325e-16  -1.7849232e-16  3.6050189e-16  1.1176691e-16  -3.6634149e-16  1.9661065e-16  1.0000000   -3.7091234e-16  
-7.7707311e-16  -1.1365149e-16  -3.7702199e-16  -4.8140355e-16  4.9365334e-16  2.3562254e-16  -1.4821721e-16  5.3623623e-16  -4.2643027e-16  1.0000000   
