1.0000000   -6.0907730e-16  9.4029197e-17  1.9619331e-16  5.8249437e-16  -1.9687084e-16  -1.4462881e-16  3.6515495e-16  7.1764559e-17  -1.7303867e-16  
-6.0907911e-16  1.0000000   1.1926717e-15  -3.1403658e-16  5.8257551e-16  -1.6095424e-16  2.1245902e-16  4.2865299e-16  1.7976984e-16  2.5098433e-16  
9.4027576e-17  1.1921708e-15  1.0000000   -1.5580301e-16  -1.2708412e-16  3.0346593e-16  1.6851931e-16  6.2665659e-16  6.8261451e-16  -3.7088862e-16  
1.9619098e-16  -3.1615860e-16  -1.3449482e-16  1.0000000   3.5966986e-17  -1.8479092e-16  -6.3219308e-16  -2.6053210e-16  1.8800387e-16  -5.4965831e-16  
5.8249321e-16  5.8249891e-16  -1.1852290e-16  1.3909082e-16  1.0000000   4.0337668e-16  4.9832226e-16  2.5427952e-16  -5.9051119e-16  3.5974654e-17  
-1.9685730e-16  -9.4168559e-17  3.0173301e-16  -1.8825935e-16  4.0338278e-16  1.0000000   3.4779986e-16  -6.3757485e-17  -5.0344948e-16  3.6477304e-16  
-1.4461988e-16  2.0985624e-16  1.7458875e-16  -6.3479496e-16  4.8097363e-16  3.4781231e-16  1.0000000   -8.9316452e-17  4.5290238e-16  9.8428362e-16  
3.6514743e-16  4.2929922e-16  7.0524260e-16  -2.3591774e-16  3.1234438e-16  -6.2456209e-17  -8.8013187e-17  1.0000000   2.8918048e-16  -4.4640500e-16  
7.1774246e-17  1.8410361e-16  6.8434959e-16  1.8540038e-16  -6.0266367e-16  -5.0345820e-16  5.2228796e-16  2.9156512e-16  1.0000000   -5.5798973e-16  
-1.7304714e-16  2.4751319e-16  -3.7782773e-16  -5.4965577e-16  4.6382677e-17  3.6478660e-16  9.8428532e-16  -4.4813845e-16  -5.5799481e-16  1.0000000   
