1.0000000   -1.6681699e-16  -6.6806495e-17  -9.4538966e-17  -2.8214350e-17  4.1099660e-17  -4.8434754e-16  1.3400471e-16  2.4051287e-16  -3.1382657e-16  
-1.6681489e-16  1.0000001   4.0475537e-09  -6.4654289e-08  1.1785225e-08  -1.9204813e-08  3.1927695e-07  1.5764696e-08  -1.5777312e-07  -1.8320946e-07  
-6.6800745e-17  4.0475537e-09  1.0000001   6.9175786e-07  -3.6347632e-07  1.5660392e-08  1.6323997e-10  -3.3395236e-07  -1.6823868e-08  -5.8757123e-09  
-9.4546807e-17  -6.4654289e-08  6.9175786e-07  0.99999955  -7.8416545e-08  -3.8397208e-08  -7.5462707e-08  9.4622424e-07  -1.1448344e-07  3.5349509e-09  
-2.8206120e-17  1.1785225e-08  -3.6347632e-07  -7.8416545e-08  0.99999958  2.6834282e-08  -3.9803745e-08  -2.9259994e-07  -4.5561669e-08  1.4295925e-08  
4.1074060e-17  -1.9204813e-08  1.5660392e-08  -3.8397208e-08  2.6834282e-08  1.0000013   -2.1896098e-07  -3.7189973e-08  6.0010647e-07  -4.9298515e-07  
-4.8434734e-16  3.1927695e-07  1.6323998e-10  -7.5462707e-08  -3.9803745e-08  -2.1896098e-07  0.99999996  -1.8032879e-08  -5.3487710e-08  6.4984429e-09  
1.3400714e-16  1.5764696e-08  -3.3395236e-07  9.4622424e-07  -2.9259994e-07  -3.7189973e-08  -1.8032879e-08  0.99999934  -4.4207398e-08  -1.5115067e-07  
2.4053488e-16  -1.5777312e-07  -1.6823868e-08  -1.1448344e-07  -4.5561669e-08  6.0010647e-07  -5.3487710e-08  -4.4207398e-08  1.0000003   -5.9393436e-08  
-3.1385205e-16  -1.8320946e-07  -5.8757123e-09  3.5349509e-09  1.4295925e-08  -4.9298515e-07  6.4984430e-09  -1.5115067e-07  -5.9393436e-08  1.0000000   
