1.0000000   1.0768078e-17  4.3495142e-18  6.2214041e-18  3.8789874e-18  1.5293180e-18  4.2245768e-18  1.1067544e-18  -2.4584496e-17  -2.5427929e-18  
1.0770782e-17  1.0000000   -2.7499704e-15  1.5977887e-15  2.2878834e-15  -2.8763884e-16  4.9228200e-16  -7.7951426e-16  -2.4145182e-16  6.1495947e-16  
4.2728579e-18  -3.2275526e-15  1.0000000   -5.8800333e-14  -1.1737785e-13  1.5935705e-14  2.6880252e-15  4.1700811e-14  5.2030490e-15  -2.1102125e-14  
6.2039677e-18  1.4367661e-15  8.6367562e-14  1.0000000   -7.9018082e-14  -6.1412938e-15  -3.6455756e-15  2.5954256e-14  -3.2784580e-16  7.1115802e-15  
3.8917524e-18  2.7091106e-15  -1.0580430e-13  5.3029013e-14  1.0000000   -1.5242853e-14  -8.4439698e-16  -6.0590745e-14  -6.4119039e-15  1.8866853e-14  
1.5263534e-18  -2.5175174e-16  1.6193644e-14  -6.7923098e-15  -1.5548327e-14  1.0000000   -2.2030988e-15  5.8963251e-15  9.9920072e-16  -6.1062266e-16  
4.2343442e-18  4.8434022e-16  6.0188399e-15  -9.1821082e-16  -4.4202923e-15  -2.1423835e-15  1.0000000   1.3876704e-15  -5.3724386e-15  2.0573820e-15  
1.0859442e-18  -8.2943160e-16  -9.8518199e-15  -1.5814308e-15  -6.2538679e-15  5.5590298e-15  1.9242962e-15  1.0000000   7.6506726e-16  -7.0592403e-15  
-2.4593919e-17  -2.3787396e-16  2.2195787e-15  -1.8108345e-15  -3.3384753e-15  9.1766872e-16  -4.5441081e-15  9.8597346e-16  1.0000000   -1.8457458e-15  
-2.5343226e-18  6.0888794e-16  -2.1010971e-14  7.3205331e-15  1.8790525e-14  -5.8286709e-16  1.9984014e-15  -7.1401218e-15  -1.7763568e-15  1.0000000   
