1.0000000   -2.4669537e-16  -4.6671769e-16  9.9648513e-17  3.4835952e-16  7.4956063e-18  3.9818939e-16  -6.9177589e-17  -5.9481608e-16  5.0651977e-16  
-2.4669240e-16  1.0000000   -5.5415691e-16  1.6840624e-16  2.9359030e-16  8.4746663e-16  4.8385656e-16  6.9455279e-17  -3.1309048e-16  7.1405555e-16  
-4.6671679e-16  -5.5774674e-16  1.0000000   7.3818073e-15  5.0890765e-14  -1.5031752e-15  -2.6221135e-15  -6.9422661e-15  1.1558476e-15  -6.3841890e-16  
9.9632595e-17  1.6899493e-16  7.2148522e-15  1.0000000   -1.0271165e-14  1.1043819e-15  8.6420590e-16  1.3714750e-15  -8.0524373e-16  -3.7193556e-16  
3.4836543e-16  2.9725785e-16  4.8858803e-14  -1.0317861e-14  1.0000000   9.4964929e-16  4.9077082e-15  9.2892349e-15  -3.5107051e-15  1.3057318e-15  
7.5013238e-18  8.0512853e-16  -1.5038426e-15  1.1048291e-15  9.5144162e-16  1.0000000   1.8257965e-16  -2.6220328e-16  2.0469737e-16  -1.1102230e-16  
3.9819477e-16  4.8409627e-16  -2.5543532e-15  8.5779704e-16  4.8279591e-15  1.9949320e-16  1.0000000   2.7604168e-17  -6.6092964e-16  1.4571677e-16  
-6.9157558e-17  6.9063678e-17  -4.2545094e-15  1.0800358e-15  7.4185813e-15  -2.6224902e-16  4.1382695e-17  1.0000000   -2.1810887e-16  -5.8962302e-16  
-5.9485165e-16  -3.1111181e-16  1.1278650e-15  -8.0376650e-16  -3.4813528e-15  1.5785984e-16  -1.0023449e-16  -2.0348760e-16  1.0000000   5.4123372e-16  
5.0651554e-16  7.1557343e-16  -6.3881192e-16  -3.7215240e-16  1.3052710e-15  0.0000000   1.6696713e-16  -5.8945700e-16  6.1062266e-16  1.0000000   
