1.0001560   1.2219145e-05  -5.7303558e-06  -1.8492687e-05  -1.5628674e-05  4.8019188e-05  -3.0808638e-05  -5.5486726e-05  9.7811784e-06  -2.0797852e-05  
1.2219145e-05  1.0000811   -8.3654467e-06  -4.9655854e-05  -2.2899732e-05  -6.1626893e-06  -1.2577101e-08  1.0688024e-05  -3.3868462e-06  -8.1714419e-06  
-5.7303558e-06  -8.3654467e-06  1.0001032   6.2248298e-05  3.2365603e-05  -1.3512800e-05  4.3417914e-05  -2.2977355e-05  -2.6333733e-05  -2.1808655e-05  
-1.8492687e-05  -4.9655854e-05  6.2248298e-05  1.0001773   1.7669004e-05  -2.8851490e-05  5.5877848e-06  -1.6190410e-05  5.9346000e-05  7.3697672e-07  
-1.5628674e-05  -2.2899732e-05  3.2365603e-05  1.7669004e-05  1.0000794   7.9451738e-06  -7.0222526e-06  -4.4627124e-05  -5.4824378e-05  -1.2320553e-05  
4.8019188e-05  -6.1626893e-06  -1.3512800e-05  -2.8851490e-05  7.9451738e-06  1.0002808   3.8864275e-06  -4.6489760e-05  -5.4350165e-05  6.3845908e-05  
-3.0808638e-05  -1.2577101e-08  4.3417914e-05  5.5877848e-06  -7.0222526e-06  3.8864275e-06  1.0001941   5.9991444e-05  1.5714973e-05  -3.3832126e-05  
-5.5486726e-05  1.0688024e-05  -2.2977355e-05  -1.6190410e-05  -4.4627124e-05  -4.6489760e-05  5.9991444e-05  1.0000844   1.6116739e-05  2.2755677e-05  
9.7811784e-06  -3.3868462e-06  -2.6333733e-05  5.9346000e-05  -5.4824378e-05  -5.4350165e-05  1.5714973e-05  1.6116739e-05  1.0002407   -7.3545428e-05  
-2.0797852e-05  -8.1714419e-06  -2.1808655e-05  7.3697672e-07  -1.2320553e-05  6.3845908e-05  -3.3832126e-05  2.2755677e-05  -7.3545428e-05  1.0003244   
