1.0000000   3.1724837e-16  -1.9242592e-16  1.6547569e-16  -6.8621751e-18  2.7155497e-16  4.3246042e-16  9.0783692e-16  1.5669695e-16  -2.8190275e-16  
3.1726350e-16  0.99999987  -5.2441752e-08  -4.7300294e-08  -3.2048157e-08  4.1240465e-07  1.1407807e-07  -2.7226846e-08  6.7932206e-08  -1.2658964e-07  
-1.9242823e-16  -5.2441752e-08  0.99999992  -6.6252144e-07  5.6044160e-07  2.4205034e-08  1.8486346e-08  6.8155741e-07  -9.9574786e-09  -3.0950382e-08  
1.6547071e-16  -4.7300294e-08  -6.6252144e-07  1.0000008   1.4610247e-07  -2.2862332e-08  2.6697968e-08  -6.8513943e-08  6.0342900e-08  -1.7954436e-08  
-6.8551435e-18  -3.2048157e-08  5.6044160e-07  1.4610247e-07  0.99999971  -3.9186776e-08  -8.9102065e-09  2.9975187e-07  1.9803042e-08  -6.4372353e-10  
2.7155217e-16  4.1240465e-07  2.4205034e-08  -2.2862332e-08  -3.9186776e-08  0.99999885  -1.4917726e-07  -1.9210288e-09  -8.0339766e-08  -5.6113203e-07  
4.3246588e-16  1.1407807e-07  1.8486346e-08  2.6697968e-08  -8.9102065e-09  -1.4917726e-07  1.0000006   1.3762098e-08  8.8184778e-08  -5.1048268e-07  
9.0782807e-16  -2.7226846e-08  6.8155741e-07  -6.8513943e-08  2.9975187e-07  -1.9210288e-09  1.3762098e-08  1.0000014   3.3700050e-08  -4.4838743e-11  
1.5667694e-16  6.7932206e-08  -9.9574786e-09  6.0342900e-08  1.9803042e-08  -8.0339766e-08  8.8184778e-08  3.3700050e-08  1.0000001   1.8805046e-08  
-2.8190608e-16  -1.2658964e-07  -3.0950382e-08  -1.7954436e-08  -6.4372353e-10  -5.6113203e-07  -5.1048268e-07  -4.4838744e-11  1.8805046e-08  1.0000005   
