1.0000000   5.9176951e-17  5.8133025e-16  -1.2049315e-16  -3.6529745e-16  2.1078584e-16  -1.0587981e-16  2.7768777e-16  5.2050699e-16  -6.8047239e-17  
5.9192634e-17  1.0000000   4.9599624e-16  4.5377248e-16  -4.6763117e-16  -6.2612675e-18  -8.1845363e-16  1.8838129e-16  1.4284491e-16  -1.0625181e-16  
5.8130923e-16  5.3519861e-16  1.0000000   -5.7867050e-16  -4.2675348e-15  1.4022393e-15  -1.2159276e-14  -1.2149760e-15  1.1554124e-14  2.6243656e-15  
-1.2049092e-16  4.5194952e-16  -4.1633764e-16  1.0000000   -1.3951896e-15  -2.7273106e-16  1.2688450e-16  7.5666006e-17  1.8591580e-16  -4.0562036e-16  
-3.6527545e-16  -5.2021206e-16  -2.6523689e-15  -1.3406167e-15  1.0000000   -7.7391029e-16  1.5818691e-14  4.6955720e-16  -1.4150436e-14  -3.6871005e-15  
2.1079431e-16  -1.0842022e-18  1.4023477e-15  -2.7279670e-16  -7.7437107e-16  1.0000000   2.3489240e-16  5.1831640e-17  -7.3747432e-16  -3.8857806e-16  
-1.0585651e-16  -8.1884030e-16  -1.2153143e-14  1.2622601e-16  1.5808251e-14  2.3792817e-16  1.0000000   -2.5111609e-15  -3.6714948e-15  -3.4347525e-16  
2.7768796e-16  1.9751855e-16  -2.2151538e-15  -2.6225911e-17  7.3857340e-16  5.1370854e-17  -2.5130100e-15  1.0000000   2.6698616e-15  1.1278955e-15  
5.2047599e-16  1.4306048e-16  1.1546234e-14  1.8610916e-16  -1.4141416e-14  -7.4143166e-16  -3.3384093e-15  2.6684187e-15  1.0000000   -8.5435131e-17  
-6.8081120e-17  -1.0495077e-16  2.6260461e-15  -4.0560342e-16  -3.6896484e-15  -4.1633363e-16  -3.4347525e-16  1.1276787e-15  -8.6302493e-17  1.0000000   
