0.99984799  -7.7284934e-05  -1.9725977e-07  5.4881592e-05  8.8146023e-06  3.0738281e-06  9.0706795e-05  2.2000554e-05  4.0276749e-05  -8.2608451e-06  
-7.7284934e-05  0.99988603  -1.0258615e-06  -2.5293952e-05  6.0610138e-05  4.9193355e-06  1.0472386e-05  1.6271114e-05  -4.0129134e-06  6.3594643e-06  
-1.9725977e-07  -1.0258615e-06  0.99989022  -9.9554608e-07  -4.2052136e-06  4.5919362e-05  2.6225719e-05  -2.3454739e-05  -5.5353007e-06  -1.6543897e-05  
5.4881592e-05  -2.5293952e-05  -9.9554608e-07  0.99993050  1.0567463e-05  2.1227262e-05  3.0697802e-05  1.8973093e-05  5.8215261e-05  -4.8039967e-06  
8.8146023e-06  6.0610138e-05  -4.2052136e-06  1.0567463e-05  0.99995808  -6.4272199e-05  -2.6087813e-05  -7.1332553e-05  1.1390886e-05  2.0066168e-05  
3.0738281e-06  4.9193355e-06  4.5919362e-05  2.1227262e-05  -6.4272199e-05  0.99992305  4.7548322e-05  -3.1400474e-05  -1.4549312e-05  3.0690721e-05  
9.0706795e-05  1.0472386e-05  2.6225719e-05  3.0697802e-05  -2.6087813e-05  4.7548322e-05  0.99993455  6.5505146e-05  8.0753509e-06  5.2593507e-05  
2.2000554e-05  1.6271114e-05  -2.3454739e-05  1.8973093e-05  -7.1332553e-05  -3.1400474e-05  6.5505146e-05  0.99989169  -2.9093667e-05  9.1546540e-06  
4.0276749e-05  -4.0129134e-06  -5.5353007e-06  5.8215261e-05  1.1390886e-05  -1.4549312e-05  8.0753509e-06  -2.9093667e-05  0.99993972  4.4363215e-05  
-8.2608451e-06  6.3594643e-06  -1.6543897e-05  -4.8039967e-06  2.0066168e-05  3.0690721e-05  5.2593507e-05  9.1546540e-06  4.4363215e-05  0.99992580  
