1.0000000   -1.0821905e-17  -4.2315698e-17  -2.4736300e-17  9.0667135e-18  5.9265201e-17  1.3097501e-16  2.1408467e-17  9.0205621e-17  8.7346038e-17  
-1.0812376e-17  1.0000000   -2.1306606e-16  -6.3935402e-16  -4.3865465e-16  -3.0878078e-16  -4.3021142e-16  -3.9017726e-16  -1.0061396e-16  9.2981178e-16  
-4.2313285e-17  -2.1306775e-16  1.0000000   4.5406183e-16  -2.3450172e-16  4.6674713e-16  -9.1085603e-16  -1.9817579e-16  1.1793257e-15  -1.0203444e-15  
-2.4731744e-17  -6.3889713e-16  4.6009883e-16  1.0000000   1.3015364e-15  -1.3480360e-15  -1.1121712e-15  1.8512562e-16  -6.0694485e-16  8.0008699e-16  
9.0810320e-18  -4.3855808e-16  -2.4492696e-16  1.3116373e-15  1.0000000   1.6805134e-16  -1.4098965e-15  -5.5369019e-16  8.1111875e-16  3.4266210e-16  
5.9275366e-17  -3.1918912e-16  4.6566483e-16  -1.3513496e-15  1.6783450e-16  1.0000000   1.7763568e-15  2.3392746e-15  -1.6653345e-15  -1.5543122e-15  
1.3094621e-16  -4.7965104e-16  -9.0942878e-16  -1.1191135e-15  -1.4036081e-15  -3.3306691e-16  1.0000000   1.4077281e-15  1.9095836e-14  -2.2204460e-16  
2.1365488e-17  -3.9092095e-16  -2.0409566e-16  2.3580762e-16  -5.3392447e-16  2.3388951e-15  1.4773339e-15  1.0000000   -5.7137454e-16  -2.7238411e-15  
9.0209856e-17  -7.7195195e-17  1.1719683e-15  -6.1062266e-16  8.1857264e-16  9.1593400e-16  2.5590641e-14  -4.9396251e-16  1.0000000   2.1094237e-15  
8.7322321e-17  9.3328123e-16  -1.0184995e-15  8.1054954e-16  3.4434261e-16  -1.5543122e-15  -3.7747583e-15  -2.7261179e-15  5.1070259e-15  1.0000000   
