1.0000000   -4.7092398e-17  -5.0652666e-16  3.7426973e-17  3.8510947e-16  2.5836750e-16  3.6431999e-16  1.1750708e-19  -2.4526739e-16  -3.0025455e-16  
-4.7096891e-17  1.0000000   5.1431102e-16  1.8386968e-18  -6.1067746e-16  2.6351534e-16  1.1084612e-16  3.0475332e-17  2.6653755e-16  5.2648857e-16  
-5.0652306e-16  5.1406991e-16  1.0000000   8.1430042e-18  3.2085590e-15  -2.8814706e-16  3.3784028e-15  6.0622289e-16  -3.9540709e-15  5.1420999e-16  
3.7425512e-17  1.9651164e-18  -1.6348265e-18  1.0000000   6.3738312e-16  -3.5786803e-16  3.4970602e-16  -1.3104756e-16  2.2385387e-17  -1.1503385e-16  
3.8510010e-16  -6.1011675e-16  3.5351812e-15  5.7506848e-16  1.0000000   -2.0926796e-17  -4.6107952e-15  2.6771290e-16  4.7579501e-15  -2.5766403e-16  
2.5836792e-16  2.2833298e-16  -2.8791666e-16  -3.5805777e-16  -2.1361006e-17  1.0000000   -3.8163916e-17  -2.0539151e-16  6.8521577e-16  8.0491169e-16  
3.6433973e-16  1.1969592e-16  3.3804813e-15  3.4894878e-16  -4.6117496e-15  -3.0184188e-16  1.0000000   -3.1857944e-16  -1.7988540e-15  4.0939474e-16  
1.0104507e-19  3.0368302e-17  6.1581359e-16  -9.7867735e-17  2.7393860e-16  -2.0541396e-16  -3.1639878e-16  1.0000000   -3.5484751e-17  -1.1258084e-16  
-2.4527619e-16  2.5440804e-16  -3.9531467e-15  2.3193456e-17  4.7557815e-15  8.2789678e-16  2.3001349e-16  -3.4315025e-17  1.0000000   -5.2041704e-17  
-3.0025624e-16  5.3082538e-16  5.1384407e-16  -1.1405807e-16  -2.5753994e-16  7.2164497e-16  3.7470027e-16  -1.1261811e-16  -3.8163916e-17  1.0000000   
