1.0000000   1.9727798e-17  -4.9800950e-16  1.7933146e-16  3.1983763e-17  -4.4264092e-16  -6.4990374e-16  6.2771494e-16  4.0035454e-16  3.8213553e-16  
1.9720495e-17  1.0000000   -1.9104405e-16  1.7313064e-16  5.3730225e-17  3.7375839e-16  -1.1750612e-16  -1.6150559e-16  -5.0171887e-17  -1.9938499e-16  
-4.9801017e-16  -1.8273691e-16  1.0000000   1.7759369e-16  -7.9155797e-17  6.7870519e-16  -2.9759107e-17  -7.0749131e-16  5.4234292e-17  -4.1642310e-16  
1.7932760e-16  1.7157224e-16  1.2465330e-16  1.0000000   -2.0096990e-16  9.8663475e-16  8.8066885e-16  9.2664840e-17  3.6868746e-16  -3.5131496e-16  
3.1993490e-17  5.6538766e-17  -1.0467482e-17  -2.2690933e-16  1.0000000   -3.6690264e-16  -3.0641595e-16  -3.4038894e-17  -4.0529916e-16  -6.5769144e-17  
-4.4266254e-16  3.5642275e-16  6.7956942e-16  9.8685270e-16  -3.6169898e-16  1.0000000   3.8440554e-16  -4.8917541e-16  -7.2860049e-16  -1.8121423e-16  
-6.4990425e-16  -1.3311624e-16  -3.5820128e-17  8.8196822e-16  -3.1118439e-16  3.8440954e-16  1.0000000   -5.3283915e-16  1.3984412e-16  5.1786917e-16  
6.2771291e-16  -1.6085574e-16  -6.1452793e-16  1.2257307e-16  1.6984850e-17  -4.9177572e-16  -5.2460145e-16  1.0000000   -1.2827371e-16  1.9716005e-16  
4.0035594e-16  -5.3641126e-17  4.9464988e-17  3.6760091e-16  -4.0789864e-16  -7.8409443e-16  8.4345047e-17  -1.4041198e-16  1.0000000   -9.9031365e-16  
3.8213383e-16  -1.9244800e-16  -4.1512259e-16  -3.5348315e-16  -6.4035691e-17  -1.8121084e-16  5.1786239e-16  1.9542617e-16  -9.9031365e-16  1.0000000   
