1.0000000   -4.5517277e-16  -6.1515406e-16  -1.8726508e-16  -2.7684718e-16  8.5477406e-17  6.4287674e-17  -1.3862628e-16  -6.7673289e-16  -2.8610486e-16  
-4.5517329e-16  1.0000000   -7.4677838e-17  -3.9202148e-16  -1.2826767e-17  -7.0264631e-17  -5.7461085e-16  -3.2052612e-16  -1.8865144e-16  -1.3220914e-16  
-6.1515305e-16  -6.7847361e-17  1.0000000   9.2178210e-16  7.2404113e-16  -7.7657445e-16  6.6947274e-16  1.7137515e-16  4.6222780e-16  4.6490017e-16  
-1.8726258e-16  -3.8638111e-16  9.0277370e-16  1.0000000   9.6583468e-17  -3.4318286e-16  -1.2944814e-16  -6.5366087e-16  -1.2814839e-16  5.3463110e-16  
-2.7686502e-16  -7.7311875e-18  7.6504173e-16  9.4408902e-17  1.0000000   2.2016903e-16  -1.6119229e-16  5.1048952e-16  -3.3473904e-16  1.7491252e-16  
8.5479296e-17  -5.6387469e-17  -7.7830966e-16  -3.5012245e-16  2.1669966e-16  1.0000000   2.5318071e-16  -8.4694225e-16  8.6623894e-17  -4.9737775e-16  
6.4292080e-17  -5.7634632e-16  6.6687615e-16  -1.2467745e-16  -1.6162832e-16  2.5317650e-16  1.0000000   8.0108649e-17  5.1848112e-16  2.8048225e-16  
-1.3862914e-16  -3.2074223e-16  1.8237547e-16  -5.7831329e-16  4.9835187e-16  -8.4694219e-16  9.2248712e-17  1.0000000   -3.0286500e-17  8.7636146e-17  
-6.7673047e-16  -1.9038676e-16  4.6655971e-16  -1.3421808e-16  -3.3517085e-16  7.2744495e-17  4.1444523e-16  -1.6412324e-17  1.0000000   1.5332313e-16  
-2.8610994e-16  -1.3914697e-16  4.6836899e-16  5.3810309e-16  1.6971110e-16  -5.5289567e-16  3.3598494e-16  9.1105805e-17  1.5332821e-16  1.0000000   
