1.0000000   1.2703125e-17  1.2732869e-16  1.7836468e-16  2.0754478e-17  -5.9355056e-16  5.5055316e-16  1.6174247e-16  -1.7186609e-16  -4.0300171e-16  
1.2700378e-17  0.99999996  -1.2551172e-09  -1.9272488e-08  4.5492082e-09  1.4265489e-07  -8.1209758e-08  -1.1386349e-08  4.9061477e-08  -2.8147700e-08  
1.2732496e-16  -1.2551172e-09  1.0000001   4.0837947e-07  -3.4579733e-07  3.4319211e-08  9.8127867e-09  1.0522799e-07  -4.3688828e-09  -6.0866842e-08  
1.7838162e-16  -1.9272488e-08  4.0837947e-07  0.99999985  -2.7532527e-07  -3.0887713e-09  1.0905990e-08  -2.4858892e-07  -1.6082526e-08  -1.0226523e-07  
2.0747633e-17  4.5492082e-09  -3.4579733e-07  -2.7532527e-07  0.99999949  2.7136463e-08  1.9987572e-08  1.4634019e-07  4.6083769e-08  -3.3825109e-08  
-5.9355127e-16  1.4265489e-07  3.4319211e-08  -3.0887713e-09  2.7136463e-08  1.0000005   2.6891186e-07  2.2932208e-08  1.6837991e-08  8.0286886e-07  
5.5055179e-16  -8.1209758e-08  9.8127866e-09  1.0905990e-08  1.9987572e-08  2.6891186e-07  0.99999949  -3.1024976e-09  2.6667535e-07  -4.8268961e-07  
1.6173964e-16  -1.1386349e-08  1.0522799e-07  -2.4858892e-07  1.4634019e-07  2.2932208e-08  -3.1024976e-09  0.99999903  -1.4476524e-08  2.7571010e-08  
-1.7187019e-16  4.9061477e-08  -4.3688828e-09  -1.6082526e-08  4.6083769e-08  1.6837991e-08  2.6667535e-07  -1.4476524e-08  1.0000010   -3.0932269e-08  
-4.0296108e-16  -2.8147700e-08  -6.0866842e-08  -1.0226523e-07  -3.3825109e-08  8.0286886e-07  -4.8268961e-07  2.7571010e-08  -3.0932269e-08  1.0000003   
