1.0000000   6.9504334e-17  -5.5137327e-16  -1.7419656e-18  -4.0712335e-16  -1.4785700e-16  -2.1040947e-16  3.2026798e-16  -2.7907207e-16  -7.7573818e-16  
6.9498665e-17  1.0000000   5.5955797e-16  8.8020803e-16  4.7336728e-16  -2.9380188e-16  -2.1718565e-16  1.1791362e-15  3.3143227e-16  1.9416028e-16  
-5.5140228e-16  5.6384801e-16  1.0000000   -3.2289909e-16  -1.0758443e-16  2.6600273e-17  -5.8008512e-17  -2.2471549e-16  -2.5580813e-16  6.4977761e-16  
-1.7480875e-18  8.7811109e-16  -2.2599916e-16  1.0000000   -3.5658102e-16  6.8414627e-17  2.0229958e-16  -2.7854471e-16  9.3272063e-17  1.2677373e-16  
-4.0710131e-16  4.7275377e-16  -3.2653031e-16  -2.9417433e-16  1.0000000   -1.8594401e-16  8.7467481e-17  -3.7546906e-16  -2.4776854e-16  8.2911397e-17  
-1.4786396e-16  -2.2959402e-16  3.1373388e-17  5.6704885e-17  -1.8897707e-16  1.0000000   5.7474514e-16  6.6431411e-17  -1.6930929e-16  2.0671670e-16  
-2.1040812e-16  -2.0720439e-16  -5.7471550e-17  2.0139112e-16  8.2580810e-17  5.0880903e-16  1.0000000   -2.5400968e-16  8.9524103e-17  5.1769976e-16  
3.2026117e-16  1.1729659e-15  -1.5824371e-16  -2.8148423e-16  -4.2305649e-16  7.4213780e-17  -2.7013570e-16  1.0000000   -7.7291318e-17  -4.6874295e-16  
-2.7907064e-16  3.3490446e-16  -2.6394582e-16  8.9372233e-17  -2.4234344e-16  -1.9707270e-16  9.3428906e-17  -6.8658179e-17  1.0000000   -5.2645808e-16  
-7.7573310e-16  2.2887508e-16  6.5497500e-16  1.2677373e-16  8.1176250e-17  2.0670992e-16  5.8016336e-16  -4.7724208e-16  -5.4033587e-16  1.0000000   
