1.0000000   5.7597760e-17  -6.4126470e-16  -1.2356403e-16  -2.9864905e-18  2.4076318e-16  -4.0255460e-17  -2.5039984e-16  -2.4561705e-16  5.4122017e-17  
5.7598273e-17  1.0000000   -1.7848340e-17  5.4533980e-17  3.7161570e-16  4.7289822e-16  -2.6622929e-16  -3.9089125e-16  -6.5179831e-16  1.9307777e-16  
-6.4126159e-16  -1.8249338e-17  1.0000000   2.6415123e-16  -5.9366594e-16  2.0884700e-16  -1.8533420e-16  -1.0788361e-16  1.6782903e-16  4.0518414e-16  
-1.2355849e-16  5.4778741e-17  2.9437133e-16  1.0000000   4.6447660e-16  -4.2324888e-16  2.7379326e-16  3.4440671e-16  -1.4385690e-16  -3.2369195e-16  
-2.9818511e-18  3.7090964e-16  -6.5709318e-16  4.7808247e-16  1.0000000   2.7376849e-16  7.5798403e-16  2.4424084e-16  8.3517487e-16  -4.0733814e-16  
2.4076100e-16  4.7289653e-16  2.0277582e-16  -4.2281424e-16  2.7290473e-16  1.0000000   1.0420222e-16  4.3370928e-17  3.9542314e-16  -7.7137596e-17  
-4.0282992e-17  -2.6796319e-16  -1.8967279e-16  2.7552221e-16  7.5625652e-16  1.0420265e-16  1.0000000   5.9863700e-17  4.6721801e-16  -4.4179883e-16  
-2.5037788e-16  -3.9282767e-16  -3.0764841e-17  3.5439938e-16  1.0837530e-16  4.9228984e-17  5.8995646e-17  1.0000000   4.2099041e-16  -2.4815360e-16  
-2.4559659e-16  -6.4832670e-16  1.6392720e-16  -1.4819176e-16  8.2909477e-16  4.0930042e-16  5.2273041e-16  4.2315431e-16  1.0000000   -2.0893423e-16  
5.4108465e-17  2.1735712e-16  4.0518668e-16  -3.2280764e-16  -4.0560681e-16  -1.3264536e-16  -4.1403648e-16  -2.4902350e-16  -2.6445046e-16  1.0000000   
