1.0000000   1.8938126e-17  1.1541660e-16  -5.0865537e-18  1.1717006e-16  -3.3605503e-16  -7.4216471e-16  -2.9091360e-16  1.2560957e-16  1.7722729e-16  
1.8936660e-17  0.99999991  -2.6376355e-08  2.8408177e-08  8.8039961e-10  -3.4305359e-07  -8.7443267e-09  -3.6101290e-09  1.2509802e-09  4.9674116e-08  
1.1541906e-16  -2.6376355e-08  0.99999899  -3.4262656e-07  4.4875530e-07  4.7888165e-08  1.1263653e-08  1.1489432e-07  5.7153185e-08  9.0791888e-09  
-5.0877981e-18  2.8408177e-08  -3.4262656e-07  1.0000007   2.3283620e-07  4.0411722e-08  -4.4090531e-09  1.5128285e-07  -6.5630294e-08  2.1469409e-08  
1.1717198e-16  8.8039961e-10  4.4875530e-07  2.3283620e-07  1.0000007   -2.2802558e-08  6.2300581e-08  -5.6723162e-10  -1.6512124e-08  -4.5585812e-08  
-3.3605806e-16  -3.4305359e-07  4.7888165e-08  4.0411722e-08  -2.2802558e-08  0.99999929  2.5485576e-07  -3.4935569e-09  -3.7337676e-08  -3.4938367e-08  
-7.4217169e-16  -8.7443267e-09  1.1263653e-08  -4.4090531e-09  6.2300581e-08  2.5485576e-07  1.0000010   -6.4924636e-08  7.4508786e-07  -6.1508173e-08  
-2.9091496e-16  -3.6101290e-09  1.1489432e-07  1.5128285e-07  -5.6723157e-10  -3.4935569e-09  -6.4924636e-08  0.99999974  4.5380481e-09  -2.1130716e-08  
1.2560911e-16  1.2509802e-09  5.7153185e-08  -6.5630294e-08  -1.6512124e-08  -3.7337676e-08  7.4508786e-07  4.5380481e-09  0.99999865  4.5767694e-07  
1.7722374e-16  4.9674116e-08  9.0791888e-09  2.1469409e-08  -4.5585812e-08  -3.4938367e-08  -6.1508173e-08  -2.1130716e-08  4.5767694e-07  1.0000003   
