1.0000000   -1.1151938e-16  -4.5138185e-16  2.4401649e-16  1.1077520e-17  -5.5837250e-17  5.6207997e-16  4.8989318e-16  8.9148759e-17  -3.6280115e-17  
-1.1152153e-16  1.0000000   -2.8371343e-16  1.9754839e-16  7.1894766e-16  3.2457737e-18  1.7754819e-16  4.3258310e-16  -1.1758636e-16  4.2216080e-16  
-4.5139992e-16  -2.9624045e-16  1.0000000   -2.1509480e-16  4.8409512e-17  -3.4625906e-17  1.0035724e-15  -1.7471452e-16  -1.9349527e-16  1.1986363e-16  
2.4402446e-16  1.9784365e-16  -1.2935791e-16  1.0000000   7.6418279e-16  4.5584217e-17  -1.5726196e-16  3.5361810e-16  7.2576616e-16  2.0833622e-16  
1.1067709e-17  7.1364464e-16  5.0127029e-17  9.1376656e-16  1.0000000   3.8192405e-17  -1.6958948e-16  -9.6970669e-17  9.1812625e-16  1.5338411e-16  
-5.5832764e-17  -1.1719183e-17  -1.5539061e-17  4.9923076e-17  3.9491867e-17  1.0000000   3.3123802e-16  -1.1702410e-17  1.4661871e-16  -5.7837443e-16  
5.6206933e-16  2.1582887e-16  9.7017504e-16  -1.5183807e-16  -1.5732787e-16  2.8959333e-16  1.0000000   -3.9048948e-16  2.0682778e-16  8.6597260e-16  
4.8987564e-16  4.2985375e-16  -2.3957885e-16  4.2884947e-16  -5.6606156e-17  -1.1267040e-17  -3.7898924e-16  1.0000000   9.7364859e-17  -5.8888780e-16  
8.9147031e-17  -1.2105183e-16  -2.0606937e-16  7.0538025e-16  9.0620128e-16  1.7437213e-16  2.1376827e-16  9.8231533e-17  1.0000000   2.8795732e-17  
-3.6286891e-17  4.0741057e-16  1.0945233e-16  2.0659981e-16  1.4644014e-16  -6.3390591e-16  8.6598616e-16  -5.8715223e-16  2.8794038e-17  1.0000000   
