1.0000000   4.3906415e-16  2.8160766e-17  2.7460418e-16  2.5840849e-16  -4.1799318e-16  4.4669490e-16  -2.2032927e-16  6.4566338e-16  4.5236168e-16  
4.3906333e-16  1.0000004   2.3973034e-08  -2.3427757e-08  -3.8777173e-08  3.8028075e-08  5.9889237e-08  -7.0361124e-07  1.4287941e-07  -5.8668364e-08  
2.8166835e-17  2.3973034e-08  1.0000002   1.1100487e-07  -1.5772909e-07  -6.9636799e-08  -7.5789662e-09  1.3816497e-08  4.6728108e-08  3.8656537e-08  
2.7460581e-16  -2.3427757e-08  1.1100487e-07  0.99999927  7.0061622e-07  -2.2282225e-07  -1.7213206e-09  -4.3339053e-08  2.3507359e-08  1.9253927e-08  
2.5840954e-16  -3.8777173e-08  -1.5772909e-07  7.0061622e-07  1.0000006   -4.6145469e-07  2.4062090e-09  -5.3212897e-08  -3.3952209e-09  4.8300772e-08  
-4.1799350e-16  3.8028075e-08  -6.9636799e-08  -2.2282225e-07  -4.6145469e-07  1.0000011   -6.5624576e-08  3.6206145e-08  -2.5666982e-08  -1.5242762e-08  
4.4670025e-16  5.9889237e-08  -7.5789662e-09  -1.7213206e-09  2.4062090e-09  -6.5624576e-08  1.0000014   -3.4348706e-07  -8.8272555e-07  -8.7876605e-07  
-2.2032739e-16  -7.0361124e-07  1.3816497e-08  -4.3339053e-08  -5.3212897e-08  3.6206145e-08  -3.4348706e-07  0.99999833  -5.9046066e-07  -8.8488224e-07  
6.4565645e-16  1.4287941e-07  4.6728108e-08  2.3507359e-08  -3.3952209e-09  -2.5666982e-08  -8.8272555e-07  -5.9046066e-07  0.99999846  -5.0841688e-07  
4.5235792e-16  -5.8668364e-08  3.8656537e-08  1.9253927e-08  4.8300772e-08  -1.5242762e-08  -8.7876605e-07  -8.8488224e-07  -5.0841688e-07  0.99999993  
