0.99983601  2.6140049e-05  2.5210828e-05  8.7903862e-05  -5.4736353e-05  -2.8382284e-05  4.4171534e-05  -0.00010262778  6.6982081e-05  -4.6794585e-05  
2.6140049e-05  0.99991678  1.2555582e-05  2.0674419e-05  1.6176003e-07  -2.2655687e-05  4.7742760e-06  -2.3072489e-06  4.7330101e-06  8.9176562e-06  
2.5210828e-05  1.2555582e-05  0.99982694  2.0387028e-05  -2.0230494e-06  -7.4701451e-06  -3.3255417e-06  1.8171239e-06  1.1151477e-05  -5.5980368e-06  
8.7903862e-05  2.0674419e-05  2.0387028e-05  0.99985307  -9.1016398e-07  -1.3930146e-05  8.2482635e-06  1.7250061e-05  3.2856202e-06  -8.0441216e-06  
-5.4736353e-05  1.6176003e-07  -2.0230494e-06  -9.1016398e-07  0.99982875  8.3237423e-06  -3.1671393e-05  -3.1454796e-05  2.1409421e-05  2.3534819e-07  
-2.8382284e-05  -2.2655687e-05  -7.4701451e-06  -1.3930146e-05  8.3237423e-06  0.99994702  -3.1005204e-05  -2.0419342e-05  -2.9262567e-05  -7.7235168e-06  
4.4171534e-05  4.7742760e-06  -3.3255417e-06  8.2482635e-06  -3.1671393e-05  -3.1005204e-05  0.99985655  1.3739498e-05  -7.4665862e-06  -8.8540546e-06  
-0.00010262778  -2.3072489e-06  1.8171239e-06  1.7250061e-05  -3.1454796e-05  -2.0419342e-05  1.3739498e-05  0.99988099  2.9162391e-05  2.0201899e-05  
6.6982081e-05  4.7330101e-06  1.1151477e-05  3.2856202e-06  2.1409421e-05  -2.9262567e-05  -7.4665862e-06  2.9162391e-05  0.99987056  -2.1733430e-05  
-4.6794585e-05  8.9176562e-06  -5.5980368e-06  -8.0441216e-06  2.3534819e-07  -7.7235168e-06  -8.8540546e-06  2.0201899e-05  -2.1733430e-05  0.99990608  
