1.0000000   -1.6328745e-16  3.1882317e-17  6.1310919e-18  -8.4964585e-18  1.2967227e-16  -2.8892633e-16  -8.4278065e-17  6.6331150e-16  -3.6964518e-17  
-1.6328736e-16  1.0000000   3.4185911e-16  -3.1914084e-17  4.1170206e-16  -1.2097528e-15  6.3178629e-15  8.3648463e-16  -8.6580049e-15  1.4580351e-15  
3.1938771e-17  3.4201809e-16  1.0000000   1.7416279e-17  6.6103525e-15  -1.0735075e-15  -3.4262822e-16  -1.4810548e-15  -3.7678736e-16  1.6999612e-15  
6.1041396e-18  -3.1903708e-17  -6.4506323e-18  1.0000000   1.7267884e-16  -4.8388621e-16  4.3147994e-15  -1.0354564e-15  -4.8756572e-15  1.2942392e-15  
-8.5439444e-18  4.1164107e-16  6.7842966e-15  1.5694000e-16  1.0000000   1.2682997e-15  3.5045751e-15  1.4915341e-15  -3.2433908e-15  -1.2146317e-15  
1.2966126e-16  -1.2004286e-15  -1.0707581e-15  -4.8391331e-16  1.2669987e-15  1.0000000   1.1102230e-15  -5.7248585e-16  6.6613381e-16  0.0000000   
-2.8875904e-16  6.2870716e-15  -3.9356539e-16  4.3155854e-15  3.5311381e-15  2.3869795e-15  1.0000000   2.3648482e-15  3.3306691e-16  -3.3861802e-15  
-8.4261011e-17  8.3659496e-16  -1.4265648e-15  -1.0928115e-15  1.4656700e-15  -5.7281111e-16  2.3735354e-15  1.0000000   -3.5614415e-15  7.9537071e-16  
6.6305400e-16  -8.6571375e-15  -3.3978896e-16  -4.8735565e-15  -3.2556423e-15  3.1918912e-16  -1.7652546e-14  -3.5546381e-15  1.0000000   -1.1102230e-15  
-3.6922166e-17  1.4536983e-15  1.6930901e-15  1.2940766e-15  -1.2112707e-15  -2.2204460e-16  1.9984014e-15  7.9417809e-16  -3.9968029e-15  1.0000000   
