1.0000000   -3.7632221e-16  4.0025589e-17  5.6901317e-17  7.7849660e-17  6.7879315e-17  1.4181751e-16  5.6084831e-17  1.8450248e-16  2.1688279e-16  
-3.7630631e-16  1.0000000   4.1897257e-16  -3.3759557e-16  -1.3883548e-16  5.2589226e-16  -2.8762528e-16  -1.7094311e-16  1.2862365e-16  3.5084782e-16  
4.0048088e-17  4.0399189e-16  1.0000000   4.9329387e-15  4.5817495e-14  -6.0651371e-16  8.3812483e-15  -1.8468948e-14  -7.8793925e-15  2.3401216e-15  
5.6899008e-17  -3.3610987e-16  3.8621165e-15  1.0000000   -7.4435655e-15  8.2232669e-16  -7.5030517e-16  2.9105965e-15  8.9388340e-16  -1.4261324e-15  
7.7836022e-17  -1.3034058e-16  3.9740158e-14  -8.0883846e-15  1.0000000   4.6870060e-16  -1.0639057e-14  2.3682352e-14  1.0928966e-14  -2.2892116e-15  
6.7862692e-17  5.4340213e-16  -6.1008056e-16  8.2207597e-16  4.6810429e-16  1.0000000   -1.7260499e-16  -4.4571551e-16  1.8518173e-16  -3.8857806e-16  
1.4181937e-16  -2.8530780e-16  8.4326806e-15  -7.6119971e-16  -1.0697457e-14  -1.7173762e-16  1.0000000   3.2148492e-15  3.7957918e-15  -1.2490009e-16  
5.6078517e-17  -1.6880985e-16  -1.1618865e-14  2.4947071e-15  1.6055666e-14  -4.4762981e-16  3.1785335e-15  1.0000000   -3.5648415e-15  1.0505919e-16  
1.8450375e-16  1.2511693e-16  -7.9183757e-15  9.0057051e-16  1.0962165e-14  1.6479873e-16  4.9797406e-15  -3.5851212e-15  1.0000000   8.6736174e-16  
2.1687728e-16  3.5128150e-16  2.3444788e-15  -1.4262680e-15  -2.2924371e-15  -4.1633363e-16  -1.6653345e-16  1.0495077e-16  8.5695340e-16  1.0000000   
