1.0000000   5.2468814e-16  2.5269593e-16  5.9134024e-16  1.2821037e-16  -2.6686682e-16  -7.6651744e-17  2.2452223e-16  -5.1913207e-17  -4.9556848e-16  
5.2468911e-16  1.0000000   -3.6123379e-16  3.4999803e-16  -8.9354810e-17  1.0942576e-16  -1.0595764e-16  2.9059772e-16  3.3436432e-16  1.7645772e-16  
2.5270134e-16  -3.6002298e-16  1.0000000   6.4088212e-17  -5.2073790e-16  2.5479479e-16  1.8927167e-16  -2.3740570e-16  5.5343135e-16  -8.1538780e-17  
5.9132917e-16  3.4676553e-16  -3.2926911e-17  1.0000000   -2.8855980e-16  -1.3994873e-16  -2.7223419e-16  1.8142779e-16  1.1755182e-16  4.6643563e-17  
1.2821132e-16  -9.0990543e-17  -6.8141528e-16  -2.7610558e-16  1.0000000   8.7519149e-17  1.5716678e-16  3.3083036e-17  -6.5785879e-17  -6.5534177e-16  
-2.6686604e-16  9.3592245e-17  2.5566431e-16  -1.4146723e-16  8.9689648e-17  1.0000000   -2.6000386e-16  -1.5394953e-18  -5.0205180e-16  -5.6860305e-16  
-7.6648894e-17  -1.1029622e-16  1.8840674e-16  -2.7115365e-16  1.5673011e-16  -3.4327414e-16  1.0000000   3.0885228e-16  4.9613731e-16  1.6168165e-16  
2.2451726e-16  2.8971202e-16  -2.7233991e-16  9.8284274e-17  1.9712209e-17  2.5761279e-18  2.9930980e-16  1.0000000   2.1608706e-16  -4.1924573e-16  
-5.1917327e-17  3.2915967e-16  5.4995675e-16  1.1234943e-16  -6.6223535e-17  -5.0205188e-16  4.4061322e-16  2.1609624e-16  1.0000000   4.6511257e-16  
-4.9557526e-16  1.7602446e-16  -8.0681582e-17  4.4907993e-17  -6.5404411e-16  -5.9635524e-16  1.6168165e-16  -4.2054593e-16  3.5408349e-16  1.0000000   
