1.0000000   7.4504682e-16  2.9302137e-16  1.4285070e-16  -1.6732346e-16  -5.2588197e-16  -7.6123675e-17  -4.3386936e-16  -1.8018399e-16  -1.6092271e-16  
7.4504666e-16  1.0000000   -2.8590396e-16  -2.5633323e-16  4.4429017e-16  -7.2676800e-16  -1.5175676e-16  1.3095859e-16  6.7128044e-17  4.5760616e-16  
2.9301317e-16  -2.8186451e-16  1.0000000   8.1793016e-17  8.2122645e-16  7.3664046e-17  -3.0584890e-16  -1.0127211e-15  3.4516759e-16  -5.6883345e-17  
1.4285895e-16  -2.5835526e-16  1.1452514e-16  1.0000000   9.5663331e-17  -2.9337886e-17  -2.5172051e-16  5.6273849e-16  -3.4758906e-16  9.3615775e-17  
-1.6732992e-16  4.4573645e-16  6.2128586e-16  8.8775392e-17  1.0000000   4.0801518e-16  4.0788761e-16  -4.4935481e-18  -3.0131468e-16  -1.6508863e-16  
-5.2586864e-16  -6.3307898e-16  7.7135985e-17  -2.7172478e-17  4.0975540e-16  1.0000000   -9.9783712e-17  1.7057593e-16  -1.4210177e-16  2.6009332e-16  
-7.6119799e-17  -1.7084653e-16  -3.0498479e-16  -2.5042297e-16  4.1005834e-16  -1.5530713e-16  1.0000000   5.7732845e-16  -1.1444099e-16  7.1906999e-16  
-4.3388393e-16  1.3001318e-16  -1.0009853e-15  4.7421200e-16  8.1298682e-17  1.6927241e-16  5.7168700e-16  1.0000000   3.0535519e-16  5.3547390e-16  
-1.8018944e-16  7.5815563e-17  3.4148568e-16  -3.4477247e-16  -3.0196466e-16  -1.5596696e-16  -9.3612023e-17  3.1880296e-16  1.0000000   5.3920423e-17  
-1.6092271e-16  4.8189737e-16  -5.8624844e-17  9.9682225e-17  -1.6161855e-16  2.6011027e-16  6.6354189e-16  5.3200107e-16  8.1684469e-17  1.0000000   
