1.0000000   3.3657514e-16  -1.6016812e-16  -3.0426281e-16  5.0954817e-16  1.6413906e-16  3.1642407e-16  8.1857328e-16  -8.3472124e-17  -2.9492721e-16  
3.3657767e-16  1.0000002   -1.6228005e-08  -1.5689781e-09  1.9145637e-08  3.3259157e-07  -4.4991307e-08  -5.8599501e-09  -1.1090275e-08  -1.1674653e-07  
-1.6017274e-16  -1.6228005e-08  0.99999959  3.6869044e-07  -6.8098228e-08  -5.6650852e-08  -1.7417562e-08  3.3314801e-08  -1.4988287e-08  1.3849646e-08  
-3.0425738e-16  -1.5689781e-09  3.6869044e-07  0.99999952  -3.0185502e-07  -2.2225266e-08  1.2328013e-08  3.0424819e-07  2.2959005e-08  -1.2411479e-09  
5.0954809e-16  1.9145637e-08  -6.8098228e-08  -3.0185502e-07  1.0000014   4.7645555e-08  3.3337567e-08  3.5802348e-07  -1.5373042e-08  -1.3977639e-08  
1.6413372e-16  3.3259157e-07  -5.6650852e-08  -2.2225266e-08  4.7645555e-08  0.99999983  1.1346950e-09  -4.0303114e-08  2.3443323e-08  -1.9533137e-07  
3.1642834e-16  -4.4991307e-08  -1.7417562e-08  1.2328013e-08  3.3337567e-08  1.1346950e-09  0.99999982  1.4098317e-08  3.7534589e-08  2.2207982e-07  
8.1856699e-16  -5.8599501e-09  3.3314800e-08  3.0424819e-07  3.5802348e-07  -4.0303114e-08  1.4098317e-08  0.99999912  -5.1230486e-08  6.7778912e-09  
-8.3472250e-17  -1.1090275e-08  -1.4988287e-08  2.2959005e-08  -1.5373042e-08  2.3443323e-08  3.7534589e-08  -5.1230486e-08  1.0000006   -2.2955749e-07  
-2.9494018e-16  -1.1674653e-07  1.3849646e-08  -1.2411479e-09  -1.3977639e-08  -1.9533137e-07  2.2207982e-07  6.7778912e-09  -2.2955749e-07  1.0000001   
