1.0001560   5.0399047e-06  -3.3589953e-05  -1.9530707e-05  -6.7536443e-05  -1.6991398e-05  6.6059291e-05  7.3742546e-06  -1.1036147e-05  1.8382254e-06  
5.0399047e-06  1.0001906   1.2562712e-05  -1.4126931e-06  -1.1636487e-05  2.7496430e-05  -7.1083194e-06  3.3927737e-06  2.5877326e-06  -1.9084346e-07  
-3.3589953e-05  1.2562712e-05  1.0002400   -4.3186514e-05  1.2410534e-05  -1.0164550e-05  3.2628824e-05  3.9198002e-05  -1.9330642e-05  2.7492836e-07  
-1.9530707e-05  -1.4126931e-06  -4.3186514e-05  1.0001012   4.0573789e-06  2.1845858e-05  -1.5483820e-05  5.1127300e-05  -1.2783304e-05  -7.1588749e-06  
-6.7536443e-05  -1.1636487e-05  1.2410534e-05  4.0573789e-06  1.0002248   -2.5722244e-05  3.5548281e-05  7.9821949e-06  -2.2456300e-05  9.0161790e-06  
-1.6991398e-05  2.7496430e-05  -1.0164550e-05  2.1845858e-05  -2.5722244e-05  1.0000669   3.1967868e-05  5.3719177e-05  -3.6741012e-07  -4.4845114e-05  
6.6059291e-05  -7.1083194e-06  3.2628824e-05  -1.5483820e-05  3.5548281e-05  3.1967868e-05  1.0001132   2.7586611e-05  4.2931977e-06  4.4993172e-05  
7.3742546e-06  3.3927737e-06  3.9198002e-05  5.1127300e-05  7.9821949e-06  5.3719177e-05  2.7586611e-05  1.0002403   -1.5506417e-05  -2.3507860e-05  
-1.1036147e-05  2.5877326e-06  -1.9330642e-05  -1.2783304e-05  -2.2456300e-05  -3.6741012e-07  4.2931977e-06  -1.5506417e-05  1.0001079   3.4901461e-05  
1.8382254e-06  -1.9084346e-07  2.7492836e-07  -7.1588749e-06  9.0161790e-06  -4.4845114e-05  4.4993172e-05  -2.3507860e-05  3.4901461e-05  0.99996322  
