1.0000000   1.6376572e-16  6.9112690e-17  -1.1608294e-16  9.8454569e-17  2.9021545e-17  1.7050079e-16  -5.1054345e-16  3.2573735e-16  -2.2991185e-16  
1.6376649e-16  1.0000000   1.7023361e-16  -1.0107061e-15  -7.1859138e-17  4.3994217e-18  -1.1553511e-16  3.8014427e-16  -1.6708305e-16  -1.6257103e-16  
6.9128042e-17  1.7003428e-16  1.0000000   -5.8374275e-16  -7.8236522e-16  5.3109651e-16  -6.3158624e-17  8.3361641e-16  -1.0127941e-15  -2.6980816e-16  
-1.1610675e-16  -1.0115192e-15  -5.7181904e-16  1.0000000   -2.9272964e-16  -3.4976543e-16  3.0928855e-16  -1.0961197e-16  8.1038596e-17  -4.4297504e-16  
9.8447595e-17  -7.3244326e-17  -7.1379951e-16  -1.9455885e-16  1.0000000   1.5249354e-16  -5.6640163e-16  -3.0683632e-17  -3.1609907e-16  3.0449987e-17  
2.9005652e-17  -4.9146188e-17  5.2849579e-16  -3.5907722e-16  1.5249360e-16  1.0000000   1.5151047e-16  -2.0068612e-16  -1.3444934e-17  6.9583418e-16  
1.7048997e-16  -9.8626634e-17  -6.5761668e-17  2.9841577e-16  -5.7160563e-16  1.2376081e-16  1.0000000   -1.6830156e-16  3.2626689e-16  7.7189901e-16  
-5.1053759e-16  3.7867951e-16  7.8383834e-16  4.1068701e-17  8.3315796e-17  -2.0036052e-16  -1.6136085e-16  1.0000000   8.4780779e-16  6.0640952e-16  
3.2575352e-16  -1.7748992e-16  -1.0058608e-15  8.7118863e-17  -3.1783466e-16  -4.1191740e-17  3.8176708e-16  8.7100394e-16  1.0000000   -1.4879616e-16  
-2.2990846e-16  -1.9161579e-16  -2.6286969e-16  -4.4080230e-16  1.6576011e-17  6.6810571e-16  7.7189689e-16  6.0727921e-16  -3.7797786e-17  1.0000000   
