1.0000000   -2.1988077e-16  -3.8609388e-16  4.2788943e-16  -1.5962729e-16  -9.3165413e-18  -6.3294997e-17  3.9105625e-16  3.3536051e-16  -1.5206041e-16  
-2.1986408e-16  1.0000000   3.1639950e-16  -5.7640874e-16  7.6291084e-16  2.7911786e-16  -5.5027738e-16  -1.3762874e-16  -3.4357713e-16  1.8302603e-16  
-3.8608877e-16  3.1910256e-16  1.0000000   3.0986382e-16  1.6549714e-16  1.7910467e-16  4.8692580e-16  -1.8739883e-17  -6.6989395e-16  -1.6813604e-16  
4.2789908e-16  -5.7592299e-16  2.8478391e-16  1.0000000   -4.8943864e-17  -5.3974882e-16  -2.3483650e-16  7.9834405e-17  -3.2594427e-16  7.7266854e-16  
-1.5963245e-16  7.5626321e-16  1.8748713e-16  -9.1441611e-17  1.0000000   1.9351924e-16  8.4640353e-16  -2.1053147e-16  4.0477711e-16  1.6707767e-16  
-9.3121126e-18  3.1901635e-16  1.8343981e-16  -5.3627982e-16  1.9265215e-16  1.0000000   -4.0918966e-16  4.6962195e-16  -7.7589837e-17  2.6596072e-16  
-6.3296041e-17  -5.4594245e-16  4.9039617e-16  -2.5651789e-16  8.4900429e-16  -4.3694421e-16  1.0000000   -2.0180382e-16  2.5458326e-16  6.3198483e-16  
3.9105983e-16  -1.3936339e-16  3.6319726e-17  8.3538279e-17  -7.8235432e-17  4.6615118e-16  -1.9399674e-16  1.0000000   -1.7132615e-16  1.2227768e-16  
3.3536117e-16  -3.5919068e-16  -6.7076267e-16  -2.9927366e-16  4.0650822e-16  -1.0534124e-16  2.1295287e-16  -1.4183861e-16  1.0000000   -2.2104511e-16  
-1.5205830e-16  2.1078415e-16  -1.6553734e-16  7.7526893e-16  1.6534380e-16  3.2146510e-16  6.8748582e-16  1.2748015e-16  -1.6553904e-16  1.0000000   
