1.0000000   -2.6743322e-17  -3.4856410e-16  -7.0310880e-17  2.4877987e-16  -2.6394605e-17  4.2934353e-17  2.2458900e-17  2.9439096e-16  3.1465580e-17  
-2.6742566e-17  1.0000000   4.3031878e-16  4.8092519e-16  -5.0238583e-17  3.9673668e-16  1.9807357e-16  2.6839652e-16  -1.3394640e-16  -4.0462425e-16  
-3.4860296e-16  4.4213786e-16  1.0000000   1.3806204e-15  -2.1178314e-14  -2.1683366e-16  -1.0068325e-15  3.5134401e-15  -1.3903639e-15  -4.4056555e-16  
-7.0313981e-17  4.8072720e-16  1.5221640e-15  1.0000000   -3.2416321e-17  -2.5656967e-16  -2.0575023e-16  1.3504640e-16  3.4073086e-16  1.7526128e-16  
2.4879266e-16  -6.0663653e-17  -1.3431221e-14  -1.1677116e-16  1.0000000   1.3381427e-16  7.0472675e-16  -3.7048912e-15  2.0584773e-15  -3.7562184e-16  
-2.6385606e-17  4.0641318e-16  -2.1816858e-16  -2.5689154e-16  1.2548285e-16  1.0000000   4.3021142e-16  -8.7867810e-17  3.9898640e-17  1.2490009e-15  
4.2912671e-17  1.9668783e-16  -1.0234132e-15  -2.0430668e-16  7.1822761e-16  4.3563243e-16  1.0000000   2.3784177e-16  -1.6523241e-16  -6.9475675e-16  
2.2422778e-17  2.6939025e-16  3.0166930e-15  1.0596685e-16  -4.0397792e-15  -8.9688931e-17  2.7823021e-16  1.0000000   -1.2782265e-15  -2.4326786e-16  
2.9438551e-16  -1.3261825e-16  -1.3995136e-15  3.3535517e-16  2.0708583e-15  3.2309225e-17  -1.1391983e-15  -1.2497666e-15  1.0000000   5.7072402e-16  
3.1471509e-17  -4.0419057e-16  -4.4051134e-16  1.7507155e-16  -3.7404975e-16  1.2212453e-15  -6.8348105e-16  -2.4367444e-16  5.6898930e-16  1.0000000   
