1.0000000   -5.3701068e-17  -9.0693194e-17  -4.3706788e-17  -1.2148715e-16  3.6063275e-17  -1.9956096e-18  3.0033174e-17  -1.6373147e-17  -5.4105077e-17  
-5.3702868e-17  1.0000000   2.7326808e-15  -2.7422810e-15  -6.4896615e-16  -3.4607733e-16  9.2330657e-16  5.3463957e-16  -8.6649438e-16  9.2634234e-16  
-9.0720267e-17  2.7230981e-15  1.0000000   -4.7078677e-14  -2.0565484e-14  -1.3459828e-15  -1.5465873e-15  6.6567904e-15  2.0880379e-15  1.6642503e-16  
-4.3684248e-17  -2.7353823e-15  -4.9174306e-14  1.0000000   1.3059959e-14  7.1045058e-16  2.7121588e-15  -3.8588257e-15  -2.8221511e-15  -2.5429962e-16  
-1.2148862e-16  -6.5315653e-16  -1.7850999e-14  1.1257682e-14  1.0000000   1.9686401e-16  6.1151713e-16  -1.4003241e-15  -1.5041679e-15  5.3440325e-16  
3.6059887e-17  -4.0744318e-16  -1.3487475e-15  7.1383871e-16  1.9981846e-16  1.0000000   2.4147351e-15  1.5097515e-16  -1.2212453e-15  1.3877788e-15  
-1.9890451e-18  9.9085237e-16  -1.5689490e-15  2.7240037e-15  6.1701946e-16  2.9767855e-15  1.0000000   -2.9804718e-16  4.9127369e-15  -2.5535130e-15  
3.0043200e-17  5.3381456e-16  6.9339235e-15  -3.9639550e-15  -1.5007518e-15  1.5005358e-16  -2.9631245e-16  1.0000000   -7.4159429e-17  4.4170397e-16  
-1.6345195e-17  -8.8687738e-16  2.0732114e-15  -2.8072163e-15  -1.4946811e-15  -2.4702462e-15  5.2735594e-15  -7.5785732e-17  1.0000000   2.5535130e-15  
-5.4115241e-17  9.4022012e-16  1.6740082e-16  -2.5587171e-16  5.3386115e-16  1.9984014e-15  -2.4424907e-15  4.4105344e-16  1.9984014e-15  1.0000000   
