0.99980400  -4.8843814e-05  3.2560663e-05  5.7725227e-05  5.4217467e-06  6.2726055e-05  -9.2592102e-05  6.6221091e-05  1.7812612e-05  -1.7346433e-05  
-4.8843814e-05  0.99987625  -3.5722503e-05  -2.7051108e-05  -8.3426161e-06  6.1726970e-05  -1.0707371e-05  -2.4531574e-05  4.1358482e-06  1.2371480e-05  
3.2560663e-05  -3.5722503e-05  0.99985908  -1.1845544e-05  1.8553574e-05  -1.0766685e-05  4.6704857e-05  3.5062670e-05  1.2929722e-06  -1.3287782e-05  
5.7725227e-05  -2.7051108e-05  -1.1845544e-05  0.99989491  -2.1714047e-06  2.0567288e-05  3.8786651e-06  -6.7692133e-06  -2.6811530e-05  -3.5215435e-05  
5.4217467e-06  -8.3426161e-06  1.8553574e-05  -2.1714047e-06  0.99989200  -1.9520231e-05  3.6287005e-06  2.4977531e-06  -4.7427945e-05  -8.1562439e-06  
6.2726055e-05  6.1726970e-05  -1.0766685e-05  2.0567288e-05  -1.9520231e-05  0.99980687  9.0468973e-07  3.1624746e-06  -3.0382618e-05  3.6620507e-05  
-9.2592102e-05  -1.0707371e-05  4.6704857e-05  3.8786651e-06  3.6287005e-06  9.0468973e-07  0.99984579  3.5494376e-05  -5.8955907e-05  -2.1983864e-05  
6.6221091e-05  -2.4531574e-05  3.5062670e-05  -6.7692133e-06  2.4977531e-06  3.1624746e-06  3.5494376e-05  0.99988787  9.0387297e-06  -1.8584996e-05  
1.7812612e-05  4.1358482e-06  1.2929722e-06  -2.6811530e-05  -4.7427945e-05  -3.0382618e-05  -5.8955907e-05  9.0387297e-06  0.99982671  8.7108688e-06  
-1.7346433e-05  1.2371480e-05  -1.3287782e-05  -3.5215435e-05  -8.1562439e-06  3.6620507e-05  -2.1983864e-05  -1.8584996e-05  8.7108688e-06  0.99982058  
