1.0000000   -6.7825078e-17  -2.5651018e-17  -6.1867770e-17  -4.4551966e-17  -1.6073509e-17  -5.2895408e-17  -9.7080777e-17  -4.5445435e-18  -4.5893939e-17  
-6.7830112e-17  1.0000000   4.4323964e-16  4.4351926e-16  -1.1790671e-15  9.1333191e-16  -1.1240195e-15  4.7562398e-16  7.6067624e-16  -3.8315705e-16  
-2.5633661e-17  4.5980082e-16  1.0000000   -6.8505735e-16  2.2355563e-15  1.3029400e-16  3.2035260e-15  -5.2095423e-16  -3.0856699e-15  -1.4587940e-16  
-6.1857668e-17  4.3780367e-16  1.1949886e-16  1.0000000   -2.4059661e-16  5.5715201e-16  -7.6900258e-16  3.9768864e-16  3.8712921e-16  -7.6468102e-16  
-4.4577014e-17  -1.1905073e-15  9.1056406e-16  3.6360310e-16  1.0000000   6.6392136e-16  -4.9152526e-15  -2.3566836e-16  3.1384773e-15  1.7173762e-16  
-1.6068003e-17  8.6974698e-16  1.2593008e-16  5.5759162e-16  6.7009115e-16  1.0000000   -5.2041704e-17  1.2712270e-16  -6.4011296e-16  3.6082248e-16  
-5.2907266e-17  -1.0822506e-15  3.2321151e-15  -7.8572131e-16  -4.9285662e-15  4.1980308e-16  1.0000000   1.6627528e-15  3.8042486e-15  -2.7755576e-16  
-9.7084312e-17  4.7512704e-16  -5.1666003e-16  3.7913279e-16  -2.5201115e-16  1.2110538e-16  1.6944047e-15  1.0000000   -7.2438258e-16  -1.3986208e-16  
-4.5341674e-18  7.2760808e-16  -3.1049653e-15  3.9841042e-16  3.1458939e-15  -1.0304257e-15  3.8372083e-15  -7.0325419e-16  1.0000000   4.3021142e-16  
-4.5904104e-17  -3.7816972e-16  -1.4593361e-16  -7.6457937e-16  1.7043658e-16  4.4408921e-16  -4.0245585e-16  -1.3807315e-16  5.1347815e-16  1.0000000   
