0.99990799  3.8817395e-05  -4.9898438e-05  -9.1099289e-06  3.9683147e-05  -4.4270559e-05  -4.9024858e-06  4.8452960e-05  -6.5306032e-07  -1.3151764e-05  
3.8817395e-05  0.99995096  -3.5187032e-06  2.5130341e-06  -6.4869886e-07  2.3166793e-07  -1.0661733e-05  3.0439255e-05  1.2560036e-05  5.4349024e-06  
-4.9898438e-05  -3.5187032e-06  0.99980560  -1.6025673e-05  2.1473117e-05  -2.1274267e-05  5.4518074e-06  3.4848129e-05  -2.5282272e-09  -1.9819730e-05  
-9.1099289e-06  2.5130341e-06  -1.6025673e-05  0.99982991  3.1885890e-06  1.8704424e-05  1.3203996e-05  8.5394692e-06  1.4221230e-05  8.3431044e-06  
3.9683147e-05  -6.4869886e-07  2.1473117e-05  3.1885890e-06  0.99977082  2.2673212e-05  1.5061949e-05  2.0829238e-05  1.1884066e-05  9.9497755e-06  
-4.4270559e-05  2.3166793e-07  -2.1274267e-05  1.8704424e-05  2.2673212e-05  0.99987355  -7.8069486e-07  1.0832541e-05  1.3554748e-05  -7.1182842e-05  
-4.9024858e-06  -1.0661733e-05  5.4518074e-06  1.3203996e-05  1.5061949e-05  -7.8069486e-07  1.0000035   1.8947264e-05  -7.6389573e-05  -3.6593248e-05  
4.8452960e-05  3.0439255e-05  3.4848129e-05  8.5394692e-06  2.0829238e-05  1.0832541e-05  1.8947264e-05  0.99992185  -1.6414682e-05  1.1432065e-05  
-6.5306032e-07  1.2560036e-05  -2.5282272e-09  1.4221230e-05  1.1884066e-05  1.3554748e-05  -7.6389573e-05  -1.6414682e-05  0.99995865  1.1981352e-06  
-1.3151764e-05  5.4349024e-06  -1.9819730e-05  8.3431044e-06  9.9497755e-06  -7.1182842e-05  -3.6593248e-05  1.1432065e-05  1.1981352e-06  0.99984191  
