1.0000000   -4.5315175e-16  -1.7270759e-17  4.6069153e-16  -3.6831655e-16  -2.6307331e-16  2.4339876e-16  -5.2294884e-16  -5.7210307e-16  -2.3639221e-17  
-4.5314834e-16  0.99999997  2.5319739e-09  4.8320746e-10  8.2484354e-10  4.1830764e-07  3.2271816e-07  -8.8875602e-09  7.8165629e-08  -5.3144822e-08  
-1.7269968e-17  2.5319739e-09  1.0000000   -6.1650309e-08  -4.1107881e-07  5.2311302e-08  1.0325958e-07  -4.7417790e-07  4.1674992e-08  -8.2927889e-09  
4.6069796e-16  4.8320746e-10  -6.1650309e-08  1.0000006   3.0452069e-08  5.4082595e-09  -1.9260137e-08  -1.5937316e-07  1.1762009e-08  2.6077708e-09  
-3.6832809e-16  8.2484354e-10  -4.1107881e-07  3.0452069e-08  0.99999950  -7.9028805e-09  1.7499500e-08  8.6497677e-08  4.1379917e-08  5.9816437e-08  
-2.6306661e-16  4.1830764e-07  5.2311302e-08  5.4082595e-09  -7.9028805e-09  0.99999933  -3.1543158e-07  5.2010162e-08  -1.3148386e-07  -7.3827368e-07  
2.4338834e-16  3.2271816e-07  1.0325958e-07  -1.9260137e-08  1.7499500e-08  -3.1543158e-07  0.99999923  -6.6266376e-08  5.3661183e-07  1.3136914e-07  
-5.2294078e-16  -8.8875602e-09  -4.7417790e-07  -1.5937316e-07  8.6497677e-08  5.2010162e-08  -6.6266376e-08  1.0000001   4.6699085e-09  -7.7586401e-09  
-5.7208652e-16  7.8165629e-08  4.1674992e-08  1.1762009e-08  4.1379917e-08  -1.3148386e-07  5.3661183e-07  4.6699085e-09  1.0000011   9.1764005e-08  
-2.3625707e-17  -5.3144822e-08  -8.2927889e-09  2.6077708e-09  5.9816437e-08  -7.3827368e-07  1.3136914e-07  -7.7586401e-09  9.1764005e-08  1.0000007   
