1.0000140   -2.7528488e-05  -4.1988395e-05  -4.3345708e-05  7.8985121e-05  -2.8976281e-05  -4.0747334e-05  -2.1642569e-05  5.9017665e-05  -4.4145347e-05  
-2.7528488e-05  0.99997009  -1.2321281e-05  2.9225386e-05  -1.1719787e-05  4.7715816e-05  7.0328854e-06  -3.0576086e-05  -3.1127720e-06  1.8772860e-05  
-4.1988395e-05  -1.2321281e-05  1.0000009   -9.5834003e-06  -2.6302468e-05  5.9952102e-06  -1.8820569e-05  -5.7583475e-06  -4.1626353e-05  -8.2179129e-06  
-4.3345708e-05  2.9225386e-05  -9.5834003e-06  1.0000813   3.1577859e-05  -1.8763949e-05  2.3747622e-05  3.7444862e-05  -3.7113072e-05  2.9444565e-05  
7.8985121e-05  -1.1719787e-05  -2.6302468e-05  3.1577859e-05  1.0000639   2.2667121e-06  1.6433292e-05  -2.9875788e-05  -2.5562141e-06  6.9267020e-06  
-2.8976281e-05  4.7715816e-05  5.9952102e-06  -1.8763949e-05  2.2667121e-06  0.99993913  -1.0715757e-05  8.7361559e-06  -8.3416978e-07  -2.3056389e-05  
-4.0747334e-05  7.0328854e-06  -1.8820569e-05  2.3747622e-05  1.6433292e-05  -1.0715757e-05  1.0000291   -1.6945976e-06  -4.1352043e-05  -1.5290850e-05  
-2.1642569e-05  -3.0576086e-05  -5.7583475e-06  3.7444862e-05  -2.9875788e-05  8.7361559e-06  -1.6945976e-06  0.99998726  8.7372319e-06  2.1009625e-05  
5.9017665e-05  -3.1127720e-06  -4.1626353e-05  -3.7113072e-05  -2.5562141e-06  -8.3416978e-07  -4.1352043e-05  8.7372319e-06  1.0000053   2.3875509e-05  
-4.4145347e-05  1.8772860e-05  -8.2179129e-06  2.9444565e-05  6.9267020e-06  -2.3056389e-05  -1.5290850e-05  2.1009625e-05  2.3875509e-05  1.0000334   
