1.0002200   3.3572274e-05  8.2158640e-05  7.5253953e-06  -3.6835475e-05  1.8385581e-05  3.3387977e-05  -5.7949847e-05  3.4808580e-05  -1.6262574e-05  
3.3572274e-05  1.0000999   -6.3379802e-05  8.7689805e-05  -9.2139224e-05  6.8727816e-06  -2.0709391e-05  1.5310310e-05  -2.5110007e-05  7.1100712e-06  
8.2158640e-05  -6.3379802e-05  1.0000445   -1.8833154e-05  -1.7034206e-05  -6.9311552e-06  -1.3247594e-05  8.7540332e-06  -1.2118620e-05  1.6663922e-05  
7.5253953e-06  8.7689805e-05  -1.8833154e-05  1.0001485   0.00013416051  -1.4569035e-05  3.1016313e-05  8.1534077e-05  2.5078707e-05  7.5458249e-06  
-3.6835475e-05  -9.2139224e-05  -1.7034206e-05  0.00013416051  1.0002171   1.8980972e-05  -6.6916284e-06  9.8276346e-05  1.1660450e-06  1.3591025e-05  
1.8385581e-05  6.8727816e-06  -6.9311552e-06  -1.4569035e-05  1.8980972e-05  1.0001761   -4.1560912e-05  -1.9974006e-06  -7.5479768e-05  2.0116372e-05  
3.3387977e-05  -2.0709391e-05  -1.3247594e-05  3.1016313e-05  -6.6916284e-06  -4.1560912e-05  1.0002985   1.1762830e-05  1.2170138e-05  -3.6239470e-05  
-5.7949847e-05  1.5310310e-05  8.7540332e-06  8.1534077e-05  9.8276346e-05  -1.9974006e-06  1.1762830e-05  1.0001545   -1.1250454e-06  -4.9850195e-06  
3.4808580e-05  -2.5110007e-05  -1.2118620e-05  2.5078707e-05  1.1660450e-06  -7.5479768e-05  1.2170138e-05  -1.1250454e-06  1.0000861   -4.0890820e-05  
-1.6262574e-05  7.1100712e-06  1.6663922e-05  7.5458249e-06  1.3591025e-05  2.0116372e-05  -3.6239470e-05  -4.9850195e-06  -4.0890820e-05  1.0001514   
