1.0000000   -2.8166418e-16  1.2894527e-15  -3.4384734e-16  -1.7859305e-15  1.6040094e-16  -2.5220687e-16  5.0846978e-16  4.2537677e-17  -8.8308267e-17  
-2.8166187e-16  1.0000000   3.4218479e-15  -2.3259080e-16  -3.3543233e-15  3.7079714e-16  -2.9192482e-16  1.6238498e-15  -6.0100715e-16  2.7885680e-16  
1.2891987e-15  3.4162312e-15  1.0000000   2.8122087e-14  3.2794641e-13  4.6486794e-15  2.9842203e-15  -8.8765727e-14  -6.8092002e-15  3.7560829e-15  
-3.4384316e-16  -2.3139071e-16  2.9148871e-14  1.0000000   -3.7556763e-14  -9.6511696e-16  -4.0246535e-16  1.1039428e-14  1.3224287e-15  -8.7888139e-18  
-1.7858883e-15  -3.1937017e-15  3.6306176e-13  -4.0197585e-14  1.0000000   -6.5677800e-15  -3.3220952e-15  1.3539634e-13  8.1886245e-15  -4.3069592e-15  
1.6039119e-16  3.9790220e-16  4.6507936e-15  -9.6545493e-16  -6.5566042e-15  1.0000000   -6.4770238e-16  2.0450492e-15  3.8684334e-16  -7.9103391e-16  
-2.5218208e-16  -2.9591435e-16  3.1191658e-15  -4.0727282e-16  -2.9858504e-15  -6.4122427e-16  1.0000000   3.6335511e-16  -1.8767878e-15  6.4705186e-16  
5.0843809e-16  1.5746724e-15  -1.0623714e-13  1.2374978e-14  1.4496798e-13  2.0491760e-15  6.3982412e-16  1.0000000   -2.4506882e-15  1.1259440e-15  
4.2538100e-17  -6.0302308e-16  -7.5629336e-15  1.3866776e-15  8.7954546e-15  3.7480869e-16  7.5365604e-17  -2.5215510e-15  1.0000000   -4.2240517e-16  
-8.8301491e-17  2.7582103e-16  3.7656510e-15  -9.5409791e-18  -4.3125226e-15  -7.4940054e-16  6.3317407e-16  1.1256187e-15  -4.2327253e-16  1.0000000   
