1.0000000   -2.3887573e-16  -1.3756617e-17  3.4082984e-17  1.1051907e-16  2.7945989e-16  1.6517333e-16  -4.8528395e-17  -1.8381907e-16  5.2124375e-16  
-2.3887945e-16  1.0000000   -1.4006352e-15  2.0797642e-16  1.4622381e-15  -9.6038628e-16  1.2868667e-15  -1.5686553e-16  -2.3311160e-15  -9.7491459e-16  
-1.3784657e-17  -1.3962000e-15  1.0000000   9.9915351e-16  4.1522509e-15  -6.6152596e-16  3.6420824e-15  -1.0955248e-15  -3.0405095e-15  1.0502666e-15  
3.4071795e-17  2.0797549e-16  9.9947137e-16  1.0000000   -9.2058480e-16  -9.9081679e-17  -2.1272216e-16  -2.3156198e-16  -2.3209084e-16  3.6723960e-16  
1.1053796e-16  1.4596987e-15  3.6857414e-15  -9.2031872e-16  1.0000000   3.1008182e-16  -2.1113177e-15  5.2226958e-16  2.3786989e-15  -4.0733476e-16  
2.7946073e-16  -9.5496527e-16  -6.6058405e-16  -9.9102008e-17  3.0964814e-16  1.0000000   -8.0577905e-16  -6.5171393e-16  7.1817552e-16  -6.6613381e-16  
1.6517571e-16  1.2873274e-15  3.5918131e-15  -2.1832199e-16  -2.0822170e-15  -8.2052420e-16  1.0000000   7.3861951e-16  -3.1298748e-15  -1.4398205e-16  
-4.8519952e-17  -1.5687405e-16  -1.0951413e-15  -1.7854604e-16  5.2239074e-16  -6.5178508e-16  7.3843311e-16  1.0000000   -1.1801433e-15  -2.3943927e-17  
-1.8384808e-16  -2.3306010e-15  -3.0335130e-15  -2.2533583e-16  2.3857970e-15  7.0256301e-16  1.1633489e-16  -1.1854158e-15  1.0000000   -9.8185349e-16  
5.2124375e-16  -9.7317987e-16  1.0483693e-15  3.6718116e-16  -4.0744318e-16  -7.2164497e-16  -2.0122792e-16  -2.3798238e-17  -9.8532293e-16  1.0000000   
