1.0000000   4.7605410e-16  5.6196841e-16  7.4600498e-17  -6.6097688e-16  -3.2472491e-17  2.3612333e-17  -5.3184627e-16  -2.3484486e-16  4.9784277e-16  
4.7605494e-16  1.0000000   5.8157525e-17  3.2104907e-16  2.2342883e-16  -8.4946399e-16  -3.3361237e-16  -1.9153713e-16  -4.1120696e-17  -1.6918636e-16  
5.6196233e-16  4.9830691e-17  1.0000000   -5.6813913e-16  -5.2227754e-16  8.4546440e-16  -1.2480960e-15  -2.9694562e-16  6.1103420e-16  -4.7999663e-17  
7.4591498e-17  3.2222410e-16  -5.4629806e-16  1.0000000   2.4391836e-16  2.1444794e-16  3.7489209e-16  1.7526154e-15  -3.7814897e-16  1.9138540e-16  
-6.6097947e-16  2.2326625e-16  -4.7553076e-16  2.7584994e-16  1.0000000   -1.6052395e-17  -1.9019385e-16  1.1340207e-15  4.3800592e-16  2.1143298e-16  
-3.2475846e-17  -9.0886728e-16  8.5023331e-16  2.1184365e-16  -1.9954894e-17  1.0000000   -3.0535773e-16  -8.6785959e-16  2.9549908e-16  1.5733637e-16  
2.3609136e-17  -2.9095645e-16  -1.2501083e-15  3.6006664e-16  -1.9152570e-16  -3.0882474e-16  1.0000000   -3.4161618e-16  5.8286709e-16  4.0190358e-16  
-5.3182974e-16  -1.9102118e-16  -3.9268597e-16  1.7145121e-15  9.8163307e-16  -8.6265576e-16  -3.4004330e-16  1.0000000   1.2741181e-16  -1.3803418e-16  
-2.3484509e-16  -4.1878671e-17  6.1125221e-16  -3.8508983e-16  4.2282654e-16  3.0937530e-16  3.8904735e-16  1.2817763e-16  1.0000000   4.1205781e-16  
4.9785336e-16  -1.9172760e-16  -4.7994581e-17  1.8965407e-16  2.1229864e-16  1.0182691e-16  4.0191036e-16  -1.4151041e-16  4.2593221e-16  1.0000000   
