1.0000000   -2.7131736e-17  1.4283619e-16  -1.3214828e-16  -1.5486889e-16  5.4438808e-18  -4.8549726e-16  6.2576319e-17  7.7819627e-16  2.8080836e-17  
-2.7130042e-17  1.0000000   -7.0161512e-17  -4.1086720e-16  4.3226357e-16  4.4452289e-18  1.1631321e-15  9.3810593e-17  -1.8075819e-15  4.6837534e-16  
1.4283596e-16  -7.0020826e-17  1.0000000   -3.4874570e-16  -3.7745758e-15  4.7223781e-16  -1.9161918e-15  9.4449264e-16  3.4043135e-15  -7.8805235e-16  
-1.3214058e-16  -4.1090500e-16  -3.8458066e-16  1.0000000   1.0214341e-15  -2.5091149e-16  -1.6146481e-15  2.8524989e-16  2.3077243e-15  -7.1991024e-16  
-1.5487075e-16  4.3213715e-16  -4.2616640e-15  1.0059550e-15  1.0000000   -1.5243611e-15  1.0078201e-15  -2.6788778e-16  -2.0373785e-15  2.6931582e-16  
5.4362575e-18  7.6761514e-17  4.7237503e-16  -2.5104701e-16  -1.5245509e-15  1.0000000   -6.6613381e-16  -3.3507268e-16  8.3266727e-16  -3.8857806e-16  
-4.8548202e-16  1.1600963e-15  -1.9167407e-15  -1.6116394e-15  1.0084774e-15  -8.9511731e-16  1.0000000   9.7603945e-16  -6.5503158e-15  6.4392935e-15  
6.2585477e-17  9.3828804e-17  9.6446930e-16  3.4232398e-16  -3.0146001e-16  -3.3556057e-16  9.8537714e-16  1.0000000   -1.8687309e-15  8.1355821e-16  
7.7816832e-16  -1.8114850e-15  3.4049488e-15  2.3054611e-15  -2.0381239e-15  1.2628787e-15  -7.7438056e-15  -1.8569131e-15  1.0000000   -5.3290705e-15  
2.8104553e-17  4.5276283e-16  -7.8830985e-16  -7.1871762e-16  2.6947845e-16  -4.4408921e-16  5.5511151e-15  8.1217585e-16  -3.7747583e-15  1.0000000   
