1.0000000   -6.1147656e-16  5.8604143e-16  -1.7077068e-17  2.4929220e-16  5.0252054e-16  6.8424836e-16  -5.7832509e-16  -4.8529177e-16  -2.2398406e-17  
-6.1148378e-16  0.99999994  -2.7920608e-08  1.1870230e-08  2.5698511e-09  5.5000691e-08  -3.0912530e-08  9.7954337e-08  1.3749145e-08  -6.3179354e-08  
5.8603452e-16  -2.7920608e-08  0.99999988  -8.3063262e-08  -8.9294691e-07  1.7554301e-09  -5.9186413e-08  5.0359082e-08  2.6339585e-08  4.1143637e-08  
-1.7087562e-17  1.1870230e-08  -8.3063262e-08  0.99999890  7.7646430e-07  -5.9771609e-08  -2.4385463e-08  -8.3004966e-08  -4.3336536e-08  2.4502579e-08  
2.4929674e-16  2.5698511e-09  -8.9294691e-07  7.7646430e-07  1.0000006   5.5164599e-07  2.5745759e-08  -4.1690051e-08  -2.8149930e-09  -1.3232648e-08  
5.0252448e-16  5.5000691e-08  1.7554300e-09  -5.9771609e-08  5.5164599e-07  0.99999989  6.2098490e-08  2.0294868e-08  2.3847184e-08  4.3349400e-09  
6.8423827e-16  -3.0912530e-08  -5.9186413e-08  -2.4385463e-08  2.5745759e-08  6.2098490e-08  1.0000003   -2.4201166e-07  2.7445916e-07  -6.8779831e-07  
-5.7832329e-16  9.7954337e-08  5.0359082e-08  -8.3004966e-08  -4.1690051e-08  2.0294868e-08  -2.4201166e-07  1.0000010   -1.9490834e-08  4.2460274e-07  
-4.8528508e-16  1.3749145e-08  2.6339585e-08  -4.3336536e-08  -2.8149930e-09  2.3847184e-08  2.7445916e-07  -1.9490834e-08  0.99999938  -1.5618940e-07  
-2.2407164e-17  -6.3179354e-08  4.1143637e-08  2.4502579e-08  -1.3232648e-08  4.3349400e-09  -6.8779831e-07  4.2460274e-07  -1.5618940e-07  1.0000003   
