1.0000000   2.2046696e-16  -3.3884266e-16  -4.5081803e-17  -5.2522951e-17  6.8326789e-17  -3.5381538e-17  -1.5562856e-16  5.6415818e-17  3.4347779e-16  
2.2047605e-16  1.0000000   -7.8494367e-17  -4.6041104e-16  1.4893075e-16  1.4663272e-16  -9.6813134e-17  -5.0730780e-18  -2.8264610e-16  4.9109615e-16  
-3.3884688e-16  -6.7935534e-17  1.0000000   4.3395931e-16  2.1860398e-16  -3.6918817e-16  2.2317751e-16  -4.8837901e-17  1.1513833e-16  6.1055151e-16  
-4.5079994e-17  -4.6597350e-16  5.1461371e-16  1.0000000   -6.4311443e-17  4.1898719e-17  -1.6822239e-16  -4.9263113e-16  -1.9067506e-16  1.6149869e-16  
-5.2518715e-17  1.4339278e-16  2.6759846e-16  2.0487024e-17  1.0000000   -9.0386942e-17  2.2039529e-16  9.4292392e-16  5.5320482e-16  -4.3388543e-16  
6.8325677e-17  2.1908115e-16  -3.6788704e-16  3.9289840e-17  -8.9954107e-17  1.0000000   3.9741344e-18  -4.6342042e-16  -5.9379615e-16  1.4477826e-16  
-3.5377510e-17  -9.0087848e-17  2.2399851e-16  -1.6974081e-16  2.2061431e-16  -2.3786384e-17  1.0000000   -4.6772321e-16  -4.6505144e-17  -5.2247194e-16  
-1.5561871e-16  -3.6109437e-18  -1.0950089e-16  -4.2570935e-16  8.5565198e-16  -4.6081799e-16  -4.7162366e-16  1.0000000   8.3859435e-17  -2.9112353e-16  
5.6416378e-17  -2.9001802e-16  1.1920484e-16  -1.8915315e-16  5.5726523e-16  -5.6603598e-16  -3.9565292e-17  7.6924904e-17  1.0000000   8.4933688e-17  
3.4348033e-16  4.5900377e-16  6.0687539e-16  1.5628436e-16  -4.3410084e-16  8.9250168e-17  -5.5023430e-16  -2.8939728e-16  2.9410678e-17  1.0000000   
