1.0000000   -7.3177453e-17  1.8219436e-17  4.3689472e-17  3.0077721e-17  2.4610542e-17  -1.7727235e-17  1.8675682e-17  -4.9142946e-17  -4.1724843e-18  
-7.3174224e-17  1.0000000   -4.5738487e-16  7.8571411e-16  -4.2567005e-16  4.3259667e-17  4.5672017e-17  8.6467876e-17  8.2404786e-16  9.4976110e-17  
1.8201698e-17  -4.5902897e-16  1.0000000   1.5406813e-15  5.0175988e-16  1.3124200e-15  1.3455339e-15  5.0472856e-16  -1.3463080e-15  -1.3587764e-15  
4.3697088e-17  7.8767754e-16  1.1266186e-15  1.0000000   -9.0550993e-16  -7.8074076e-16  2.8433913e-15  -3.6162824e-16  -2.3982383e-15  3.1379521e-16  
3.0082809e-17  -4.2515739e-16  7.3283528e-16  -8.3941361e-16  1.0000000   3.9023824e-16  -6.8685393e-16  3.7290221e-16  1.1525747e-16  -1.9095511e-16  
2.4609483e-17  7.8062556e-17  1.3080357e-15  -7.7685796e-16  3.9329434e-16  1.0000000   -1.9255431e-15  4.6121960e-16  1.0408341e-15  1.6098234e-15  
-1.7658969e-17  -5.7462715e-18  1.3345478e-15  2.8306215e-15  -6.9691838e-16  -1.5265567e-15  1.0000000   5.3370868e-16  -3.7296555e-15  6.2450045e-16  
1.8687613e-17  8.6332563e-17  5.1602915e-16  -3.4898790e-16  4.5811369e-16  4.6403853e-16  5.1704924e-16  1.0000000   -1.2990843e-15  -3.4748680e-16  
-4.9241605e-17  8.9023840e-16  -1.3653934e-15  -2.3737963e-15  1.4158664e-16  1.5092094e-15  -7.9233495e-15  -1.3197485e-15  1.0000000   -1.3877788e-16  
-4.1767195e-18  8.9338259e-17  -1.3575295e-15  3.1344285e-16  -1.9103642e-16  1.6653345e-15  8.1878948e-16  -3.4710733e-16  -6.9388939e-17  1.0000000   
