1.0000000   -3.2146330e-17  4.5527160e-16  3.1011641e-16  -3.2923416e-16  -3.8807556e-16  -1.5259828e-17  -3.3273500e-16  4.9476105e-16  -2.5598860e-16  
-3.2145804e-17  1.0000000   -1.1642199e-15  -1.9858707e-16  9.3019041e-16  2.3960868e-17  6.9822620e-16  3.9272431e-17  -3.2233331e-16  -3.7296555e-16  
4.5526278e-16  -1.1591687e-15  1.0000000   -7.9931043e-16  6.7036990e-15  -3.2038682e-16  2.3622106e-15  1.5131852e-15  -4.2769065e-15  5.7193020e-16  
3.1011902e-16  -1.9860315e-16  -8.0016844e-16  1.0000000   1.3091058e-15  -4.5640337e-16  1.1425030e-15  1.3638651e-16  -1.4642053e-15  -1.5018911e-16  
-3.2923963e-16  9.3128472e-16  3.2645457e-15  1.3118532e-15  1.0000000   1.5936078e-17  -1.7521918e-15  -7.2349607e-16  3.7309146e-15  -5.9027016e-16  
-3.8808318e-16  6.7220535e-18  -3.2008359e-16  -4.5637796e-16  1.6073297e-17  1.0000000   6.2970462e-16  2.5056844e-16  -8.8817842e-16  8.8817842e-16  
-1.5353769e-17  6.9931040e-16  2.3616041e-15  1.1425477e-15  -1.7502886e-15  6.2796990e-16  1.0000000   7.9302824e-17  2.9256111e-15  4.3715032e-16  
-3.3272500e-16  3.9370316e-17  1.5052997e-15  1.7168469e-16  -6.8571642e-16  2.5054980e-16  7.9284190e-17  1.0000000   5.4841656e-16  -1.1769692e-16  
4.9480954e-16  -3.2330909e-16  -4.2766626e-15  -1.4637098e-15  3.7299740e-15  -8.7950480e-16  4.3550233e-15  5.4840767e-16  1.0000000   1.3877788e-17  
-2.5598776e-16  -3.6776138e-16  5.7153718e-16  -1.5016200e-16  -5.9023966e-16  7.4940054e-16  4.4408921e-16  -1.1770709e-16  -5.5511151e-17  1.0000000   
