1.0000000   -3.9280763e-16  -3.3974859e-16  9.9423113e-17  -2.5488341e-16  2.6292300e-18  -2.8643040e-17  -2.6483792e-16  -2.6326362e-16  1.6725004e-16  
-3.9281099e-16  1.0000000   -1.5647295e-16  6.0452063e-16  7.0628543e-16  4.7890386e-16  -7.3641099e-17  -1.6963608e-16  6.7094637e-18  1.8851989e-16  
-3.3975518e-16  -1.5766345e-16  1.0000000   1.5453125e-16  -1.7571798e-16  6.6097044e-17  -2.0765953e-16  2.5118370e-16  -3.3974358e-16  2.4271899e-16  
9.9427890e-17  6.0091679e-16  1.2986234e-16  1.0000000   -3.6587370e-17  -1.2485649e-16  -6.4060898e-17  3.1049365e-17  -4.0420061e-16  8.7706874e-17  
-2.5487885e-16  7.0227671e-16  -1.2659621e-16  -4.8921143e-17  1.0000000   -1.3525262e-16  -9.7014930e-17  -1.8784085e-16  5.5772263e-16  -3.8350603e-16  
2.6443744e-18  4.6242749e-16  6.7830825e-17  -1.2702741e-16  -1.3525067e-16  1.0000000   -1.1514140e-16  1.5850206e-16  -5.3308495e-17  6.1979095e-17  
-2.8658542e-17  -6.6159013e-17  -2.1045350e-16  -7.6358194e-17  -1.0628925e-16  -1.1773540e-16  1.0000000   3.8015040e-16  5.8344298e-16  2.8359341e-16  
-2.6482901e-16  -1.6616493e-16  2.1611398e-16  6.1153084e-17  -2.1638712e-16  1.5578930e-16  3.8227145e-16  1.0000000   9.5498585e-17  -5.3435921e-16  
-2.6326645e-16  5.4067136e-18  -3.3453830e-16  -4.0068589e-16  5.5967838e-16  -5.6774035e-17  5.2738343e-16  1.0490665e-16  1.0000000   4.1397211e-16  
1.6725682e-16  1.6770405e-16  2.3924276e-16  9.2914432e-17  -4.0085834e-16  -4.9049984e-17  2.7666129e-16  -5.3522657e-16  4.1397211e-16  1.0000000   
