1.0000000   -2.6355824e-16  6.4214810e-16  2.6639338e-16  7.8846853e-17  6.2324950e-16  8.7084627e-17  1.2070134e-16  3.5402376e-16  7.7358503e-16  
-2.6355667e-16  1.0000000   5.4367726e-16  -2.3655185e-16  -3.9429028e-16  -1.4630806e-16  -3.6977127e-16  1.3314136e-16  9.3510627e-17  -3.6172838e-16  
6.4214099e-16  5.4563379e-16  1.0000000   -3.2804596e-16  1.4355337e-15  -2.7643442e-16  3.1158650e-17  -4.4459649e-16  7.2302897e-17  2.0863946e-16  
2.6638126e-16  -2.3177783e-16  -3.1633541e-16  1.0000000   -2.1823484e-16  9.3154382e-17  -6.9726386e-16  6.5310920e-16  8.1467988e-17  1.0152452e-16  
7.8847911e-17  -3.9439654e-16  1.2484222e-15  -2.3981140e-16  1.0000000   5.5102149e-17  -6.0445427e-17  -1.4057997e-16  3.4658545e-17  -3.5020408e-16  
6.2325884e-16  -5.9881825e-17  -2.7291416e-16  9.2286864e-17  5.5540133e-17  1.0000000   -9.2391862e-17  2.0967527e-16  -9.2421642e-17  -5.2362052e-16  
8.7083051e-17  -3.6890391e-16  2.9423595e-17  -6.9899765e-16  -6.3047329e-17  -7.1581150e-17  1.0000000   -1.3884247e-16  -4.9000436e-16  2.7624624e-16  
1.2069992e-16  1.2847373e-16  -4.2551149e-16  5.9877319e-16  -1.3751200e-16  2.0556149e-16  -1.4404673e-16  1.0000000   -1.0711028e-16  2.4671613e-16  
3.5402473e-16  9.4595352e-17  7.0568855e-17  8.6673665e-17  3.3790736e-17  -7.1610954e-17  -6.5649195e-16  -1.0016899e-16  1.0000000   -1.6136655e-16  
7.7360536e-16  -3.3573676e-16  2.1048006e-16  1.0196159e-16  -3.4695655e-16  -4.6725048e-16  2.4848982e-16  2.5105718e-16  -1.3361267e-16  1.0000000   
