1.0000000   4.7201162e-16  -1.4730147e-16  -4.1650204e-16  2.8095736e-16  -2.2360046e-17  -4.2875576e-16  1.6326353e-17  -4.2739467e-16  1.4209563e-16  
4.7200977e-16  1.0000001   -2.2968910e-08  1.3728448e-09  -1.2335240e-08  -1.0261924e-08  -7.1943236e-08  -2.4036842e-07  -2.2158295e-07  9.5542193e-08  
-1.4730237e-16  -2.2968910e-08  1.0000001   2.9992742e-07  1.0270261e-07  -1.3728528e-07  -5.2392674e-08  5.1997124e-08  -4.3405482e-08  1.5262117e-08  
-4.1650110e-16  1.3728448e-09  2.9992742e-07  0.99999978  4.8284633e-07  3.8160283e-08  7.1111751e-09  5.1376162e-08  1.0667997e-09  -2.3197562e-08  
2.8095677e-16  -1.2335240e-08  1.0270261e-07  4.8284633e-07  0.99999933  4.8583430e-08  -4.7487002e-08  6.0314476e-08  6.0904927e-08  -1.2050512e-08  
-2.2360393e-17  -1.0261924e-08  -1.3728528e-07  3.8160283e-08  4.8583430e-08  1.0000001   -1.1159412e-08  3.6111168e-08  3.6556477e-08  -1.7988781e-08  
-4.2875592e-16  -7.1943236e-08  -5.2392674e-08  7.1111751e-09  -4.7487002e-08  -1.1159412e-08  1.0000003   8.6716210e-07  1.8200346e-07  -1.5360462e-08  
1.6323447e-17  -2.4036842e-07  5.1997124e-08  5.1376162e-08  6.0314476e-08  3.6111168e-08  8.6716210e-07  1.0000012   2.2029475e-07  -5.8757792e-07  
-4.2739301e-16  -2.2158295e-07  -4.3405482e-08  1.0667997e-09  6.0904927e-08  3.6556477e-08  1.8200345e-07  2.2029475e-07  0.99999954  1.0015691e-06  
1.4209810e-16  9.5542193e-08  1.5262117e-08  -2.3197562e-08  -1.2050512e-08  -1.7988781e-08  -1.5360461e-08  -5.8757792e-07  1.0015691e-06  1.0000005   
