1.0000000   2.9437757e-17  2.6499657e-16  2.0304911e-16  -2.3542869e-16  2.0228100e-16  1.6903076e-16  -1.8978081e-16  -2.7876282e-16  1.7802346e-16  
2.9439480e-17  1.0000000   -4.5115389e-16  4.0049973e-16  5.0728719e-16  -5.1217711e-16  -6.5809187e-16  -1.0807176e-16  -1.8407551e-16  4.9396251e-16  
2.6499501e-16  -4.5120445e-16  1.0000000   3.6885390e-17  1.0637350e-14  -2.6157902e-16  1.8190764e-15  -2.3338189e-17  9.2275677e-16  1.7480050e-16  
2.0305208e-16  4.0053711e-16  -1.0053175e-16  1.0000000   3.8593058e-17  -3.0565692e-16  4.6846703e-16  -3.8169303e-17  -6.0338641e-16  -9.5355581e-17  
-2.3540705e-16  5.0733422e-16  8.9696985e-15  -6.2811045e-17  1.0000000   7.4365787e-16  -4.9999694e-16  -3.9535666e-16  -2.2075715e-15  -1.2006861e-16  
2.0227126e-16  -5.3857743e-16  -2.6172640e-16  -3.0574501e-16  7.4399308e-16  1.0000000   -3.1669545e-16  -4.5173538e-17  -4.0039586e-16  -9.2981178e-16  
1.6903829e-16  -6.6367911e-16  1.8182364e-15  4.6814495e-16  -5.0000567e-16  -3.0222136e-16  1.0000000   -3.4223883e-17  4.5525827e-15  -5.8026500e-16  
-1.8977792e-16  -1.0807140e-16  9.5500917e-17  4.2945728e-18  -5.5408102e-16  -4.5238336e-17  -3.3083393e-17  1.0000000   -4.8942011e-16  -8.3551330e-17  
-2.7877629e-16  -1.8303535e-16  9.2315686e-16  -6.0322563e-16  -2.2072346e-15  -4.2716210e-16  5.1072016e-15  -4.8783700e-16  1.0000000   6.7459059e-16  
1.7801753e-16  4.9960036e-16  1.7455655e-16  -9.5843472e-17  -1.2012960e-16  -9.8532293e-16  -5.8178289e-16  -8.3575047e-17  6.7372323e-16  1.0000000   
