1.0000000   5.7442225e-16  8.5414900e-16  -1.3482396e-16  1.2167399e-16  -4.7980567e-16  3.1484636e-16  2.7344359e-16  -2.5376954e-16  1.2664435e-17  
5.7441727e-16  1.0000001   5.8875143e-09  -1.5812573e-08  2.5823466e-10  -2.2629589e-09  7.2477193e-08  1.3318557e-07  3.8373570e-08  -1.8021765e-07  
8.5413676e-16  5.8875143e-09  1.0000000   3.1564044e-07  2.1280629e-07  2.9891716e-07  -1.5464598e-08  3.8150551e-08  -8.7824962e-09  -2.4614650e-09  
-1.3481988e-16  -1.5812573e-08  3.1564044e-07  0.99999989  -3.9464761e-07  -3.6985823e-07  5.8019979e-08  -3.0887437e-08  1.9955357e-08  -5.2130519e-08  
1.2167096e-16  2.5823466e-10  2.1280629e-07  -3.9464761e-07  0.99999890  7.6152694e-08  9.5150128e-08  -1.2358646e-08  -3.8989596e-08  -5.6433804e-08  
-4.7981958e-16  -2.2629589e-09  2.9891716e-07  -3.6985823e-07  7.6152694e-08  1.0000003   -9.4128315e-09  8.8256533e-08  -2.6915729e-08  -8.7823900e-09  
3.1484101e-16  7.2477194e-08  -1.5464598e-08  5.8019979e-08  9.5150128e-08  -9.4128315e-09  1.0000002   1.2702770e-09  -2.2330982e-07  5.4644837e-10  
2.7344163e-16  1.3318557e-07  3.8150551e-08  -3.0887437e-08  -1.2358646e-08  8.8256533e-08  1.2702770e-09  1.0000007   3.9047071e-09  -2.2686229e-07  
-2.5377626e-16  3.8373570e-08  -8.7824962e-09  1.9955357e-08  -3.8989596e-08  -2.6915729e-08  -2.2330982e-07  3.9047071e-09  0.99999957  1.6058901e-08  
1.2667209e-17  -1.8021765e-07  -2.4614650e-09  -5.2130519e-08  -5.6433804e-08  -8.7823900e-09  5.4644837e-10  -2.2686229e-07  1.6058901e-08  0.99999997  
