1.0000000   4.7003208e-17  2.3936140e-16  1.2387793e-16  9.9002058e-17  2.3348294e-16  7.2157043e-17  1.8150619e-16  1.3915396e-16  9.1154298e-17  
4.7007837e-17  1.0000000   -1.4723821e-15  -1.5975211e-16  -6.4042467e-17  -9.6710834e-17  7.0895980e-16  -6.2015856e-16  1.5048726e-16  -4.7618159e-16  
2.3933830e-16  -1.4722178e-15  1.0000000   2.9532990e-16  3.8653840e-16  -6.8348105e-16  7.9927384e-16  8.3484245e-16  7.3378803e-16  -1.1796120e-16  
1.2392436e-16  -1.6329800e-16  1.2564421e-15  1.0000000   8.8377724e-16  2.3297336e-15  -1.5885188e-15  -6.7739131e-16  6.2707543e-16  -2.5051575e-15  
9.8958279e-17  -6.2450508e-17  -2.3748969e-16  -1.4696861e-16  1.0000000   -2.3369165e-15  1.0027358e-15  6.4742284e-16  -5.8011381e-16  1.6747976e-15  
2.3346007e-16  -8.1532003e-17  -6.9128731e-16  2.3436114e-15  -2.3418767e-15  1.0000000   1.9984014e-15  8.9338259e-16  1.6653345e-16  2.2204460e-15  
7.2156513e-17  6.9519043e-16  7.9873174e-16  -1.5886814e-15  1.0019112e-15  2.4702462e-15  1.0000000   5.3884848e-16  9.9226183e-16  -1.1102230e-15  
1.8150877e-16  -6.2008572e-16  9.0164286e-16  -6.5898486e-16  6.2164087e-16  9.0726038e-16  5.3733060e-16  1.0000000   9.4108749e-17  -2.7755576e-17  
1.3914570e-16  1.4929464e-16  7.3400487e-16  6.2948778e-16  -5.8113236e-16  3.3306691e-16  1.0061396e-15  8.8904578e-17  1.0000000   1.7763568e-15  
9.1190720e-17  -4.8919202e-16  -1.1102230e-16  -2.5266247e-15  1.6982943e-15  6.6613381e-16  -4.4408921e-16  -6.0715322e-18  1.3322676e-15  1.0000000   
