1.0000000   -3.2891778e-16  1.2240561e-16  -3.8854456e-16  1.8756986e-16  9.5933210e-17  -1.4128005e-16  2.7419467e-16  6.6804515e-16  -9.3952895e-18  
-3.2891525e-16  1.0000000   -5.7812416e-16  -2.5131010e-17  -1.5641269e-16  8.5060074e-17  -5.3659688e-16  8.1669799e-16  4.9483452e-16  -4.3781270e-16  
1.2240911e-16  -5.9042462e-16  1.0000000   -5.2061291e-17  -1.2324028e-16  1.1001878e-16  -7.5313834e-18  -9.9797787e-16  -4.3097743e-16  -2.4533166e-16  
-3.8853915e-16  -2.7090691e-17  -3.0418685e-17  1.0000000   -1.7979828e-16  -1.8254487e-16  -2.6644756e-16  -5.1916603e-16  4.0872533e-16  -1.2060902e-16  
1.8755892e-16  -1.5581769e-16  -3.2461015e-17  -1.9841638e-16  1.0000000   -4.8425629e-16  -7.2305342e-17  1.7680861e-16  1.9978299e-16  -3.5573012e-16  
9.5912343e-17  1.0065361e-16  1.1348900e-16  -1.8254140e-16  -4.8468863e-16  1.0000000   1.3530366e-16  3.4169273e-17  -8.7703901e-17  5.3932282e-16  
-1.4126884e-16  -5.3659638e-16  -4.4941842e-18  -2.7252547e-16  -7.2085133e-17  1.2836643e-16  1.0000000   -1.7143212e-16  7.2883639e-16  5.2916181e-16  
2.7420077e-16  8.1675827e-16  -1.0378664e-15  -6.4729365e-16  1.0662688e-16  3.4168596e-17  -1.7403866e-16  1.0000000   1.5691317e-16  -1.5011541e-16  
6.6808354e-16  4.9223204e-16  -4.2664332e-16  4.1242101e-16  1.9804923e-16  -1.1545391e-16  7.0107938e-16  1.6037914e-16  1.0000000   1.4984436e-16  
-9.3986776e-18  -4.2393999e-16  -2.4533187e-16  -1.2147299e-16  -3.5399794e-16  5.9484075e-16  5.2916181e-16  -1.5185310e-16  1.4984436e-16  1.0000000   
