1.0000000   -9.5518145e-17  1.9413413e-16  -6.2127016e-18  -1.8860468e-16  2.7564326e-16  4.6295614e-16  1.2385679e-17  -2.2945198e-16  -4.5613995e-17  
-9.5519200e-17  1.0000000   -8.4664215e-16  3.7748336e-16  4.6692818e-16  1.3208293e-16  1.7089127e-15  1.8602241e-16  -1.4514807e-15  -8.7169855e-17  
1.9410254e-16  -8.4582847e-16  1.0000000   8.2013945e-16  8.4974525e-16  5.4050189e-16  -2.9206890e-15  -5.2359536e-16  3.2830589e-15  7.1069452e-16  
-6.2103935e-18  3.7760123e-16  7.7089192e-16  1.0000000   -8.5742692e-17  4.5206148e-17  -9.6768421e-16  1.0551128e-15  1.1883653e-15  5.8265702e-16  
-1.8855142e-16  4.6668297e-16  4.9848123e-16  -7.1310638e-17  1.0000000   -9.4757915e-16  1.0015385e-15  3.5210142e-16  -1.0925835e-15  -7.8024609e-16  
2.7564306e-16  1.3644684e-16  5.4023084e-16  4.5348715e-17  -9.4711158e-16  1.0000000   2.7191790e-16  -1.8922462e-16  3.1219602e-16  2.7755576e-16  
4.6294988e-16  1.7093125e-15  -2.9163288e-15  -9.8838797e-16  9.9785627e-16  2.5928695e-16  1.0000000   -5.3105183e-16  -1.0014132e-15  2.3852448e-17  
1.2390084e-17  1.8594682e-16  -4.7848939e-16  1.0638043e-15  3.1757342e-16  -1.8914849e-16  -5.4833198e-16  1.0000000   3.9836217e-16  -8.2891915e-16  
-2.2946266e-16  -1.4520618e-15  3.2773123e-15  1.2102506e-15  -1.0873644e-15  3.2067990e-16  -1.3855765e-17  3.8353156e-16  1.0000000   5.2692226e-16  
-4.5613359e-17  -8.9338259e-17  7.1085715e-16  5.8275316e-16  -7.7954136e-16  2.7755576e-16  2.4286129e-17  -8.2895388e-16  5.3256011e-16  1.0000000   
