1.0002000   1.9254252e-05  -3.6726595e-05  -7.5524865e-06  4.7599883e-05  -2.5063015e-05  -1.6098531e-05  1.0504075e-05  4.2773897e-05  -0.00010055400  
1.9254252e-05  1.0001010   6.4218992e-06  -3.9525292e-05  1.4572716e-05  -3.8889363e-10  -8.8579753e-10  8.8812546e-06  8.8044844e-10  -2.2866943e-09  
-3.6726595e-05  6.4218992e-06  1.0002200   5.5148890e-06  -1.6542526e-09  1.4574454e-05  6.7147569e-10  -3.2866801e-10  8.8805387e-06  3.7412380e-09  
-7.5524865e-06  -3.9525292e-05  5.5148890e-06  1.0002900   -9.3531993e-10  2.6959993e-10  1.4574675e-05  -4.3030547e-10  -2.7401407e-10  8.8834902e-06  
4.7599883e-05  1.4572716e-05  -1.6542526e-09  -9.3531993e-10  1.0001110   6.4214777e-06  -3.9526308e-05  5.3342816e-05  2.3781875e-09  -6.8935513e-09  
-2.5063015e-05  -3.8889363e-10  1.4574454e-05  2.6959993e-10  6.4214777e-06  1.0002300   5.5150703e-06  7.9350954e-11  5.3347592e-05  2.8138148e-09  
-1.6098531e-05  -8.8579753e-10  6.7147569e-10  1.4574675e-05  -3.9526308e-05  5.5150703e-06  1.0003000   -2.2772163e-09  -3.9432675e-10  5.3354016e-05  
1.0504075e-05  8.8812546e-06  -3.2866801e-10  -4.3030547e-10  5.3342816e-05  7.9350954e-11  -2.2772163e-09  1.0000510   6.4227343e-06  -3.9524227e-05  
4.2773897e-05  8.8044844e-10  8.8805387e-06  -2.7401407e-10  2.3781875e-09  5.3347592e-05  -3.9432675e-10  6.4227343e-06  1.0001700   5.5100358e-06  
-0.00010055400  -2.2866943e-09  3.7412380e-09  8.8834902e-06  -6.8935513e-09  2.8138148e-09  5.3354016e-05  -3.9524227e-05  5.5100358e-06  1.0002400   
