1.0000000   -3.5320499e-16  -2.4673030e-16  -2.1994820e-16  3.5193506e-16  3.1622227e-16  -2.9837159e-17  1.6466738e-16  5.1340069e-17  3.2961779e-16  
-3.5321050e-16  1.0000000   -2.4630806e-16  1.7404833e-16  -1.5009680e-16  -1.0332447e-16  -2.2898350e-16  -2.6553984e-17  -2.6541269e-16  -7.6327833e-17  
-2.4673131e-16  -2.4630733e-16  1.0000000   4.8690842e-17  -1.8192912e-16  1.4307147e-16  -4.8572257e-17  -2.6367797e-16  1.4344892e-16  9.7144515e-17  
-2.1994905e-16  1.7405172e-16  4.8690842e-17  1.0000000   -6.0715322e-17  -4.0635897e-16  -7.9498025e-16  2.3592239e-16  2.3158558e-16  8.1404854e-18  
3.5192904e-16  -1.5009499e-16  -1.8192912e-16  -6.0715322e-17  1.0000000   2.5963489e-16  3.3102048e-17  -4.7385906e-18  -4.2056202e-16  -4.5102810e-17  
3.1622423e-16  -1.0332447e-16  1.4307328e-16  -4.0635897e-16  2.5963562e-16  1.0000000   -3.9192892e-16  1.9342167e-16  3.4231452e-16  -4.5102810e-17  
-2.9837159e-17  -2.2898350e-16  -4.8572257e-17  -7.9497844e-16  3.3105436e-17  -3.9192892e-16  1.0000000   3.0878078e-16  -2.8406097e-17  6.3782987e-17  
1.6466664e-16  -2.6550987e-17  -2.6367797e-16  2.3592239e-16  -4.7374315e-18  1.9342167e-16  3.0878078e-16  1.0000000   -1.4048992e-16  -2.8934645e-18  
5.1339645e-17  -2.6541269e-16  1.4345191e-16  2.3158558e-16  -4.2056202e-16  3.4231568e-16  -2.8406097e-17  -1.4048920e-16  1.0000000   3.3078331e-17  
3.2960424e-16  -7.6327833e-17  9.7144515e-17  8.1434821e-18  -4.5102810e-17  -4.5102810e-17  6.3784146e-17  -2.8900764e-18  3.3078331e-17  1.0000000   
