1.0000000   2.1419382e-16  6.5202766e-16  -4.6809205e-16  6.2010770e-17  4.4572327e-16  -1.9691353e-16  8.8127328e-17  -1.5069810e-16  -6.3812752e-16  
2.1419381e-16  1.0000000   5.5687027e-16  9.2947309e-17  -2.7183461e-16  2.7335154e-16  1.9525671e-16  -5.7896226e-17  2.8126994e-16  1.0189651e-16  
6.5203277e-16  5.5687329e-16  1.0000000   6.8878419e-16  4.0380773e-16  -4.8214519e-16  8.5812045e-16  4.0194612e-16  5.3350623e-16  -3.6295875e-16  
-4.6810290e-16  9.2947293e-17  6.8879753e-16  1.0000000   -1.2433394e-16  -5.3514875e-16  1.3573499e-16  -3.2383567e-16  5.4649624e-16  8.4212270e-16  
6.2009818e-17  -2.7183467e-16  4.0380773e-16  -1.2433394e-16  1.0000000   -3.9690737e-17  1.7306732e-16  -9.1006001e-17  -4.9215846e-17  -3.0215735e-16  
4.4572530e-16  2.7335154e-16  -4.8214512e-16  -5.3514875e-16  -3.9695951e-17  1.0000000   5.8592749e-16  2.7423086e-16  -1.0747887e-16  1.2404219e-16  
-1.9691197e-16  1.9525671e-16  8.5812045e-16  1.3573508e-16  1.7306711e-16  5.8592837e-16  1.0000000   4.0739071e-17  -2.7210973e-16  8.3423428e-16  
8.8132168e-17  -5.7892898e-17  4.0194613e-16  -3.2383567e-16  -9.0999611e-17  2.7423086e-16  4.0739071e-17  1.0000000   3.3436316e-18  -7.6657541e-18  
-1.5069759e-16  2.8126994e-16  5.3350214e-16  5.4649624e-16  -4.9215846e-17  -1.0747277e-16  -2.7210973e-16  3.3392860e-18  1.0000000   -8.9482593e-16  
-6.3812244e-16  1.0189651e-16  -3.6295875e-16  8.4212354e-16  -3.0215735e-16  1.2404219e-16  8.3423936e-16  -7.6654364e-18  -8.9482593e-16  1.0000000   
