1.0000060   2.4491748e-05  -7.1695046e-06  6.1974586e-05  8.0697051e-06  -6.6323549e-05  -8.6865229e-05  1.6220816e-05  4.7818880e-05  -3.7062903e-05  
2.4491748e-05  1.0000290   2.3111331e-05  -1.4739700e-05  -8.1990994e-06  -1.8138625e-09  -2.0066044e-09  9.1805467e-06  1.3833219e-09  -1.0430525e-09  
-7.1695046e-06  2.3111331e-05  1.0000280   -7.0658793e-05  -2.4734805e-10  -8.1988132e-06  1.2021089e-09  9.5866418e-11  9.1797974e-06  -3.8291434e-10  
6.1974586e-05  -1.4739700e-05  -7.0658793e-05  1.0001080   6.2097775e-10  -3.5310179e-09  -8.2053281e-06  8.6994964e-10  2.3149021e-09  9.1785777e-06  
8.0697051e-06  -8.1990994e-06  -2.4734805e-10  6.2097775e-10  0.99988700  2.3107690e-05  -1.4739826e-05  3.1017016e-05  1.1027081e-09  -7.5629831e-10  
-6.6323549e-05  -1.8138625e-09  -8.1988132e-06  -3.5310179e-09  2.3107690e-05  0.99988599  -7.0642555e-05  -3.5898947e-10  3.1013682e-05  2.6659026e-10  
-8.6865229e-05  -2.0066044e-09  1.2021089e-09  -8.2053281e-06  -1.4739826e-05  -7.0642555e-05  0.99996599  -1.8662298e-09  -6.3453114e-09  3.1022554e-05  
1.6220816e-05  9.1805467e-06  9.5866418e-11  8.6994964e-10  3.1017016e-05  -3.5898947e-10  -1.8662298e-09  0.99998199  2.3111196e-05  -1.4741126e-05  
4.7818880e-05  1.3833219e-09  9.1797974e-06  2.3149021e-09  1.1027081e-09  3.1013682e-05  -6.3453114e-09  2.3111196e-05  0.99998098  -7.0656800e-05  
-3.7062903e-05  -1.0430525e-09  -3.8291434e-10  9.1785777e-06  -7.5629831e-10  2.6659026e-10  3.1022554e-05  -1.4741126e-05  -7.0656800e-05  1.0000610   
