1.0000000   -1.0679373e-16  -4.4286422e-16  3.3975047e-16  7.1856250e-17  -4.2099725e-16  -3.0898718e-16  -2.0688022e-17  -8.0954840e-17  4.2453291e-18  
-1.0680149e-16  1.0000000   3.6761003e-16  -1.6820593e-16  4.1292467e-16  -2.0431804e-17  -4.4383031e-17  2.0482722e-17  -2.2081117e-16  1.0119800e-16  
-4.4285646e-16  3.6761049e-16  1.0000000   -3.2300151e-17  1.1341266e-16  -1.6429507e-16  -4.6549007e-17  -6.7377631e-16  3.4975337e-16  -8.7012908e-16  
3.3974883e-16  -1.6820709e-16  -3.2296248e-17  1.0000000   2.0672420e-16  -2.8779176e-17  -1.4509085e-16  -2.3976457e-16  3.0645719e-16  4.2736116e-16  
7.1854436e-17  4.1293409e-16  1.1341266e-16  2.0672420e-16  1.0000000   1.3586119e-16  -5.9465183e-16  -1.6047242e-16  3.5594521e-17  2.9169757e-16  
-4.2098498e-16  -2.0431804e-17  -1.6428991e-16  -2.8779176e-17  1.3585998e-16  1.0000000   4.9936049e-17  3.4132946e-16  9.4684014e-17  -5.3562835e-17  
-3.0899070e-16  -4.4383031e-17  -4.6549007e-17  -1.4509082e-16  -5.9465141e-16  4.9949644e-17  1.0000000   -2.6593193e-16  -2.9828408e-16  -3.2858780e-16  
-2.0687297e-17  2.0487176e-17  -6.7377631e-16  -2.3976457e-16  -1.6047224e-16  3.4132946e-16  -2.6593193e-16  1.0000000   7.2085573e-16  -2.0138378e-16  
-8.0948830e-17  -2.2081117e-16  3.4975132e-16  3.0645719e-16  3.5594521e-17  9.4675632e-17  -2.9828408e-16  7.2085728e-16  1.0000000   -5.0391684e-17  
4.2487173e-18  1.0119800e-16  -8.7012908e-16  4.2736200e-16  2.9169757e-16  -5.3562834e-17  -3.2859457e-16  -2.0138420e-16  -5.0395072e-17  1.0000000   
