1.0000000   1.7727244e-16  -2.1012409e-16  -2.7307948e-16  -4.7023563e-16  4.2314285e-16  -1.0333882e-15  -3.3976221e-16  -8.5816015e-16  1.6054281e-16  
1.7727164e-16  1.0000000   -1.1938138e-16  9.8175537e-16  4.5914865e-17  -2.1687628e-17  -1.3165419e-16  -3.7244146e-17  -1.3219020e-16  4.8724471e-16  
-2.1012665e-16  -1.1938148e-16  1.0000000   -4.7375172e-16  -7.1837436e-17  -6.2281732e-16  -1.2636416e-16  3.9264665e-16  -7.6947369e-16  -1.1458671e-16  
-2.7308470e-16  9.8175614e-16  -4.7374466e-16  1.0000000   -1.9517847e-16  -5.4437482e-16  -8.1034925e-16  -1.4468800e-17  2.1133369e-16  -2.1261882e-16  
-4.7023904e-16  4.5905840e-17  -7.1837436e-17  -1.9517847e-16  1.0000000   9.2075969e-18  -4.9538229e-16  -1.9151712e-16  -1.8590853e-16  -1.1382846e-16  
4.2311886e-16  -2.1687629e-17  -6.2284228e-16  -5.4437482e-16  9.2070711e-18  1.0000000   -3.1215169e-16  -2.8674861e-16  -6.8659031e-16  2.2408700e-17  
-1.0333903e-15  -1.3165419e-16  -1.2636416e-16  -8.1034797e-16  -4.9538155e-16  -3.1215051e-16  1.0000000   -3.8171241e-16  6.8442504e-17  -3.6856098e-16  
-3.3976866e-16  -3.7238416e-17  3.9264665e-16  -1.4468801e-17  -1.9151066e-16  -2.8674860e-16  -3.8171241e-16  1.0000000   -1.4230269e-16  -1.4993838e-16  
-8.5815026e-16  -1.3219020e-16  -7.6947269e-16  2.1133369e-16  -1.8590853e-16  -6.8660584e-16  6.8442505e-17  -1.4230261e-16  1.0000000   1.8271856e-16  
1.6054154e-16  4.8724471e-16  -1.1458671e-16  -2.1261205e-16  -1.1382846e-16  2.2408701e-17  -3.6858808e-16  -1.4993754e-16  1.8271517e-16  1.0000000   
