1.0003000   -3.7843400e-05  -3.2651571e-06  5.8985816e-07  3.4199544e-05  6.1292153e-05  5.5408503e-06  1.8912627e-06  -2.0764394e-05  -1.3443409e-05  
-3.7843400e-05  1.0002840   4.6691482e-05  -5.6006403e-05  -7.0714397e-05  -5.6195612e-09  3.7496387e-09  -5.8626378e-06  5.1190613e-10  8.3683960e-10  
-3.2651571e-06  4.6691482e-05  1.0002300   4.3231916e-05  -3.4123868e-09  -7.0709485e-05  -3.0742814e-09  -2.7982688e-10  -5.8621818e-06  -2.0949634e-10  
5.8985816e-07  -5.6006403e-05  4.3231916e-05  1.0003300   3.9794273e-09  -3.0200522e-09  -7.0716353e-05  3.2936313e-10  -2.6562239e-10  -5.8628438e-06  
3.4199544e-05  -7.0714397e-05  -3.4123868e-09  3.9794273e-09  1.0001940   4.6689252e-05  -5.6001151e-05  1.6072954e-05  4.0332139e-11  -1.3595493e-09  
6.1292153e-05  -5.6195612e-09  -7.0709485e-05  -3.0200522e-09  4.6689252e-05  1.0001400   4.3228367e-05  8.6613674e-10  1.6070749e-05  -1.2906382e-10  
5.5408503e-06  3.7496387e-09  -3.0742814e-09  -7.0716353e-05  -5.6001151e-05  4.3228367e-05  1.0002400   -8.8945268e-10  5.7964664e-10  1.6073554e-05  
1.8912627e-06  -5.8626378e-06  -2.7982688e-10  3.2936313e-10  1.6072954e-05  8.6613674e-10  -8.8945268e-10  1.0002540   4.6689918e-05  -5.6004725e-05  
-2.0764394e-05  5.1190613e-10  -5.8621818e-06  -2.6562239e-10  4.0332139e-11  1.6070749e-05  5.7964664e-10  4.6689918e-05  1.0002000   4.3230900e-05  
-1.3443409e-05  8.3683960e-10  -2.0949634e-10  -5.8628438e-06  -1.3595493e-09  -1.2906382e-10  1.6073554e-05  -5.6004725e-05  4.3230900e-05  1.0003000   
