1.0000000   1.1815912e-16  -3.6287971e-16  1.6846961e-16  3.7955299e-16  3.5227799e-17  -1.0156394e-16  -6.9708700e-16  -5.7525985e-16  -4.5499899e-16  
1.1816749e-16  1.0000000   1.5942552e-16  -2.4080159e-16  5.5512802e-16  -2.7025074e-16  8.7050087e-16  -7.2797125e-16  4.6844592e-16  -1.5362808e-16  
-3.6287670e-16  1.5942544e-16  1.0000000   1.9011017e-16  -8.8317448e-17  -2.4570725e-16  -8.1345075e-16  5.9661111e-16  1.0366581e-15  -1.8606539e-16  
1.6847419e-16  -2.4080284e-16  1.9010855e-16  1.0000000   -7.6658657e-18  -8.6390505e-17  1.2033496e-16  -1.9732142e-16  3.3544398e-16  -3.2575532e-16  
3.7956071e-16  5.5513851e-16  -8.8317449e-17  -7.6658658e-18  1.0000000   2.4100809e-18  1.1526521e-16  -1.1074043e-16  -4.5149325e-16  4.1053848e-16  
3.5227595e-17  -2.7025074e-16  -2.4570585e-16  -8.6390505e-17  2.4098576e-18  1.0000000   2.1390707e-16  -3.7946716e-16  -3.2615080e-16  2.2930670e-16  
-1.0155842e-16  8.7050087e-16  -8.1345075e-16  1.2035426e-16  1.1526298e-16  2.1391733e-16  1.0000000   6.2863900e-16  3.9317125e-16  2.1408588e-16  
-6.9708820e-16  -7.2795384e-16  5.9661111e-16  -1.9732141e-16  -1.1074738e-16  -3.7946716e-16  6.2863900e-16  1.0000000   -2.4299764e-17  4.6207341e-17  
-5.7526095e-16  4.6844592e-16  1.0367001e-15  3.3544398e-16  -4.5149325e-16  -3.2615820e-16  3.9317125e-16  -2.4299733e-17  1.0000000   -8.7505280e-17  
-4.5500577e-16  -1.5362808e-16  -1.8606539e-16  -3.2571466e-16  4.1053848e-16  2.2930670e-16  2.1408250e-16  4.6193789e-17  -8.7501892e-17  1.0000000   
