1.0000000   4.8692233e-18  8.3100132e-17  6.5424825e-18  -9.1644171e-17  6.6367237e-18  -1.8451766e-17  -2.7457427e-17  -9.4097192e-17  -5.3125906e-18  
4.8566153e-18  1.0000000   -5.1653893e-17  -3.6217774e-16  1.4905227e-16  -1.5265567e-16  -1.3183898e-16  -7.7694789e-16  5.8286709e-16  1.5612511e-16  
8.3102923e-17  -5.1653647e-17  1.0000000   6.1252552e-16  3.0531133e-16  4.1966913e-16  1.6653345e-16  1.1102230e-16  1.5286390e-16  -4.8572257e-17  
6.5458706e-18  -3.6217774e-16  6.1252637e-16  1.0000000   -1.2836954e-16  -4.2934406e-16  7.0850059e-16  1.1275703e-16  -1.3704315e-16  -3.0813887e-16  
-9.1644086e-17  1.4905087e-16  3.0531133e-16  -1.2836954e-16  1.0000000   4.8264094e-16  7.7520455e-18  8.3471093e-16  -5.5511151e-17  -1.2490009e-16  
6.6367195e-18  -1.5265567e-16  4.1966773e-16  -4.2934406e-16  4.8264118e-16  1.0000000   2.0486551e-16  -2.2898350e-16  4.3225508e-16  -2.6020852e-17  
-1.8455154e-17  -1.3183898e-16  1.6653345e-16  7.0849919e-16  7.7520455e-18  2.0486635e-16  1.0000000   2.2204460e-16  2.2204460e-16  4.4613287e-16  
-2.7456565e-17  -7.7694362e-16  1.1102230e-16  1.1275703e-16  8.3471080e-16  -2.2898350e-16  2.2204460e-16  1.0000000   3.8572585e-18  4.7265794e-16  
-9.4097241e-17  5.8286709e-16  1.5286816e-16  -1.3704315e-16  -5.5511151e-17  4.3225495e-16  2.2204460e-16  3.8575038e-18  1.0000000   4.8242126e-16  
-5.3125906e-18  1.5612511e-16  -4.8572257e-17  -3.0813460e-16  -1.2490009e-16  -2.6020852e-17  4.4613274e-16  4.7265794e-16  4.8242211e-16  1.0000000   
