1.0000000   4.6374875e-16  -1.6317446e-16  5.7130178e-16  2.8604763e-16  -5.1627939e-17  1.2693434e-16  -1.7169173e-16  3.2312722e-16  -4.3126174e-16  
4.6375564e-16  1.0000000   -5.6289483e-16  -1.3279267e-15  -5.1598595e-16  4.5022255e-16  6.2378347e-17  2.9111572e-16  2.5835233e-16  5.2659177e-16  
-1.6317892e-16  -5.6289737e-16  1.0000000   1.3507250e-15  3.7518337e-16  2.4300350e-16  -2.4123196e-16  1.2632600e-16  7.2081216e-16  -1.8195482e-17  
5.7133093e-16  -1.3279267e-15  1.3507259e-15  1.0000000   1.3977567e-16  2.1318759e-16  -2.2767868e-16  1.9479420e-16  7.5446694e-17  1.5308088e-16  
2.8604773e-16  -5.1598662e-16  3.7518338e-16  1.3977567e-16  1.0000000   -3.3333667e-16  -4.9038867e-16  2.4506323e-16  -2.3856370e-17  -2.4774654e-16  
-5.1629351e-17  4.5022255e-16  2.4300470e-16  2.1318759e-16  -3.3334862e-16  1.0000000   4.8575597e-17  5.1607442e-16  -1.7210289e-16  5.2324223e-17  
1.2693456e-16  6.2378347e-17  -2.4123196e-16  -2.2767764e-16  -4.9038862e-16  4.8576418e-17  1.0000000   -5.7352088e-16  -5.7134764e-16  -2.4863128e-16  
-1.7169239e-16  2.9111027e-16  1.2632600e-16  1.9479420e-16  2.4507064e-16  5.1607442e-16  -5.7352088e-16  1.0000000   2.3136816e-16  -3.3069405e-16  
3.2312944e-16  2.5835233e-16  7.2080377e-16  7.5446694e-17  -2.3856370e-17  -1.7211865e-16  -5.7134764e-16  2.3137754e-16  1.0000000   7.8529949e-16  
-4.3126513e-16  5.2659177e-16  -1.8195481e-17  1.5307579e-16  -2.4774654e-16  5.2324223e-17  -2.4863128e-16  -3.3069405e-16  7.8529864e-16  1.0000000   
