1.0000000   -8.2789217e-17  -7.5467632e-17  3.5047259e-17  -1.9894281e-16  2.3772971e-16  -8.2345155e-17  1.4270217e-16  5.8862038e-18  -1.8718412e-16  
-8.2783404e-17  1.0000000   4.9012047e-16  -1.6699085e-16  1.1062613e-16  2.6367797e-16  -3.7816972e-16  -5.5860938e-17  -1.6826818e-16  2.6367797e-16  
-7.5472216e-17  4.9013125e-16  1.0000000   1.6158678e-16  1.3357371e-16  -1.3743933e-16  3.2959746e-16  -3.5388359e-16  -2.0851660e-16  1.9081958e-16  
3.5047259e-17  -1.6699085e-16  1.6158678e-16  1.0000000   -9.5409791e-17  -2.8883146e-16  9.5880977e-17  3.3827108e-16  4.8572257e-16  -3.8192338e-18  
-1.9894106e-16  1.1062211e-16  1.3357371e-16  -9.5409791e-17  1.0000000   7.3992065e-16  2.1898512e-16  3.4651682e-16  5.1694760e-16  -3.1225023e-17  
2.3772893e-16  2.6367797e-16  -1.3744335e-16  -2.8883146e-16  7.3993143e-16  1.0000000   1.9922215e-18  1.3183898e-16  -2.4714002e-17  -3.0531133e-16  
-8.2331602e-17  -3.7816972e-16  3.2959746e-16  9.5876960e-17  2.1898512e-16  1.9922215e-18  1.0000000   2.7061686e-16  9.7144515e-17  4.7835581e-16  
1.4270566e-16  -5.5860802e-17  -3.5388359e-16  3.3827108e-16  3.4651781e-16  1.3183898e-16  2.7061686e-16  1.0000000   2.0736054e-16  4.8982221e-17  
5.8881450e-18  -1.6826818e-16  -2.0851647e-16  4.8572257e-16  5.1694760e-16  -2.4713011e-17  9.7144515e-17  2.0737132e-16  1.0000000   -1.4719400e-16  
-1.8718242e-16  2.6367797e-16  1.9081958e-16  -3.8190975e-18  -3.1225023e-17  -3.0531133e-16  4.7835680e-16  4.8982221e-17  -1.4719400e-16  1.0000000   
