1.0000000   -1.5154041e-16  3.0373606e-16  1.9234216e-16  7.7022115e-17  4.4318649e-16  -3.3929778e-16  4.2342815e-17  3.4327233e-16  -1.1920125e-16  
-1.5154670e-16  1.0000000   -1.9201842e-15  -6.1706607e-16  -7.3938685e-17  -1.9508464e-17  1.2356938e-16  9.3089208e-17  -4.0049676e-16  1.8644910e-16  
3.0373983e-16  -1.9201653e-15  1.0000000   -2.6510284e-16  3.5168005e-16  -2.5715661e-16  -3.3189694e-16  -9.6946795e-17  -5.5993708e-18  -2.7279178e-16  
1.9234220e-16  -6.1706332e-16  -2.6512174e-16  1.0000000   3.7001574e-16  1.8721318e-16  1.3393906e-16  6.6915928e-16  3.4061718e-16  -1.8013511e-16  
7.7018981e-17  -7.3945260e-17  3.5168005e-16  3.7001574e-16  1.0000000   -4.5620608e-16  2.3936416e-16  5.5301146e-16  -5.3476994e-17  -1.2185934e-16  
4.4318731e-16  -1.9508464e-17  -2.5715595e-16  1.8721318e-16  -4.5620137e-16  1.0000000   -7.4416513e-17  -5.8333954e-16  5.9021052e-16  -8.6920448e-16  
-3.3929833e-16  1.2356938e-16  -3.3189694e-16  1.3394122e-16  2.3936425e-16  -7.4421640e-17  1.0000000   -3.7545299e-16  1.0103990e-16  4.3339627e-16  
4.2342014e-17  9.3093677e-17  -9.6946795e-17  6.6915928e-16  5.5300737e-16  -5.8333954e-16  -3.7545299e-16  1.0000000   3.4486337e-16  1.7084655e-17  
3.4327178e-16  -4.0049676e-16  -5.5985140e-18  3.4061718e-16  -5.3476994e-17  5.9020561e-16  1.0103990e-16  3.4487353e-16  1.0000000   2.0640160e-16  
-1.1926224e-16  1.8644910e-16  -2.7279178e-16  -1.8013341e-16  -1.2185934e-16  -8.6920448e-16  4.3341659e-16  1.7081266e-17  2.0639821e-16  1.0000000   
