1.0000000   1.6689703e-17  1.0947522e-16  -1.1459339e-16  -2.7258710e-16  -1.7123770e-16  -2.2406859e-16  -2.5807131e-17  8.0970209e-18  -3.1735953e-16  
1.6691658e-17  1.0000000   2.4146507e-16  -7.1665764e-17  -1.4064897e-16  -3.6429193e-16  -9.4325589e-17  2.6600369e-16  5.6551985e-16  7.6327833e-17  
1.0948523e-16  2.4146551e-16  1.0000000   5.4468765e-17  1.3877788e-16  6.9252573e-17  -2.3939184e-16  1.2490009e-16  -1.7461607e-16  -3.3306691e-16  
-1.1459339e-16  -7.1665764e-17  5.4468771e-17  1.0000000   5.9056492e-16  -1.3335687e-16  -4.4755611e-16  2.6319008e-16  2.0935944e-16  -1.6430974e-17  
-2.7258277e-16  -1.4064740e-16  1.3877788e-16  5.9056492e-16  1.0000000   1.7901502e-16  2.7159264e-17  8.1311336e-16  1.1102230e-16  -1.1796120e-16  
-1.7123773e-16  -3.6429193e-16  6.9254141e-17  -1.3335687e-16  1.7901546e-16  1.0000000   2.4095154e-16  -2.9143354e-16  4.0371862e-16  -1.5265567e-16  
-2.2406901e-16  -9.4325589e-17  -2.3939184e-16  -4.4755454e-16  2.7159264e-17  2.4095154e-16  1.0000000   2.5413699e-16  -3.3133218e-16  4.3581100e-16  
-2.5809525e-17  2.6599303e-16  1.2490009e-16  2.6319008e-16  8.1311871e-16  -2.9143354e-16  2.5413699e-16  1.0000000   -4.3029584e-17  4.9710670e-17  
8.1137769e-18  5.6551985e-16  -1.7462673e-16  2.0935944e-16  1.1102230e-16  4.0372397e-16  -3.3133218e-16  -4.3029144e-17  1.0000000   1.1968040e-17  
-3.1735783e-16  7.6327833e-17  -3.3306691e-16  -1.6441635e-17  -1.1796120e-16  -1.5265567e-16  4.3581635e-16  4.9710670e-17  1.1968046e-17  1.0000000   
