1.0000000   8.2368432e-17  8.9653602e-17  -1.7199152e-16  -2.0520707e-16  3.4873150e-16  7.9671713e-16  5.3205932e-16  9.6374012e-17  5.6605518e-16  
8.2366162e-17  1.0000000   1.0204321e-15  -5.0538990e-17  5.9293163e-16  4.4224957e-17  5.1703882e-17  8.1516655e-17  2.2691857e-16  1.5969120e-16  
8.9658147e-17  1.0204255e-15  1.0000000   4.9409929e-17  -3.4589359e-16  4.8355383e-16  -6.4416651e-16  5.3055803e-16  -1.4717955e-16  -7.6950424e-16  
-1.7198690e-16  -5.0540965e-17  4.9413820e-17  1.0000000   5.2308486e-16  6.6229454e-17  -5.2280967e-16  -2.2694821e-16  1.3915807e-17  -4.6503295e-16  
-2.0520132e-16  5.9293356e-16  -3.4589359e-16  5.2308486e-16  1.0000000   1.0103659e-15  -4.9815754e-16  6.1268387e-16  2.9662533e-16  2.4713334e-16  
3.4870085e-16  4.4224957e-17  4.8355335e-16  6.6229454e-17  1.0103699e-15  1.0000000   4.0371049e-16  -5.2886010e-16  4.2440209e-16  1.1157030e-16  
7.9671730e-16  5.1703883e-17  -6.4416651e-16  -5.2281336e-16  -4.9816078e-16  4.0371582e-16  1.0000000   -1.5999184e-16  -5.0400389e-16  -1.0559113e-16  
5.3205399e-16  8.1517076e-17  5.3055803e-16  -2.2694821e-16  6.1266690e-16  -5.2886010e-16  -1.5999184e-16  1.0000000   2.9837021e-16  1.2427837e-16  
9.6403080e-17  2.2691857e-16  -1.4717977e-16  1.3915807e-17  2.9662533e-16  4.2440340e-16  -5.0400389e-16  2.9836513e-16  1.0000000   3.0831999e-17  
5.6606195e-16  1.5969120e-16  -7.6950424e-16  -4.6503506e-16  2.4713334e-16  1.1157030e-16  -1.0560129e-16  1.2427244e-16  3.0840470e-17  1.0000000   
