1.0000000   -1.0232027e-16  7.1779719e-17  -1.1564287e-16  -1.0182907e-16  2.4165089e-17  4.0888313e-16  1.6685425e-16  8.8033899e-18  5.6422559e-17  
-1.0231921e-16  1.0000000   -4.9166141e-18  -8.4101901e-17  -3.8515856e-16  4.8312049e-16  2.0296265e-16  -6.1286515e-16  -4.2327253e-16  -3.3306691e-16  
7.1780404e-17  -4.9166495e-18  1.0000000   1.3207954e-16  2.6714742e-16  -6.0765268e-17  -3.9204751e-16  -1.1102230e-16  -5.9204847e-16  1.6653345e-16  
-1.1564244e-16  -8.4103595e-17  1.3208632e-16  1.0000000   -2.2764857e-16  -6.5692487e-16  -2.6587599e-16  -5.3068986e-16  -6.3696878e-17  -5.6797918e-16  
-1.0183019e-16  -3.8516416e-16  2.6714742e-16  -2.2764857e-16  1.0000000   3.2836713e-16  2.6143333e-16  3.8136191e-16  -9.1940344e-17  -9.7144515e-17  
2.4165047e-17  4.8312049e-16  -6.0770875e-17  -6.5692487e-16  3.2836710e-16  1.0000000   3.5802727e-16  -5.7939764e-16  7.0748993e-16  -2.4286129e-16  
4.0888313e-16  2.0296265e-16  -3.9204751e-16  -2.6588160e-16  2.6143164e-16  3.5803405e-16  1.0000000   6.9388939e-18  -6.2450045e-17  3.7789247e-16  
1.6685723e-16  -6.1287521e-16  -1.1102230e-16  -5.3068986e-16  3.8136206e-16  -5.7939764e-16  6.9388939e-18  1.0000000   3.1774195e-16  -6.7296768e-17  
8.8033176e-18  -4.2327253e-16  -5.9205853e-16  -6.3696878e-17  -9.1940344e-17  7.0749007e-16  -6.2450045e-17  3.1774192e-16  1.0000000   -1.7106339e-16  
5.6421712e-17  -3.3306691e-16  1.6653345e-16  -5.6798924e-16  -9.7144515e-17  -2.4286129e-16  3.7789261e-16  -6.7298462e-17  -1.7105661e-16  1.0000000   
