1.0000000   4.9533155e-17  2.5782138e-16  1.1592749e-16  5.9357012e-17  -1.3614812e-16  1.8158458e-16  1.9072909e-16  1.6152681e-16  3.1265341e-16  
4.9529309e-17  1.0000000   6.4052713e-16  1.0993989e-15  -2.2073113e-16  2.7704767e-16  5.0357500e-17  5.1558258e-17  1.2073930e-16  -1.1118358e-16  
2.5782244e-16  6.4052970e-16  1.0000000   -6.5700231e-16  -1.2384948e-16  -7.4369631e-16  1.3148166e-16  -6.9377518e-16  -2.7276755e-16  1.3057634e-16  
1.1593755e-16  1.0994036e-15  -6.5700566e-16  1.0000000   -6.4980378e-17  -2.9047348e-16  3.2069551e-16  -5.0285517e-16  1.1826167e-16  -1.6153935e-16  
5.9355257e-17  -2.2074041e-16  -1.2384948e-16  -6.4980378e-17  1.0000000   8.9253295e-17  1.0464311e-15  2.9511442e-16  -2.2645973e-16  -8.9153156e-16  
-1.3614013e-16  2.7704767e-16  -7.4370471e-16  -2.9047348e-16  8.9252348e-17  1.0000000   -1.9476290e-16  -1.0378070e-16  2.7948519e-16  -1.3795483e-17  
1.8161073e-16  5.0357500e-17  1.3148166e-16  3.2069696e-16  1.0464420e-15  -1.9477116e-16  1.0000000   -1.3496899e-16  5.6361387e-16  -5.3250590e-16  
1.9073546e-16  5.1546431e-17  -6.9377517e-16  -5.0285517e-16  2.9511737e-16  -1.0378070e-16  -1.3496899e-16  1.0000000   -2.6110100e-17  -5.0757602e-16  
1.6151956e-16  1.2073930e-16  -2.7277721e-16  1.1826167e-16  -2.2645973e-16  2.7947944e-16  5.6361387e-16  -2.6069554e-17  1.0000000   -1.6681297e-16  
3.1265680e-16  -1.1118358e-16  1.3057634e-16  -1.6153935e-16  -8.9153156e-16  -1.3795483e-17  -5.3250420e-16  -5.0757602e-16  -1.6680112e-16  1.0000000   
