1.0000000   1.5223248e-17  1.2059266e-17  -3.7442244e-17  1.7601115e-17  8.9527293e-19  5.0042707e-18  -1.1194163e-17  9.0339347e-18  -1.3845601e-17  
1.5225676e-17  1.0000000   5.8093115e-16  8.0292117e-16  8.9695202e-16  -8.3266727e-17  1.1102230e-16  4.3842417e-16  3.1225023e-17  -2.8449465e-16  
1.2061685e-17  5.8093125e-16  1.0000000   -4.2226286e-17  1.1102230e-16  -2.9653774e-16  3.4694470e-17  -1.3530843e-16  -1.2603937e-17  9.0205621e-17  
-3.7438856e-17  8.0291947e-16  -4.2226286e-17  1.0000000   -5.5511151e-17  -7.2164497e-16  1.8347020e-18  -1.5439039e-16  -1.0408341e-17  1.2617394e-16  
1.7599507e-17  8.9695191e-16  1.1102230e-16  -5.5511151e-17  1.0000000   6.7453005e-17  3.3107638e-16  2.4600267e-16  3.6776138e-16  -2.6367797e-16  
8.8769632e-19  -8.3266727e-17  -2.9653784e-16  -7.2164497e-16  6.7453100e-17  1.0000000   2.0223759e-17  -1.1449175e-16  -1.2869760e-16  -1.2490009e-16  
5.0008825e-18  1.1102230e-16  3.4694470e-17  1.8345982e-18  3.3107469e-16  2.0223759e-17  1.0000000   -9.1940344e-17  -1.4745150e-16  4.7498617e-16  
-1.1192083e-17  4.3842858e-16  -1.3530843e-16  -1.5439039e-16  2.4600687e-16  -1.1449175e-16  -9.1940344e-17  1.0000000   4.1960187e-16  5.6873350e-16  
9.0397225e-18  3.1225023e-17  -1.2599520e-17  -1.0408341e-17  3.6776138e-16  -1.2869340e-16  -1.4745150e-16  4.1960197e-16  1.0000000   -2.4692366e-16  
-1.3847295e-17  -2.8449465e-16  9.0205621e-17  1.2617836e-16  -2.6367797e-16  -1.2490009e-16  4.7499037e-16  5.6873180e-16  -2.4692366e-16  1.0000000   
