1.0000000   1.5798951e-16  2.7423705e-16  -1.8038915e-16  2.4887253e-16  6.4952935e-17  -9.9670544e-17  -5.1814669e-16  -1.8243984e-16  4.2311667e-16  
1.5798582e-16  1.0000000   1.0829481e-16  -5.5115906e-17  -2.5512057e-16  -1.0240971e-16  1.8415177e-16  -4.3505588e-17  2.2489811e-16  -3.8940125e-16  
2.7424149e-16  1.0829480e-16  1.0000000   4.2813287e-16  1.7209749e-16  -8.3008866e-16  9.5300326e-17  -2.1510027e-16  -5.3366378e-16  3.1287989e-16  
-1.8041763e-16  -5.5116061e-17  4.2813573e-16  1.0000000   3.3627979e-16  -2.6661734e-16  -4.2575774e-16  1.0417545e-16  4.6810258e-16  -7.4533140e-16  
2.4885178e-16  -2.5511900e-16  1.7209749e-16  3.3627979e-16  1.0000000   2.9616364e-16  2.2946157e-16  3.6680153e-16  2.0370985e-16  3.8095243e-16  
6.4932399e-17  -1.0240971e-16  -8.3009504e-16  -2.6661734e-16  2.9615997e-16  1.0000000   5.1394037e-16  1.6674160e-16  -1.3102989e-16  4.7137484e-16  
-9.9670855e-17  1.8415177e-16  9.5300326e-17  -4.2576093e-16  2.2946170e-16  5.1393129e-16  1.0000000   3.6274467e-16  6.7898334e-17  -4.1790234e-16  
-5.1813630e-16  -4.3507132e-17  -2.1510027e-16  1.0417545e-16  3.6681474e-16  1.6674160e-16  3.6274467e-16  1.0000000   6.8076233e-17  -8.8471342e-16  
-1.8244101e-16  2.2489811e-16  -5.3366447e-16  4.6810258e-16  2.0370986e-16  -1.3103102e-16  6.7898335e-17  6.8075129e-17  1.0000000   -2.9537733e-17  
4.2313700e-16  -3.8940125e-16  3.1287990e-16  -7.4534156e-16  3.8095243e-16  4.7137484e-16  -4.1790573e-16  -8.8471363e-16  -2.9547897e-17  1.0000000   
