1.0000000   -3.4547530e-16  -2.1562117e-16  5.0725387e-16  -2.7464344e-16  3.7437768e-16  3.5688307e-16  -2.6737216e-16  -5.2761662e-17  -1.2571663e-16  
-3.4547458e-16  1.0000000   -1.2423023e-16  -9.9148978e-16  -2.9248370e-16  2.8734844e-16  -7.5487512e-16  2.6770875e-16  -2.0409658e-16  1.0387095e-16  
-2.1561072e-16  -1.2424784e-16  1.0000000   -1.9617020e-16  1.3495896e-16  6.6060887e-17  -9.6101609e-16  1.8054712e-17  -2.5861862e-16  5.5985574e-16  
5.0726140e-16  -9.9149218e-16  -1.9616926e-16  1.0000000   -4.0371922e-16  -3.2413613e-16  1.0537227e-15  4.1000236e-17  3.6899145e-16  6.5526469e-17  
-2.7464396e-16  -2.9248332e-16  1.3495896e-16  -4.0371922e-16  1.0000000   -7.8905015e-17  -1.5905034e-16  1.4493196e-16  -3.9955551e-16  -5.2357262e-17  
3.7437287e-16  2.8734844e-16  6.6061755e-17  -3.2413613e-16  -7.8895115e-17  1.0000000   2.4834360e-16  -6.5907126e-16  -6.3763467e-16  6.3595135e-16  
3.5688647e-16  -7.5487512e-16  -9.6101609e-16  1.0537219e-15  -1.5905788e-16  2.4834537e-16  1.0000000   4.8038381e-16  -2.3331071e-16  2.0752307e-16  
-2.6737391e-16  2.6770537e-16  1.8054712e-17  4.1000236e-17  1.4493645e-16  -6.5907126e-16  4.8038381e-16  1.0000000   3.8087759e-16  7.5897540e-17  
-5.2757855e-17  -2.0409658e-16  -2.5862683e-16  3.6899145e-16  -3.9955551e-16  -6.3762296e-16  -2.3331071e-16  3.8088153e-16  1.0000000   -6.7141210e-16  
-1.2571324e-16  1.0387095e-16  5.5985574e-16  6.5533245e-17  -5.2357263e-17  6.3595135e-16  2.0753154e-16  7.5917869e-17  -6.7141252e-16  1.0000000   
