1.0000000   4.5295591e-16  1.1021354e-16  4.7898683e-16  2.3599634e-16  -1.1046831e-16  4.1277849e-16  2.4895351e-16  1.1030924e-16  2.4694927e-16  
4.5295264e-16  1.0000000   2.0988533e-17  4.9864653e-16  8.9731099e-16  9.3947630e-17  -1.4637992e-16  1.8010485e-16  -2.6751723e-16  1.8079088e-16  
1.1022654e-16  2.0988616e-17  1.0000000   -3.9903541e-16  7.6559319e-17  4.7487331e-16  -9.9059722e-16  -1.9557319e-16  5.7218512e-16  -3.2862208e-16  
4.7898806e-16  4.9864386e-16  -3.9903475e-16  1.0000000   9.2623776e-17  5.7196151e-16  -1.1360374e-17  -9.9146034e-16  -4.8391451e-16  -1.3624694e-16  
2.3599308e-16  8.9730683e-16  7.6559319e-17  9.2623776e-17  1.0000000   1.5645337e-16  4.8392576e-16  6.1714753e-16  4.4338083e-16  2.1349046e-16  
-1.1047094e-16  9.3947630e-17  4.7487473e-16  5.7196151e-16  1.5644959e-16  1.0000000   1.1476224e-16  -1.4329979e-16  -1.0945573e-16  -3.0491900e-16  
4.1278156e-16  -1.4637992e-16  -9.9059722e-16  -1.1357313e-17  4.8392473e-16  1.1476147e-16  1.0000000   6.3784771e-16  -4.4690914e-16  1.0810512e-16  
2.4895231e-16  1.8011487e-16  -1.9557319e-16  -9.9146034e-16  6.1715195e-16  -1.4329979e-16  6.3784770e-16  1.0000000   2.4902305e-16  -1.1873793e-16  
1.1030956e-16  -2.6751723e-16  5.7219192e-16  -4.8391451e-16  4.4338083e-16  -1.0945854e-16  -4.4690914e-16  2.4903117e-16  1.0000000   -5.1786451e-16  
2.4694931e-16  1.8079088e-16  -3.2862208e-16  -1.3623339e-16  2.1349046e-16  -3.0491900e-16  1.0812545e-16  -1.1873538e-16  -5.1786197e-16  1.0000000   
