1.0000000   -8.5973528e-17  4.5935481e-17  1.6495120e-16  3.7539744e-17  8.1573925e-17  1.5268298e-17  -5.2233159e-16  -4.3247186e-16  3.9245578e-17  
-8.5971793e-17  1.0000000   2.8019810e-16  -9.2911891e-17  4.7977835e-16  -5.4123372e-16  2.7755576e-16  -5.2012145e-16  -2.4633073e-16  -1.1102230e-16  
4.5935484e-17  2.8019175e-16  1.0000000   -4.9843823e-16  -1.0408341e-16  -1.7594713e-16  -2.2204460e-16  3.6429193e-16  3.1514791e-16  -4.8572257e-17  
1.6494103e-16  -9.2911468e-17  -4.9844162e-16  1.0000000   2.7755576e-16  3.1918912e-16  7.9335622e-18  5.4470317e-16  -2.5847380e-16  -8.5145363e-16  
3.7533683e-17  4.7977492e-16  -1.0408341e-16  2.7755576e-16  1.0000000   -2.4021895e-16  -1.4842304e-16  7.9655062e-17  -3.8163916e-17  -1.1102230e-16  
8.1561964e-17  -5.4123372e-16  -1.7595056e-16  3.1918912e-16  -2.4022529e-16  1.0000000   3.2035125e-16  2.9143354e-16  5.0619522e-18  -4.1633363e-16  
1.5268431e-17  2.7755576e-16  -2.2204460e-16  7.9301317e-18  -1.4842262e-16  3.2034786e-16  1.0000000   1.3877788e-17  7.6327833e-17  -4.5245029e-17  
-5.2233060e-16  -5.2012168e-16  3.6429193e-16  5.4470317e-16  7.9657060e-17  2.9143354e-16  1.3877788e-17  1.0000000   1.3881813e-16  -2.8026203e-16  
-4.3248529e-16  -2.4633073e-16  3.1514768e-16  -2.5847380e-16  -3.8163916e-17  5.0639505e-18  7.6327833e-17  1.3881179e-16  1.0000000   -1.0639073e-16  
3.9245578e-17  -1.1102230e-16  -4.8572257e-17  -8.5145386e-16  -1.1102230e-16  -4.1633363e-16  -4.5243030e-17  -2.8026160e-16  -1.0639411e-16  1.0000000   
