1.0000000   -5.8798315e-16  -4.9640143e-16  -3.9500538e-16  -1.3261740e-16  -2.5350350e-16  -2.9646755e-17  -2.3532344e-16  -1.2372849e-16  6.0950373e-17  
-5.8801157e-16  1.0000000   -7.6963681e-16  3.3037392e-16  3.7542758e-16  -2.3659885e-16  -4.8104308e-17  -8.5648750e-17  4.7028685e-16  2.8969872e-16  
-4.9640255e-16  -7.6964030e-16  1.0000000   -3.0708922e-16  3.7669841e-17  7.4652944e-16  1.9575688e-16  -6.3726390e-16  -3.1730317e-16  2.1097461e-16  
-3.9500607e-16  3.3037808e-16  -3.0708858e-16  1.0000000   3.8992407e-16  -5.3883606e-16  1.0766194e-16  6.7471614e-16  1.4522141e-17  -3.5046878e-16  
-1.3262192e-16  3.7542956e-16  3.7669841e-17  3.8992407e-16  1.0000000   -5.1565373e-17  -3.5821573e-16  -1.7380954e-16  -8.0149579e-17  -3.8491548e-17  
-2.5350805e-16  -2.3659885e-16  7.4652612e-16  -5.3883606e-16  -5.1569205e-17  1.0000000   9.8595960e-16  8.1541385e-17  -2.2008239e-16  -2.5427245e-16  
-2.9647935e-17  -4.8104308e-17  1.9575688e-16  1.0766261e-16  -3.5822182e-16  9.8596637e-16  1.0000000   4.4066774e-16  -2.4339788e-16  -9.8520943e-17  
-2.3531914e-16  -8.5647721e-17  -6.3726390e-16  6.7471614e-16  -1.7381011e-16  8.1541385e-17  4.4066774e-16  1.0000000   2.2340125e-17  8.9822762e-17  
-1.2372847e-16  4.7028685e-16  -3.1730277e-16  1.4522141e-17  -8.0149579e-17  -2.2008204e-16  -2.4339788e-16  2.2345964e-17  1.0000000   -6.0542358e-16  
6.0948679e-17  2.8969872e-16  2.1097461e-16  -3.5046856e-16  -3.8491548e-17  -2.5427245e-16  -9.8521155e-17  8.9824456e-17  -6.0542019e-16  1.0000000   
