1.0000000   5.7996825e-16  4.8587718e-16  -2.7601116e-16  -1.4965129e-16  5.7818690e-16  5.7772677e-16  6.4440255e-16  -1.6363355e-16  3.7564895e-16  
5.7997482e-16  1.0000000   -1.2835327e-16  2.9127414e-16  9.3403430e-16  3.8797716e-16  2.7982502e-16  -3.3831666e-16  -1.8072507e-16  2.9056432e-17  
4.8588778e-16  -1.2835297e-16  1.0000000   -2.0717062e-16  3.3816621e-16  -1.8735357e-16  4.8822292e-16  -8.0999491e-17  1.9615611e-16  2.8230282e-16  
-2.7600977e-16  2.9127441e-16  -2.0718174e-16  1.0000000   -2.1659775e-16  -3.6215789e-16  -1.4299651e-16  -2.9729421e-16  -4.3327828e-16  -4.8777239e-17  
-1.4964955e-16  9.3402933e-16  3.3816621e-16  -2.1659775e-16  1.0000000   -2.6978064e-16  -1.2606549e-17  3.8356362e-16  3.2369680e-17  -2.5699771e-16  
5.7820113e-16  3.8797716e-16  -1.8735139e-16  -3.6215789e-16  -2.6978052e-16  1.0000000   -4.4807126e-16  -2.3322764e-16  7.1909158e-16  1.1027198e-16  
5.7772006e-16  2.7982502e-16  4.8822292e-16  -1.4300076e-16  -1.2603254e-17  -4.4807093e-16  1.0000000   5.0367169e-16  2.6392345e-16  4.5289666e-16  
6.4440786e-16  -3.3831774e-16  -8.0999491e-17  -2.9729421e-16  3.8355686e-16  -2.3322764e-16  5.0367169e-16  1.0000000   -1.4989124e-17  3.5953499e-16  
-1.6363177e-16  -1.8072507e-16  1.9615073e-16  -4.3327828e-16  3.2369680e-17  7.1907958e-16  2.6392345e-16  -1.4988520e-17  1.0000000   -1.1013800e-16  
3.7564937e-16  2.9056432e-17  2.8230282e-16  -4.8773851e-17  -2.5699771e-16  1.1027198e-16  4.5288819e-16  3.5953245e-16  -1.1014139e-16  1.0000000   
