0.99993598  4.9142638e-05  -8.5832835e-06  -2.8090353e-05  1.7590547e-05  -1.5877741e-05  -1.2877389e-06  1.4366112e-05  5.5597214e-05  4.8009792e-05  
4.9142638e-05  0.99990599  -5.7083440e-05  6.2185615e-06  -6.6125215e-06  -4.0277650e-10  -1.0442569e-10  -8.0083174e-05  7.3042281e-09  1.8613150e-09  
-8.5832835e-06  -5.7083440e-05  0.99983999  3.0727205e-07  2.2655321e-10  -6.6128133e-06  9.0230312e-12  4.4485431e-09  -8.0079071e-05  -4.3669858e-10  
-2.8090353e-05  6.2185615e-06  3.0727205e-07  0.99986699  -5.3529506e-10  4.4400920e-10  -6.6130920e-06  -9.0173892e-10  -1.5864359e-09  -8.0082105e-05  
1.7590547e-05  -6.6125215e-06  2.2655321e-10  -5.3529506e-10  1.0000440   -5.7091175e-05  6.2207777e-06  4.3603310e-05  -1.5111801e-09  1.1158066e-09  
-1.5877741e-05  -4.0277650e-10  -6.6128133e-06  4.4400920e-10  -5.7091175e-05  0.99997797  3.0709374e-07  -2.7173442e-09  4.3599297e-05  -7.4894710e-10  
-1.2877389e-06  -1.0442569e-10  9.0230312e-12  -6.6130920e-06  6.2207777e-06  3.0709374e-07  1.0000050   2.5273300e-10  -5.8210536e-11  4.3601295e-05  
1.4366112e-05  -8.0083174e-05  4.4485431e-09  -9.0173892e-10  4.3603310e-05  -2.7173442e-09  2.5273300e-10  0.99997998  -5.7086444e-05  6.2210921e-06  
5.5597214e-05  7.3042281e-09  -8.0079071e-05  -1.5864359e-09  -1.5111801e-09  4.3599297e-05  -5.8210536e-11  -5.7086444e-05  0.99991398  3.0972303e-07  
4.8009792e-05  1.8613150e-09  -4.3669858e-10  -8.0082105e-05  1.1158066e-09  -7.4894710e-10  4.3601295e-05  6.2210921e-06  3.0972303e-07  0.99994098  
