1.0000000   7.4615870e-16  2.9943431e-16  -2.0863444e-16  1.7173051e-16  2.5403165e-17  2.4481675e-16  3.6979430e-16  7.5419506e-16  -2.8931935e-16  
7.4615852e-16  1.0000000   -3.6549883e-16  -4.5174678e-16  -2.4941125e-16  7.2539185e-16  1.2635880e-16  3.7884782e-16  -4.9796721e-16  1.0022548e-16  
2.9943568e-16  -3.6550176e-16  1.0000000   -2.9269214e-16  -1.0344662e-16  -8.6314766e-17  3.6466021e-16  2.5258116e-16  -3.2661615e-16  2.7739279e-16  
-2.0863921e-16  -4.5174508e-16  -2.9268631e-16  1.0000000   -3.4459854e-16  -3.9611017e-17  -8.5071829e-17  -6.0839448e-17  -1.8546080e-16  -1.3212655e-16  
1.7172016e-16  -2.4940976e-16  -1.0344662e-16  -3.4459854e-16  1.0000000   1.7972230e-17  2.2153337e-17  2.7436939e-16  8.7537648e-17  7.9514064e-17  
2.5403937e-17  7.2539185e-16  -8.6317284e-17  -3.9611017e-17  1.7970065e-17  1.0000000   -1.7986737e-16  4.0929226e-17  2.5919093e-16  -2.4103798e-16  
2.4483202e-16  1.2635880e-16  3.6466021e-16  -8.5045488e-17  2.2158711e-17  -1.7986373e-16  1.0000000   1.8580903e-16  2.0813041e-17  1.0283827e-16  
3.6979604e-16  3.7884670e-16  2.5258116e-16  -6.0839448e-17  2.7437243e-16  4.0929226e-17  1.8580903e-16  1.0000000   5.3534771e-16  -1.6071603e-17  
7.5417804e-16  -4.9796721e-16  -3.2661631e-16  -1.8546080e-16  8.7537648e-17  2.5918636e-16  2.0813041e-17  5.3534899e-16  1.0000000   3.1027156e-16  
-2.8931766e-16  1.0022548e-16  2.7739279e-16  -1.3212687e-16  7.9514064e-17  -2.4103798e-16  1.0283827e-16  -1.6073297e-17  3.1026478e-16  1.0000000   
