1.0000000   3.8709433e-17  7.7831242e-18  -5.3359339e-16  4.9279988e-16  9.0827580e-16  1.0143026e-16  1.6339706e-16  -3.5949883e-16  -1.2052262e-16  
3.8708376e-17  1.0000000   -5.2895639e-16  5.3924732e-16  -7.8042978e-17  3.7478831e-16  -6.4685230e-16  6.6485338e-16  -4.7378738e-16  -2.3758306e-16  
7.7839205e-18  -5.2896142e-16  1.0000000   4.8324766e-16  4.6999378e-16  -2.5489070e-16  9.4908282e-18  8.3222802e-17  2.4906340e-16  3.2011605e-18  
-5.3359383e-16  5.3924773e-16  4.8325092e-16  1.0000000   -2.5034053e-16  2.7648828e-16  -4.0571484e-16  -7.6169498e-17  -1.1442098e-16  -3.8895753e-17  
4.9277947e-16  -7.8042954e-17  4.6999378e-16  -2.5034053e-16  1.0000000   -1.9787833e-16  -1.4070347e-16  1.5323881e-16  -3.5820965e-17  7.4202523e-17  
9.0826865e-16  3.7478831e-16  -2.5490556e-16  2.7648828e-16  -1.9786977e-16  1.0000000   -5.3886906e-17  -2.9915498e-16  3.7681340e-16  1.3652079e-16  
1.0142738e-16  -6.4685230e-16  9.4908281e-18  -4.0570072e-16  -1.4071203e-16  -5.3884992e-17  1.0000000   -3.8292016e-16  -6.8837908e-16  -6.3733469e-16  
1.6339762e-16  6.6481543e-16  8.3222800e-17  -7.6169500e-17  1.5321734e-16  -2.9915499e-16  -3.8292016e-16  1.0000000   -1.4893020e-16  -2.6644268e-17  
-3.5949877e-16  -4.7378738e-16  2.4907092e-16  -1.1442098e-16  -3.5820966e-17  3.7679356e-16  -6.8837908e-16  -1.4893203e-16  1.0000000   -2.0165313e-16  
-1.2050568e-16  -2.3758306e-16  3.2011604e-18  -3.8868648e-17  7.4202523e-17  1.3652079e-16  -6.3730759e-16  -2.6644268e-17  -2.0165652e-16  1.0000000   
