1.0000380   -2.0194094e-06  1.3850399e-05  -4.5332627e-05  3.5414173e-05  -4.9355139e-05  9.1538515e-05  -3.0210628e-05  4.3805865e-06  5.0249443e-05  
-2.0194094e-06  1.0000380   2.0371839e-05  -4.4817143e-06  -1.1580514e-05  -1.3624184e-10  -1.3294739e-10  -3.2989626e-05  -6.8088184e-10  4.6377411e-11  
1.3850399e-05  2.0371839e-05  0.99993099  -1.8405666e-05  2.5457552e-10  -1.1579887e-05  1.4809272e-09  -1.0904493e-09  -3.2986096e-05  1.3031018e-09  
-4.5332627e-05  -4.4817143e-06  -1.8405666e-05  1.0000080   -1.5534572e-09  2.4504435e-09  -1.1584245e-05  1.5173228e-09  4.0857743e-10  -3.2990975e-05  
3.5414173e-05  -1.1580514e-05  2.5457552e-10  -1.5534572e-09  1.0001390   2.0372177e-05  -4.4790169e-06  -2.1322798e-05  -2.7921796e-10  1.8750311e-09  
-4.9355139e-05  -1.3624184e-10  -1.1579887e-05  2.4504435e-09  2.0372177e-05  1.0000320   -1.8411415e-05  1.0566462e-09  -2.1319663e-05  -2.0875617e-09  
9.1538515e-05  -1.3294739e-10  1.4809272e-09  -1.1584245e-05  -4.4790169e-06  -1.8411415e-05  1.0001090   -2.6697747e-09  7.9338947e-10  -2.1316489e-05  
-3.0210628e-05  -3.2989626e-05  -1.0904493e-09  1.5173228e-09  -2.1322798e-05  1.0566462e-09  -2.6697747e-09  1.0000380   2.0371735e-05  -4.4833239e-06  
4.3805865e-06  -6.8088184e-10  -3.2986096e-05  4.0857743e-10  -2.7921796e-10  -2.1319663e-05  7.9338947e-10  2.0371735e-05  0.99993099  -1.8404818e-05  
5.0249443e-05  4.6377411e-11  1.3031018e-09  -3.2990975e-05  1.8750311e-09  -2.0875617e-09  -2.1316489e-05  -4.4833239e-06  -1.8404818e-05  1.0000080   
