1.0000000   1.0178942e-16  3.8062555e-16  2.8507427e-16  -1.7187522e-16  3.0170566e-16  -2.5535967e-16  4.5309546e-16  -3.0324027e-17  -3.5787989e-17  
1.0178334e-16  1.0000000   -1.1514103e-16  4.2663710e-16  3.7978504e-16  -2.7311877e-16  4.1995632e-16  -4.5827219e-16  4.2217292e-16  4.2035544e-16  
3.8061601e-16  -1.1516118e-16  1.0000000   -3.8304607e-16  -2.1890440e-16  7.2930732e-16  -2.1856300e-16  1.1099620e-15  3.3109051e-16  4.8167678e-16  
2.8506783e-16  4.2665130e-16  -3.8305189e-16  1.0000000   -4.4122321e-16  1.5109832e-16  4.0398716e-16  -2.6202084e-16  6.6887836e-16  3.6566751e-16  
-1.7187869e-16  3.7977626e-16  -2.1890440e-16  -4.4122321e-16  1.0000000   4.3383959e-16  2.4988660e-17  -7.1079842e-16  8.9801479e-17  -4.2790602e-16  
3.0170667e-16  -2.7311877e-16  7.2930627e-16  1.5109832e-16  4.3386834e-16  1.0000000   3.7193966e-16  1.8614204e-16  -2.6907244e-16  6.1151984e-17  
-2.5535947e-16  4.1995632e-16  -2.1856300e-16  4.0398573e-16  2.4983395e-17  3.7194874e-16  1.0000000   1.9125981e-16  -1.0566725e-16  -8.5840627e-16  
4.5310122e-16  -4.5830663e-16  1.1099620e-15  -2.6202084e-16  -7.1079862e-16  1.8614204e-16  1.9125981e-16  1.0000000   -5.5563897e-17  1.0295211e-15  
-3.0317324e-17  4.2217292e-16  3.3109253e-16  6.6887836e-16  8.9801479e-17  -2.6907127e-16  -1.0566725e-16  -5.5543580e-17  1.0000000   2.7154860e-16  
-3.5789683e-17  4.2035544e-16  4.8167678e-16  3.6570817e-16  -4.2790602e-16  6.1151984e-17  -8.5840648e-16  1.0295109e-15  2.7154182e-16  1.0000000   
