1.0000000   -1.8870626e-16  -1.0583776e-16  -9.7885353e-17  -1.9436272e-17  8.8249167e-17  -6.0771731e-17  7.9497823e-16  -3.2021959e-16  1.9986251e-16  
-1.8870380e-16  1.0000000   1.9711649e-17  -8.0489844e-17  4.2814870e-16  -1.9204235e-16  -2.7699447e-16  2.7056028e-16  -1.1529115e-16  2.2174559e-16  
-1.0583917e-16  1.9711726e-17  1.0000000   -5.7151249e-16  2.6744023e-16  9.0271139e-17  -7.4977595e-16  1.8621357e-16  -4.8894918e-16  3.8624316e-17  
-9.7877429e-17  -8.0494438e-17  -5.7150938e-16  1.0000000   -4.5439983e-16  5.6893487e-17  4.5283786e-16  2.4599697e-16  7.3675577e-17  -1.8073820e-16  
-1.9436722e-17  4.2814893e-16  2.6744023e-16  -4.5439983e-16  1.0000000   5.9295295e-17  -7.4073522e-17  -6.5519659e-16  2.7574697e-16  -3.7516736e-16  
8.8248163e-17  -1.9204235e-16  9.0272411e-17  5.6893487e-17  5.9295236e-17  1.0000000   1.2736427e-16  3.2171942e-16  -6.2741967e-16  1.0563524e-16  
-6.0770553e-17  -2.7699447e-16  -7.4977595e-16  4.5283763e-16  -7.4078601e-17  1.2735601e-16  1.0000000   -7.0399305e-16  -2.9223161e-16  6.4417703e-16  
7.9497504e-16  2.7056198e-16  1.8621358e-16  2.4599697e-16  -6.5519004e-16  3.2171942e-16  -7.0399305e-16  1.0000000   3.0987381e-16  -1.3445632e-16  
-3.2021785e-16  -1.1529115e-16  -4.8895008e-16  7.3675578e-17  2.7574697e-16  -6.2743018e-16  -2.9223161e-16  3.0987362e-16  1.0000000   -9.0076872e-17  
1.9986335e-16  2.2174559e-16  3.8624315e-17  -1.8074158e-16  -3.7516736e-16  1.0563524e-16  6.4416517e-16  -1.3445801e-16  -9.0090424e-17  1.0000000   
