1.0000000   1.0073191e-16  4.1901293e-17  -9.8817755e-17  -8.9830975e-16  4.9297071e-16  1.4773464e-16  -4.1790270e-17  -5.0408175e-16  -3.8828160e-16  
1.0073134e-16  1.0000000   5.4824829e-16  -1.8517309e-16  4.7966806e-16  -2.2812032e-16  -2.4905792e-17  3.5754256e-16  -1.4600867e-17  7.7876478e-17  
4.1901592e-17  5.4824341e-16  1.0000000   8.4071036e-16  5.1733370e-16  -2.5861696e-16  -6.5504256e-17  7.1171794e-16  6.7372268e-17  3.9438765e-16  
-9.8816991e-17  -1.8517288e-16  8.4071472e-16  1.0000000   4.7112008e-16  -3.6597559e-16  2.3864594e-16  4.7129794e-16  -6.9065325e-16  -3.6978706e-17  
-8.9830044e-16  4.7966749e-16  5.1733370e-16  4.7112008e-16  1.0000000   -1.0047530e-16  1.2886427e-16  -7.0014797e-16  -1.6353833e-17  -2.9877588e-16  
4.9297206e-16  -2.2812032e-16  -2.5861806e-16  -3.6597559e-16  -1.0047589e-16  1.0000000   -3.8596886e-16  1.7544540e-16  -6.6420312e-16  -3.8080047e-16  
1.4774821e-16  -2.4905792e-17  -6.5504256e-17  2.3864565e-16  1.2886415e-16  -3.8597394e-16  1.0000000   -1.2354553e-16  -5.8200956e-16  -7.6151650e-17  
-4.1789482e-17  3.5754262e-16  7.1171794e-16  4.7129794e-16  -7.0014779e-16  1.7544540e-16  -1.2354553e-16  1.0000000   3.0822881e-16  2.1688194e-16  
-5.0408159e-16  -1.4600867e-17  6.7371903e-17  -6.9065325e-16  -1.6353833e-17  -6.6421096e-16  -5.8200956e-16  3.0822949e-16  1.0000000   3.7493066e-16  
-3.8827990e-16  7.7876478e-17  3.9438765e-16  -3.6979129e-17  -2.9877588e-16  -3.8080047e-16  -7.6141486e-17  2.1687855e-16  3.7491711e-16  1.0000000   
