1.0000800   4.1361245e-05  2.5428552e-05  2.1140990e-05  -3.9309455e-05  6.2395873e-05  4.3290412e-05  6.8749680e-05  2.3525075e-05  -3.1659487e-05  
4.1361245e-05  0.99993197  8.6213525e-06  6.6842790e-06  -3.3632087e-05  2.2906402e-09  1.5656209e-09  -3.7206366e-05  6.5217216e-10  -1.5580722e-09  
2.5428552e-05  8.6213525e-06  1.0001100   1.7589099e-05  -1.2894270e-09  -3.3634862e-05  5.0917277e-10  1.4272886e-09  -3.7215235e-05  -1.4594915e-09  
2.1140990e-05  6.6842790e-06  1.7589099e-05  1.0000530   -1.0557556e-09  7.2745337e-10  -3.3633616e-05  1.2046190e-09  -1.5719738e-10  -3.7214382e-05  
-3.9309455e-05  -3.3632087e-05  -1.2894270e-09  -1.0557556e-09  0.99995198  8.6180207e-06  6.6818367e-06  7.3883523e-05  -2.8771911e-10  1.7382628e-09  
6.2395873e-05  2.2906402e-09  -3.3634862e-05  7.2745337e-10  8.6180207e-06  1.0001300   1.7591614e-05  4.9263181e-09  7.3900846e-05  -6.7562254e-10  
4.3290412e-05  1.5656209e-09  5.0917277e-10  -3.3633616e-05  6.6818367e-06  1.7591614e-05  1.0000730   3.4698091e-09  2.3179696e-09  7.3893796e-05  
6.8749680e-05  -3.7206366e-05  1.4272886e-09  1.2046190e-09  7.3883523e-05  4.9263181e-09  3.4698091e-09  0.99993198  8.6219181e-06  6.6812282e-06  
2.3525075e-05  6.5217216e-10  -3.7215235e-05  -1.5719738e-10  -2.8771911e-10  7.3900846e-05  2.3179696e-09  8.6219181e-06  1.0001100   1.7587817e-05  
-3.1659487e-05  -1.5580722e-09  -1.4594915e-09  -3.7214382e-05  1.7382628e-09  -6.7562254e-10  7.3893796e-05  6.6812282e-06  1.7587817e-05  1.0000530   
