0.99993599  3.9476611e-05  4.0844553e-05  -1.1668035e-05  -5.2075926e-05  -1.0331260e-05  -3.9887259e-05  5.3198353e-05  -4.0939318e-05  2.9727993e-05  
3.9476611e-05  0.99986899  5.0785850e-05  2.0084051e-05  -1.2911470e-06  -4.7334333e-10  -1.6006088e-09  1.9630597e-05  -6.1930013e-10  1.5679160e-09  
4.0844553e-05  5.0785850e-05  0.99989599  3.9826264e-05  -2.1926282e-09  -1.2895479e-06  -1.6806286e-09  3.1699509e-09  1.9627354e-05  1.9961458e-09  
-1.1668035e-05  2.0084051e-05  3.9826264e-05  0.99984100  5.8176845e-10  6.9206198e-11  -1.2885895e-06  -2.2647954e-10  1.2595534e-09  1.9627600e-05  
-5.2075926e-05  -1.2911470e-06  -2.1926282e-09  5.8176845e-10  0.99994399  5.0788584e-05  2.0088095e-05  3.9337243e-05  4.1302037e-09  -7.5798341e-10  
-1.0331260e-05  -4.7334333e-10  -1.2895479e-06  6.9206198e-11  5.0788584e-05  0.99997099  3.9830140e-05  1.4484731e-09  3.9341499e-05  1.2598425e-09  
-3.9887259e-05  -1.6006088e-09  -1.6806286e-09  -1.2885895e-06  2.0088095e-05  3.9830140e-05  0.99991599  -1.3318439e-09  3.2000515e-09  3.9337726e-05  
5.3198353e-05  1.9630597e-05  3.1699509e-09  -2.2647954e-10  3.9337243e-05  1.4484731e-09  -1.3318439e-09  0.99997599  5.0787493e-05  2.0088242e-05  
-4.0939318e-05  -6.1930013e-10  1.9627354e-05  1.2595534e-09  4.1302037e-09  3.9341499e-05  3.2000515e-09  5.0787493e-05  1.0000030   3.9829786e-05  
2.9727993e-05  1.5679160e-09  1.9961458e-09  1.9627600e-05  -7.5798341e-10  1.2598425e-09  3.9337726e-05  2.0088242e-05  3.9829786e-05  0.99994799  
