1.0000000   -1.0385373e-16  -1.2621176e-16  -2.7213629e-16  4.1478324e-16  5.5979193e-16  -1.2981736e-16  4.1166107e-16  -2.5603239e-18  -2.6380333e-16  
-1.0385656e-16  1.0000000   -5.6311234e-16  -2.8343840e-16  6.9933375e-17  7.0614840e-16  2.6986239e-16  -1.7095798e-16  -6.0845632e-16  4.5839945e-16  
-1.2621287e-16  -5.6310987e-16  1.0000000   2.8796152e-16  3.3095084e-16  3.1223343e-16  -2.1858384e-16  5.4497555e-16  1.2319061e-16  -4.1099377e-17  
-2.7213697e-16  -2.8343855e-16  2.8796157e-16  1.0000000   2.7671078e-16  6.4390389e-16  5.8208373e-18  -5.7705134e-16  -2.6066043e-16  1.5194077e-16  
4.1477749e-16  6.9936386e-17  3.3095084e-16  2.7671078e-16  1.0000000   -9.0024521e-17  4.6080938e-17  -2.2398517e-16  3.2973557e-17  1.4394808e-16  
5.5979358e-16  7.0614840e-16  3.1223045e-16  6.4390389e-16  -9.0035263e-17  1.0000000   -3.4562640e-16  -7.9776932e-18  3.5651198e-16  -1.3940376e-17  
-1.2981396e-16  2.6986239e-16  -2.1858384e-16  5.8233725e-18  4.6081058e-17  -3.4562313e-16  1.0000000   2.0130840e-16  -5.3307894e-16  4.9520257e-16  
4.1165355e-16  -1.7094544e-16  5.4497555e-16  -5.7705134e-16  -2.2395628e-16  -7.9776932e-18  2.0130840e-16  1.0000000   -4.6004299e-16  2.2746699e-16  
-2.5756103e-18  -6.0845632e-16  1.2318696e-16  -2.6066042e-16  3.2973556e-17  3.5650172e-16  -5.3307894e-16  -4.6005786e-16  1.0000000   -1.2446302e-16  
-2.6380164e-16  4.5839945e-16  -4.1099377e-17  1.5194246e-16  1.4394808e-16  -1.3940376e-17  4.9524322e-16  2.2746752e-16  -1.2446472e-16  1.0000000   
