1.0000000   -8.0205449e-17  -2.0935203e-17  3.2112384e-16  2.5298009e-16  -2.9169266e-16  -4.1275937e-16  6.9480740e-17  5.7915369e-17  3.0729678e-16  
-8.0201834e-17  1.0000000   -1.0059818e-16  -1.6994065e-16  -5.1912305e-17  -6.9441064e-16  6.4015988e-16  -8.0602451e-17  -2.7764540e-16  -6.4588442e-17  
-2.0933882e-17  -1.0059697e-16  1.0000000   7.5480479e-18  -3.1138743e-16  3.5908740e-16  -2.6150943e-16  1.5811980e-17  -2.2097763e-16  -4.1278743e-16  
3.2111928e-16  -1.6994932e-16  7.5321732e-18  1.0000000   2.0458878e-16  1.1685185e-18  1.5968250e-16  -3.5986628e-17  -2.9417778e-16  -2.2638395e-16  
2.5297978e-16  -5.1906643e-17  -3.1138743e-16  2.0458878e-16  1.0000000   4.5827439e-17  4.7312369e-16  2.4021295e-17  -3.5496690e-16  -2.9813755e-16  
-2.9168792e-16  -6.9441064e-16  3.5908652e-16  1.1685191e-18  4.5821524e-17  1.0000000   9.6357343e-16  8.0882305e-17  2.2703707e-16  -9.9475136e-16  
-4.1275998e-16  6.4015988e-16  -2.6150943e-16  1.5968224e-16  4.7311851e-16  9.6356215e-16  1.0000000   6.0187904e-17  -4.6647837e-16  -2.3489409e-16  
6.9488076e-17  -8.0597674e-17  1.5811980e-17  -3.5986629e-17  2.4022862e-17  8.0882305e-17  6.0187904e-17  1.0000000   -8.1406457e-16  -5.4852498e-16  
5.7925093e-17  -2.7764540e-16  -2.2097797e-16  -2.9417778e-16  -3.5496690e-16  2.2703795e-16  -4.6647837e-16  -8.1406967e-16  1.0000000   -9.8660365e-16  
3.0731033e-16  -6.4588442e-17  -4.1278743e-16  -2.2638734e-16  -2.9813755e-16  -9.9475136e-16  -2.3489748e-16  -5.4852498e-16  -9.8659687e-16  1.0000000   
