1.0000000   2.6597920e-16  3.2969155e-16  1.5714953e-16  9.6834013e-16  3.2805425e-16  -4.8773418e-16  -3.4638899e-16  4.9798085e-16  -3.2572144e-16  
2.6596663e-16  1.0000000   -8.8044054e-16  7.3531674e-16  -2.0836088e-15  -1.3381311e-15  1.0909434e-16  3.0719711e-16  1.1754476e-16  -1.2086208e-16  
3.2969097e-16  -8.8042797e-16  1.0000000   -3.2395762e-16  -5.4823638e-16  -7.5090210e-16  -2.9576514e-17  1.4287081e-16  1.7897102e-16  -2.9342216e-16  
1.5714780e-16  7.3531933e-16  -3.2396266e-16  1.0000000   1.8478143e-16  2.5980052e-16  -6.1633372e-16  4.8043745e-16  -8.5233865e-17  2.1101200e-16  
9.6835146e-16  -2.0836101e-15  -5.4823638e-16  1.8478143e-16  1.0000000   -6.8128634e-16  8.3353249e-16  3.2575627e-16  -2.3134699e-16  9.8744574e-16  
3.2805868e-16  -1.3381311e-15  -7.5090312e-16  2.5980052e-16  -6.8128896e-16  1.0000000   1.5528348e-17  -4.2919576e-16  -1.9028945e-16  7.6270100e-17  
-4.8773290e-16  1.0909434e-16  -2.9576514e-17  -6.1633163e-16  8.3353295e-16  1.5529603e-17  1.0000000   3.8468700e-17  4.0779199e-16  -4.4609837e-17  
-3.4639752e-16  3.0718952e-16  1.4287081e-16  4.8043745e-16  3.2575796e-16  -4.2919576e-16  3.8468700e-17  1.0000000   -6.1971332e-16  4.5173284e-16  
4.9797847e-16  1.1754476e-16  1.7897352e-16  -8.5233865e-17  -2.3134699e-16  -1.9028955e-16  4.0779199e-16  -6.1971760e-16  1.0000000   -1.0270173e-15  
-3.2571466e-16  -1.2086208e-16  -2.9342216e-16  2.1101708e-16  9.8744574e-16  7.6270099e-17  -4.4609414e-17  4.5173199e-16  -1.0270190e-15  1.0000000   
