0.99999198  -3.5909770e-05  -2.3368959e-06  -2.2528622e-05  6.3225736e-05  2.9854917e-05  -4.2220858e-05  6.2539760e-05  -6.0185002e-05  3.7144409e-06  
-3.5909770e-05  0.99982598  -3.4205455e-05  3.2139930e-05  4.9304893e-06  -1.2408489e-09  1.6747156e-09  -4.6097136e-05  3.7382219e-09  -1.6150929e-09  
-2.3368959e-06  -3.4205455e-05  0.99993198  -3.2782604e-06  -3.1651022e-10  4.9332129e-06  8.2492598e-11  1.4308249e-09  -4.6099636e-05  1.4245945e-10  
-2.2528622e-05  3.2139930e-05  -3.2782604e-06  0.99984099  -1.2658380e-09  -6.8876948e-10  4.9337850e-06  -2.8906530e-09  1.5070358e-09  -4.6095666e-05  
6.3225736e-05  4.9304893e-06  -3.1651022e-10  -1.2658380e-09  0.99991498  -3.4206696e-05  3.2139312e-05  -7.6443977e-05  -1.1898737e-09  -2.2225468e-09  
2.9854917e-05  -1.2408489e-09  4.9332129e-06  -6.8876948e-10  -3.4206696e-05  1.0000210   -3.2798654e-06  4.4825322e-09  -7.6457833e-05  3.6155909e-10  
-4.2220858e-05  1.6747156e-09  8.2492598e-11  4.9337850e-06  3.2139312e-05  -3.2798654e-06  0.99992998  -5.0979005e-09  2.7917467e-09  -7.6449236e-05  
6.2539760e-05  -4.6097136e-05  1.4308249e-09  -2.8906530e-09  -7.6443977e-05  4.4825322e-09  -5.0979005e-09  0.99995098  -3.4213579e-05  3.2143371e-05  
-6.0185002e-05  3.7382219e-09  -4.6099636e-05  1.5070358e-09  -1.1898737e-09  -7.6457833e-05  2.7917467e-09  -3.4213579e-05  1.0000570   -3.2789465e-06  
3.7144409e-06  -1.6150929e-09  1.4245945e-10  -4.6095666e-05  -2.2225468e-09  3.6155909e-10  -7.6449236e-05  3.2143371e-05  -3.2789465e-06  0.99996598  
