1.0000000   6.0162201e-16  2.4397014e-16  -5.7515410e-17  -3.4785764e-16  -4.6027708e-16  -1.7135756e-16  3.4138192e-16  -4.4806233e-16  -4.9692374e-16  
6.0162894e-16  1.0000000   2.2355352e-16  4.0890664e-17  4.9812385e-16  5.1002721e-16  -5.5735058e-16  2.8467159e-17  3.8276047e-16  -1.0876793e-16  
2.4396300e-16  2.2355151e-16  1.0000000   -3.9624235e-16  3.2155262e-17  6.2354481e-16  -5.2484594e-16  -1.5032546e-16  -6.9675953e-16  -2.9057185e-16  
-5.7512999e-17  4.0892207e-17  -3.9624853e-16  1.0000000   2.3455417e-17  -8.9535779e-16  1.5241832e-17  -2.7447783e-16  -5.9560456e-16  4.7619345e-16  
-3.4785364e-16  4.9810771e-16  3.2155262e-17  2.3455416e-17  1.0000000   -1.8872159e-16  3.1482292e-16  -5.5490693e-17  3.2715579e-19  -6.4737395e-16  
-4.6027730e-16  5.1002721e-16  6.2355100e-16  -8.9535779e-16  -1.8871608e-16  1.0000000   -1.9823404e-16  1.4883921e-17  3.6895875e-16  -5.9649513e-17  
-1.7135647e-16  -5.5735058e-16  -5.2484594e-16  1.5235203e-17  3.1481867e-16  -1.9823385e-16  1.0000000   -2.3762966e-16  -5.5997347e-16  2.8330626e-16  
3.4138483e-16  2.8469667e-17  -1.5032546e-16  -2.7447783e-16  -5.5487681e-17  1.4883921e-17  -2.3762966e-16  1.0000000   -4.6323252e-16  1.2803225e-15  
-4.4806198e-16  3.8276047e-16  -6.9675891e-16  -5.9560456e-16  3.2715578e-19  3.6896330e-16  -5.5997347e-16  -4.6323115e-16  1.0000000   1.1457916e-15  
-4.9691696e-16  -1.0876793e-16  -2.9057185e-16  4.7619345e-16  -6.4737395e-16  -5.9649513e-17  2.8330457e-16  1.2803123e-15  1.1457984e-15  1.0000000   
