1.0000000   -2.1470740e-16  3.6150955e-16  2.7496189e-17  2.5706060e-16  7.0202233e-17  5.6434422e-16  -1.0635586e-15  -1.4642448e-15  -8.8539507e-17  
-2.1470369e-16  1.0000000   -7.3370723e-16  -4.0444069e-17  9.3716305e-16  7.0800334e-17  -2.8859081e-17  1.2675442e-16  -1.5081968e-16  2.6410430e-16  
3.6150972e-16  -7.3371955e-16  1.0000000   6.3263606e-17  3.3488942e-16  7.8620507e-16  -3.0269846e-16  -2.5922400e-16  -4.0674707e-16  -9.2169524e-17  
2.7496589e-17  -4.0445095e-17  6.3262187e-17  1.0000000   -1.6261862e-16  6.6346419e-17  6.3405330e-16  2.2549402e-16  -3.6700691e-17  1.1108668e-16  
2.5707109e-16  9.3716690e-16  3.3488942e-16  -1.6261862e-16  1.0000000   -4.6069497e-16  4.2798785e-16  -5.6134435e-16  -2.6674146e-16  -3.4354277e-16  
7.0203939e-17  7.0800334e-17  7.8619527e-16  6.6346419e-17  -4.6069510e-16  1.0000000   3.3732247e-16  -2.2424116e-16  -3.3335331e-16  -5.7620115e-17  
5.6433939e-16  -2.8859081e-17  -3.0269846e-16  6.3404674e-16  4.2798331e-16  3.3731908e-16  1.0000000   4.0710216e-16  -6.2809608e-16  6.3876449e-17  
-1.0635519e-15  1.2676253e-16  -2.5922400e-16  2.2549402e-16  -5.6133685e-16  -2.2424116e-16  4.0710216e-16  1.0000000   -2.7465444e-17  2.6560582e-16  
-1.4642366e-15  -1.5081968e-16  -4.0675268e-16  -3.6700692e-17  -2.6674146e-16  -3.3336099e-16  -6.2809608e-16  -2.7468912e-17  1.0000000   5.6107124e-16  
-8.8534848e-17  2.6410430e-16  -9.2169523e-17  1.1107651e-16  -3.4354277e-16  -5.7620115e-17  6.3862896e-17  2.6560582e-16  5.6106785e-16  1.0000000   
