1.0000000   -6.9984188e-17  -4.0740261e-16  7.5918933e-17  2.6955599e-16  1.2296352e-17  -3.9462333e-16  -4.9380323e-16  -2.0177051e-16  2.1850189e-16  
-6.9989830e-17  1.0000000   1.0366676e-17  -1.7507946e-16  5.1580831e-17  -1.5832404e-16  -3.6492394e-16  2.8388563e-16  -1.8798136e-16  9.2020162e-16  
-4.0740495e-16  1.0360427e-17  1.0000000   -1.3092531e-16  -1.8354102e-16  2.6330906e-16  -5.2444412e-17  2.6840564e-16  -2.1055502e-16  4.6129428e-16  
7.5911455e-17  -1.7508369e-16  -1.3092501e-16  1.0000000   -6.2406757e-16  3.3002711e-16  2.4736614e-16  3.1929259e-16  1.4984553e-16  -3.2284576e-16  
2.6955767e-16  5.1591974e-17  -1.8354102e-16  -6.2406757e-16  1.0000000   2.6562642e-16  -3.2502092e-16  -4.0852111e-17  1.3683361e-16  2.3010456e-16  
1.2296329e-17  -1.5832404e-16  2.6334730e-16  3.3002711e-16  2.6563374e-16  1.0000000   -7.1742048e-16  -2.6801545e-16  1.0693050e-16  -5.1900401e-16  
-3.9462109e-16  -3.6492394e-16  -5.2444411e-17  2.4736801e-16  -3.2501938e-16  -7.1740964e-16  1.0000000   -3.3756914e-16  3.8534493e-16  1.4372455e-16  
-4.9380422e-16  2.8388721e-16  2.6840563e-16  3.1929259e-16  -4.0855713e-17  -2.6801545e-16  -3.3756914e-16  1.0000000   3.3708074e-16  -1.6670625e-15  
-2.0177612e-16  -1.8798136e-16  -2.1055536e-16  1.4984553e-16  1.3683360e-16  1.0693181e-16  3.8534493e-16  3.3708038e-16  1.0000000   -7.3168061e-16  
2.1849977e-16  9.2020162e-16  4.6129428e-16  -3.2284830e-16  2.3010456e-16  -5.1900401e-16  1.4372455e-16  -1.6670286e-15  -7.3170094e-16  1.0000000   
