1.0000000   -5.0759922e-16  4.1372615e-17  4.1545272e-17  1.3293432e-16  -1.6282096e-16  1.5309951e-16  -4.7620980e-17  5.1391197e-17  -1.4182381e-16  
-5.0760917e-16  1.0000000   7.8802615e-17  -9.7369825e-17  1.5924443e-16  1.3877788e-17  -3.0531133e-16  -7.5946324e-16  -1.7000290e-16  9.7144515e-17  
4.1372600e-17  7.8801137e-17  1.0000000   -4.5726565e-16  -2.7755576e-17  -1.7382248e-16  -6.9388939e-17  9.3675068e-17  -6.2588953e-16  -9.0205621e-17  
4.1548660e-17  -9.7374908e-17  -4.5726227e-16  1.0000000   -4.6490589e-16  -2.7755576e-17  7.5977700e-17  9.2981178e-16  -3.1225023e-17  -5.8634953e-17  
1.3294890e-16  1.5925047e-16  -2.7755576e-17  -4.6490589e-16  1.0000000   -4.6097476e-17  4.2998611e-16  -8.3519883e-16  -1.2576745e-16  3.3419133e-32  
-1.6282463e-16  1.3877788e-17  -1.7381644e-16  -2.7755576e-17  -4.6098953e-17  1.0000000   1.3947922e-16  1.5959456e-16  -1.4130944e-16  -2.3592239e-16  
1.5309993e-16  -3.0531133e-16  -6.9388939e-17  7.5983743e-17  4.2998103e-16  1.3948261e-16  1.0000000   1.1102230e-16  1.2143064e-16  -2.8702621e-16  
-4.7620371e-17  -7.5945717e-16  9.3675068e-17  9.2981178e-16  -8.3520946e-16  1.5959456e-16  1.1102230e-16  1.0000000   3.9018548e-16  -5.5736462e-17  
5.1383452e-17  -1.7000290e-16  -6.2588347e-16  -3.1225023e-17  -1.2576745e-16  -1.4132007e-16  1.2143064e-16  3.9018400e-16  1.0000000   -3.7920310e-16  
-1.4181703e-16  9.7144515e-17  -9.0205621e-17  -5.8628890e-17  3.3419167e-32  -2.3592239e-16  -2.8703685e-16  -5.5741544e-17  -3.7919971e-16  1.0000000   
