1.0000000   3.2371150e-16  5.1867637e-17  -2.4071067e-16  -2.1924680e-16  3.7697220e-16  -8.4278084e-17  3.4199156e-16  -4.6081331e-17  -6.1907944e-17  
3.2371850e-16  1.0000000   9.4155619e-19  5.6930567e-17  -2.9748326e-16  -5.8980598e-17  3.3306691e-16  3.0538477e-16  -1.7347235e-16  -5.8980598e-16  
5.1871589e-17  9.4075010e-19  1.0000000   3.2619916e-16  -2.3592239e-16  -2.1595126e-16  -4.1633363e-17  -5.5944832e-16  2.0910762e-16  3.4694470e-16  
-2.4071279e-16  5.6930620e-17  3.2619578e-16  1.0000000   -3.3306691e-16  -1.7780916e-16  1.6742263e-16  3.6429193e-17  -3.4694470e-16  3.9298831e-16  
-2.1924753e-16  -2.9748174e-16  -2.3592239e-16  -3.3306691e-16  1.0000000   9.8086071e-17  1.4019729e-16  -2.9810962e-16  -2.7755576e-16  -9.3675068e-17  
3.7697003e-16  -5.8980598e-17  -2.1594974e-16  -1.7780916e-16  9.8085265e-17  1.0000000   -6.0644171e-17  2.3299505e-16  -6.0667356e-16  7.8062556e-17  
-8.4281472e-17  3.3306691e-16  -4.1633363e-17  1.6742415e-16  1.4019735e-16  -6.0647559e-17  1.0000000   1.3877788e-17  4.0939474e-16  2.2144006e-16  
3.4198723e-16  3.0538085e-16  -5.5944832e-16  3.6429193e-17  -2.9814306e-16  2.3299505e-16  1.3877788e-17  1.0000000   4.6541377e-16  6.7275740e-16  
-4.6079606e-17  -1.7347235e-16  2.0910370e-16  -3.4694470e-16  -2.7755576e-16  -6.0670699e-16  4.0939474e-16  4.6541296e-16  1.0000000   -9.4698284e-18  
-6.1907944e-17  -5.8980598e-16  3.4694470e-16  3.9298438e-16  -9.3675068e-17  7.8062556e-17  2.2140662e-16  6.7275745e-16  -9.4732165e-18  1.0000000   
