1.0000000   1.6111106e-16  2.5895443e-17  1.6030607e-16  -7.5396074e-17  -1.4763423e-16  6.4730258e-17  -3.8158125e-16  1.0317382e-17  7.3051848e-16  
1.6111242e-16  1.0000000   6.5049348e-16  -6.3913718e-17  2.2676295e-16  1.6653345e-16  -2.2204460e-16  -5.2821404e-16  1.3183898e-16  3.3306691e-16  
2.5894548e-17  6.5050539e-16  1.0000000   -7.0851934e-16  -9.7144515e-17  -7.8548383e-17  3.4174052e-16  8.3266727e-17  -2.2723952e-16  9.7144515e-17  
1.6030607e-16  -6.3917106e-17  -7.0851257e-16  1.0000000   1.1102230e-16  -4.1633363e-17  -1.7048873e-16  -3.0531133e-16  -1.7520707e-16  8.2408620e-17  
-7.5399072e-17  2.2676396e-16  -9.7144515e-17  1.1102230e-16  1.0000000   5.1171561e-16  3.7844077e-16  8.7276270e-18  1.2316537e-16  7.6327833e-17  
-1.4763539e-16  1.6653345e-16  -7.8547370e-17  -4.1633363e-17  5.1172751e-16  1.0000000   2.1608827e-16  -8.3266727e-17  -4.8084567e-17  -1.4224733e-16  
6.4743810e-17  -2.2204460e-16  3.4174052e-16  -1.7048771e-16  3.7843738e-16  2.1609505e-16  1.0000000   -7.4940054e-16  -2.3689817e-16  -5.7191865e-17  
-3.8156720e-16  -5.2821291e-16  8.3266727e-17  -3.0531133e-16  8.7291670e-18  -8.3266727e-17  -7.4940054e-16  1.0000000   2.6538487e-16  5.4752210e-18  
1.0311642e-17  1.3183898e-16  -2.2723839e-16  -1.7520707e-16  1.2316537e-16  -4.8083027e-17  -2.3689817e-16  2.6539677e-16  1.0000000   -1.2461549e-17  
7.3051171e-16  3.3306691e-16  9.7144515e-17  8.2409749e-17  7.6327833e-17  -1.4224733e-16  -5.7190325e-17  5.4718328e-18  -1.2454772e-17  1.0000000   
