1.0000000   4.8142984e-16  -5.1525999e-17  6.7272873e-17  -1.8170591e-18  -4.4760124e-16  6.6087584e-17  5.4796495e-16  -9.3595834e-17  6.6353512e-16  
4.8143001e-16  1.0000000   -2.7101470e-16  4.8578048e-17  -2.6721429e-16  5.6682127e-17  -7.1617957e-17  1.0672900e-15  -2.1535523e-16  -9.6204843e-16  
-5.1525333e-17  -2.7101499e-16  1.0000000   4.1096872e-16  -1.0334795e-16  -1.3289114e-16  -2.7130192e-16  -7.6884845e-17  -6.3428906e-16  8.1159834e-17  
6.7273357e-17  4.8583081e-17  4.1096679e-16  1.0000000   1.2394920e-16  4.7233619e-16  -1.1046861e-16  -2.7630212e-16  -1.3217876e-16  -1.7576103e-16  
-1.8207078e-18  -2.6721161e-16  -1.0334795e-16  1.2394920e-16  1.0000000   4.3239075e-16  -8.0854124e-16  -5.0609863e-16  1.1859641e-15  -2.8101189e-16  
-4.4760899e-16  5.6682127e-17  -1.3288185e-16  4.7233619e-16  4.3239001e-16  1.0000000   -8.4338338e-17  1.2442516e-16  6.1923351e-16  3.0491992e-16  
6.6082037e-17  -7.1617957e-17  -2.7130192e-16  -1.1047610e-16  -8.0853467e-16  -8.4336290e-17  1.0000000   8.9600443e-17  4.9440939e-16  4.1750254e-17  
5.4796194e-16  1.0672875e-15  -7.6884845e-17  -2.7630212e-16  -5.0609501e-16  1.2442516e-16  8.9600443e-17  1.0000000   3.7708942e-16  -2.9390010e-16  
-9.3610739e-17  -2.1535523e-16  -6.3428204e-16  -1.3217876e-16  1.1859641e-15  6.1923004e-16  4.9440939e-16  3.7709662e-16  1.0000000   3.7689155e-16  
6.6352834e-16  -9.6204843e-16  8.1159834e-17  -1.7576781e-16  -2.8101189e-16  3.0491992e-16  4.1749407e-17  -2.9391027e-16  3.7688816e-16  1.0000000   
