1.0000000   -2.0134571e-17  2.7804993e-16  -5.9848609e-17  1.5076177e-16  1.6766144e-16  -3.3024689e-16  -3.7413863e-16  -1.9057821e-16  -5.0381520e-17  
-2.0134533e-17  1.0000000   -4.0120068e-16  -2.9063730e-16  -1.1813603e-16  -4.9906227e-17  -4.0723111e-16  -7.1486098e-16  5.6788767e-16  -6.6629321e-16  
2.7804558e-16  -4.0119979e-16  1.0000000   -1.6318635e-16  2.3533980e-16  -9.0390955e-17  5.4596111e-16  2.9473513e-16  -3.5185582e-16  2.2824397e-16  
-5.9851578e-17  -2.9064574e-16  -1.6318481e-16  1.0000000   4.6817016e-18  -5.5048730e-17  2.0494864e-16  -3.4319967e-16  -2.2787011e-16  7.4009504e-16  
1.5075419e-16  -1.1813558e-16  2.3533980e-16  4.6817020e-18  1.0000000   1.9600867e-16  -8.1566506e-17  2.7803006e-16  1.6102571e-17  -3.8568035e-17  
1.6767472e-16  -4.9906227e-17  -9.0382867e-17  -5.5048729e-17  1.9601225e-16  1.0000000   -1.1972873e-16  -7.6081750e-16  -2.8471264e-16  4.0590261e-16  
-3.3025569e-16  -4.0723111e-16  5.4596111e-16  2.0494455e-16  -8.1576776e-17  -1.1972410e-16  1.0000000   1.3136380e-16  -8.2290830e-17  -6.2162732e-16  
-3.7413955e-16  -7.1485669e-16  2.9473513e-16  -3.4319967e-16  2.7802029e-16  -7.6081750e-16  1.3136380e-16  1.0000000   7.8113811e-16  2.0530723e-16  
-1.9058872e-16  5.6788767e-16  -3.5186297e-16  -2.2787011e-16  1.6102571e-17  -2.8469733e-16  -8.2290830e-17  7.8113973e-16  1.0000000   5.2191206e-16  
-5.0374743e-17  -6.6629321e-16  2.2824397e-16  7.4009843e-16  -3.8568035e-17  4.0590261e-16  -6.2163070e-16  2.0531401e-16  5.2191290e-16  1.0000000   
