1.0000000   -1.0676520e-16  -3.2111284e-16  -2.0643088e-16  4.5909955e-16  -9.8285950e-17  -6.2022255e-17  1.2957420e-16  -1.4636830e-15  2.5630201e-16  
-1.0676463e-16  1.0000000   -4.7140628e-16  5.5145774e-17  4.1176866e-16  1.0542288e-17  -4.7229994e-17  5.9781951e-16  -2.5421357e-17  -3.9339582e-16  
-3.2111517e-16  -4.7140657e-16  1.0000000   -2.0875668e-16  5.1737934e-16  4.2057719e-16  -6.1514275e-16  -1.0017439e-16  6.8184283e-16  6.4071804e-16  
-2.0642803e-16  5.5147622e-17  -2.0875317e-16  1.0000000   -2.9607404e-16  4.6188062e-16  1.0807701e-16  -3.7607257e-16  3.8306793e-16  -5.8144068e-16  
4.5909846e-16  4.1176847e-16  5.1737934e-16  -2.9607404e-16  1.0000000   -2.6788034e-16  3.6631959e-16  1.0191708e-16  -9.2872292e-16  -2.3555902e-16  
-9.8284554e-17  1.0542288e-17  4.2058022e-16  4.6188062e-16  -2.6787968e-16  1.0000000   -2.0351930e-16  -4.2373781e-16  7.2623551e-16  1.2261172e-16  
-6.2020569e-17  -4.7229993e-17  -6.1514275e-16  1.0807516e-16  3.6632074e-16  -2.0352123e-16  1.0000000   -1.0351864e-16  2.6614286e-17  1.9565953e-16  
1.2957304e-16  5.9781036e-16  -1.0017439e-16  -3.7607257e-16  1.0192364e-16  -4.2373781e-16  -1.0351864e-16  1.0000000   -6.1148460e-16  2.4574713e-16  
-1.4636876e-15  -2.5421357e-17  6.8184460e-16  3.8306793e-16  -9.2872292e-16  7.2623970e-16  2.6614288e-17  -6.1149033e-16  1.0000000   -2.6039487e-17  
2.5631556e-16  -3.9339582e-16  6.4071803e-16  -5.8144068e-16  -2.3555902e-16  1.2261172e-16  1.9565783e-16  2.4574713e-16  -2.6042875e-17  1.0000000   
