1.0000000   1.3623685e-16  -8.6044129e-17  4.6825358e-16  1.6651649e-16  1.3723106e-17  1.3780591e-16  5.1456827e-17  7.6396585e-17  6.6014360e-17  
1.3623903e-16  1.0000000   4.4105020e-16  -1.0316353e-16  2.6632644e-16  3.6082248e-16  -2.1163626e-16  -2.3888070e-16  2.2204460e-16  8.3266727e-17  
-8.6067039e-17  4.4105029e-16  1.0000000   -5.6898252e-16  -1.8735014e-16  4.1204321e-16  5.8980598e-17  9.7144515e-17  -1.8336955e-16  -6.5225603e-16  
4.6825400e-16  -1.0316353e-16  -5.6898422e-16  1.0000000   1.6653345e-16  -4.8572257e-17  -8.0618254e-17  6.9388939e-17  1.6653345e-16  -7.2347251e-17  
1.6651705e-16  2.6632759e-16  -1.8735014e-16  1.6653345e-16  1.0000000   -4.9223103e-16  -1.0316353e-16  7.9396205e-17  5.6898930e-16  2.3592239e-16  
1.3736914e-17  3.6082248e-16  4.1204436e-16  -4.8572257e-17  -4.9223094e-16  1.0000000   6.0722098e-17  -4.1286419e-16  8.9818569e-16  4.1633363e-17  
1.3780633e-16  -2.1163626e-16  5.8980598e-17  -8.0617109e-17  -1.0316353e-16  6.0720404e-17  1.0000000   1.7347235e-18  -9.0205621e-17  3.3266583e-16  
5.1458175e-17  -2.3887170e-16  9.7144515e-17  6.9388939e-17  7.9395475e-17  -4.1286419e-16  1.7347235e-18  1.0000000   4.8962246e-16  4.7276466e-16  
7.6402537e-17  2.2204460e-16  -1.8336055e-16  1.6653345e-16  5.6898930e-16  8.9818496e-16  -9.0205621e-17  4.8962255e-16  1.0000000   2.0817359e-16  
6.6014360e-17  8.3266727e-17  -6.5225603e-16  -7.2338245e-17  2.3592239e-16  4.1633363e-17  3.3266510e-16  4.7276466e-16  2.0817190e-16  1.0000000   
