1.0000000   3.3315280e-17  -1.3779085e-16  -2.9610239e-16  1.2151835e-16  -2.2756017e-16  1.3664336e-17  -9.0280196e-17  2.8237842e-17  1.7702396e-16  
3.3311783e-17  1.0000000   -7.2568570e-16  1.3230129e-15  1.2942302e-16  2.0469737e-16  3.1918912e-16  -1.1140024e-16  -1.3877788e-16  6.3317407e-17  
-1.3778905e-16  -7.2568506e-16  1.0000000   -2.0799741e-16  4.1633363e-17  -7.2622934e-16  2.2204460e-16  3.6429193e-17  4.1255426e-17  -7.5026790e-17  
-2.9610493e-16  1.3230113e-15  -2.0800080e-16  1.0000000   -1.3877788e-16  2.9490299e-17  -8.5589992e-16  -1.6653345e-16  6.9388939e-17  1.3567858e-18  
1.2152468e-16  1.2942182e-16  4.1633363e-17  -1.3877788e-16  1.0000000   -2.9894372e-16  9.4828727e-17  2.5967257e-16  4.4408921e-16  1.2490009e-16  
-2.2756246e-16  2.0469737e-16  -7.2623054e-16  2.9490299e-17  -2.9894308e-16  1.0000000   3.1935853e-16  -5.4643789e-17  -1.9135554e-16  1.9754164e-16  
1.3677888e-17  3.1918912e-16  2.2204460e-16  -8.5590112e-16  9.4827033e-17  3.1935514e-16  1.0000000   2.7755576e-17  -1.1102230e-16  -3.5268482e-16  
-9.0274496e-17  -1.1140292e-16  3.6429193e-17  -1.6653345e-16  2.5967036e-16  -5.4643789e-17  2.7755576e-17  1.0000000   -3.3016875e-16  2.0281526e-16  
2.8236308e-17  -1.3877788e-16  4.1252741e-17  6.9388939e-17  4.4408921e-16  -1.9135774e-16  -1.1102230e-16  -3.3016810e-16  1.0000000   -3.7800031e-16  
1.7702226e-16  6.3317407e-17  -7.5026790e-17  1.3541010e-18  1.2490009e-16  1.9754164e-16  -3.5268702e-16  2.0281357e-16  -3.7800370e-16  1.0000000   
