1.0000000   -1.2353292e-16  -3.4784642e-17  -6.8459860e-17  -3.2343491e-16  -5.5811450e-17  1.7025440e-17  3.5448845e-16  7.9547634e-17  3.2479309e-16  
-1.2352986e-16  1.0000000   -3.2333093e-16  -1.0669655e-16  5.7608261e-17  -1.0511237e-15  -1.3611422e-16  9.4311459e-16  -1.1544008e-16  3.3311579e-16  
-3.4793979e-17  -3.2333972e-16  1.0000000   -2.0144474e-16  5.0939602e-16  3.3975260e-16  -1.4600369e-16  6.2737576e-17  5.8283156e-17  -1.6153265e-16  
-6.8459550e-17  -1.0666935e-16  -2.0144673e-16  1.0000000   -1.4040905e-16  1.9440441e-16  3.3198180e-16  2.2230840e-16  -4.0660649e-16  -1.7846476e-16  
-3.2343201e-16  5.7610385e-17  5.0939602e-16  -1.4040905e-16  1.0000000   1.0522379e-15  -2.8186789e-17  -6.8332367e-16  2.0370813e-16  -5.6830967e-17  
-5.5816154e-17  -1.0511237e-15  3.3975619e-16  1.9440441e-16  1.0522287e-15  1.0000000   -1.1875992e-16  1.4245603e-16  1.9237164e-16  3.0061788e-17  
1.7030057e-17  -1.3611422e-16  -1.4600369e-16  3.3198350e-16  -2.8217325e-17  -1.1875167e-16  1.0000000   3.1641399e-17  -9.6776898e-16  -2.1665409e-17  
3.5448337e-16  9.4311170e-16  6.2737576e-17  2.2230840e-16  -6.8333134e-16  1.4245603e-16  3.1641399e-17  1.0000000   -1.5855970e-16  -1.3578955e-16  
7.9530065e-17  -1.1544008e-16  5.8295446e-17  -4.0660649e-16  2.0370812e-16  1.9237840e-16  -9.6776898e-16  -1.5855866e-16  1.0000000   -1.3481376e-16  
3.2479309e-16  3.3311579e-16  -1.6153265e-16  -1.7846476e-16  -5.6830967e-17  3.0061788e-17  -2.1655244e-17  -1.3578955e-16  -1.3480360e-16  1.0000000   
