1.0000000   -7.0883294e-17  -1.2561245e-15  4.2320334e-16  2.1798439e-16  -3.7227750e-16  1.1586056e-16  -4.9306092e-16  2.3808887e-17  -6.4170877e-16  
-7.0893942e-17  1.0000000   -3.0452248e-16  -2.5388201e-16  3.2556362e-16  5.0953788e-17  2.2212682e-16  1.6194702e-16  -3.5200387e-16  5.7381813e-18  
-1.2561236e-15  -3.0454398e-16  1.0000000   -1.1621323e-15  -4.9818449e-16  4.3994733e-16  6.0918446e-16  4.2781023e-16  1.1645623e-16  -3.5405519e-16  
4.2321991e-16  -2.5387448e-16  -1.1621336e-15  1.0000000   3.2853629e-16  1.8685061e-16  -8.3585057e-17  5.8285942e-16  -3.4222765e-16  4.0137080e-17  
2.1799511e-16  3.2557022e-16  -4.9818449e-16  3.2853629e-16  1.0000000   -1.0105271e-16  -2.1865860e-17  -1.3435085e-16  -7.3764756e-16  -1.4124849e-16  
-3.7227684e-16  5.0953787e-17  4.3995618e-16  1.8685061e-16  -1.0106802e-16  1.0000000   -1.5274093e-16  6.2940756e-17  -1.5403762e-16  -3.8983547e-16  
1.1585327e-16  2.2212682e-16  6.0918446e-16  -8.3593693e-17  -2.1863444e-17  -1.5274082e-16  1.0000000   -3.6208728e-16  -1.7625510e-17  -3.5520496e-16  
-4.9306275e-16  1.6194697e-16  4.2781023e-16  5.8285941e-16  -1.3435356e-16  6.2940756e-17  -3.6208728e-16  1.0000000   1.1217086e-16  1.1086069e-15  
2.3815634e-17  -3.5200387e-16  1.1645523e-16  -3.4222765e-16  -7.3764756e-16  -1.5403689e-16  -1.7625511e-17  1.1217963e-16  1.0000000   1.8922462e-16  
-6.4171894e-16  5.7381809e-18  -3.5405519e-16  4.0136656e-17  -1.4124849e-16  -3.8983547e-16  -3.5520665e-16  1.1085984e-15  1.8922293e-16  1.0000000   
