0.99970603  -4.7897612e-06  -3.1772253e-05  6.9473477e-05  1.6463833e-05  -4.6306945e-05  -4.0257304e-05  3.4912657e-05  1.1000555e-05  -2.8914587e-05  
-4.7897612e-06  0.99983999  -3.0571977e-05  1.2248610e-05  -2.0286993e-06  2.8389360e-10  1.6802714e-10  -2.6498469e-05  7.5753362e-10  -1.8609344e-10  
-3.1772253e-05  -3.0571977e-05  0.99971902  1.3874983e-05  -4.6121773e-10  -2.0269033e-06  1.2512853e-09  -2.9934082e-10  -2.6495445e-05  5.5117087e-10  
6.9473477e-05  1.2248610e-05  1.3874983e-05  0.99967603  1.1192837e-09  -3.2462065e-09  -2.0310854e-06  2.1015888e-09  3.9669066e-10  -2.6495966e-05  
1.6463833e-05  -2.0286993e-06  -4.6121773e-10  1.1192837e-09  0.99980000  -3.0571669e-05  1.2247790e-05  -4.0105320e-05  1.4074834e-09  -9.6751838e-10  
-4.6306945e-05  2.8389360e-10  -2.0269033e-06  -3.2462065e-09  -3.0571669e-05  0.99967904  1.3878501e-05  -3.9085510e-10  -4.0101552e-05  7.8269368e-10  
-4.0257304e-05  1.6802714e-10  1.2512853e-09  -2.0310854e-06  1.2247790e-05  1.3878501e-05  0.99963604  -1.8972362e-09  -9.9962915e-10  -4.0098153e-05  
3.4912657e-05  -2.6498469e-05  -2.9934082e-10  2.1015888e-09  -4.0105320e-05  -3.9085510e-10  -1.8972362e-09  0.99989499  -3.0573427e-05  1.2248607e-05  
1.1000555e-05  7.5753362e-10  -2.6495445e-05  3.9669066e-10  1.4074834e-09  -4.0101552e-05  -9.9962915e-10  -3.0573427e-05  0.99977401  1.3877637e-05  
-2.8914587e-05  -1.8609344e-10  5.5117087e-10  -2.6495966e-05  -9.6751838e-10  7.8269368e-10  -4.0098153e-05  1.2248607e-05  1.3877637e-05  0.99973102  
