1.0000000   -6.3328009e-16  -4.6755285e-16  -4.6281799e-16  5.4303918e-17  -1.4912547e-16  -1.6974892e-16  5.8726701e-16  -5.3049348e-16  -1.1911181e-15  
-6.3328434e-16  1.0000000   -5.7768549e-16  -1.6575112e-16  6.8641189e-16  4.8079833e-16  1.0384443e-15  -6.3720081e-16  -8.9779187e-16  -9.5801759e-16  
-4.6755275e-16  -5.7768847e-16  1.0000000   -4.0938897e-17  5.1576596e-16  2.3517590e-16  2.3997103e-16  -9.8322763e-17  1.3560032e-16  -6.6061129e-16  
-4.6281720e-16  -1.6574046e-16  -4.0935671e-17  1.0000000   4.7370016e-17  -1.4288015e-16  -3.5562949e-16  -5.7789735e-17  4.9291835e-16  -5.0081331e-16  
5.4300742e-17  6.8641216e-16  5.1576596e-16  4.7370017e-17  1.0000000   4.7354114e-16  -6.5905433e-17  -4.5586819e-16  -1.0327710e-16  3.2761730e-16  
-1.4912932e-16  4.8079833e-16  2.3517625e-16  -1.4288015e-16  4.7354974e-16  1.0000000   8.3908578e-16  3.6733375e-16  -6.7983936e-16  -7.4567201e-18  
-1.6974696e-16  1.0384443e-15  2.3997103e-16  -3.5562932e-16  -6.5899940e-17  8.3908035e-16  1.0000000   -1.1710088e-16  2.3475116e-16  -2.5640365e-16  
5.8726573e-16  -6.3720262e-16  -9.8322762e-17  -5.7789736e-17  -4.5587120e-16  3.6733375e-16  -1.1710088e-16  1.0000000   4.0062515e-16  -9.1274915e-16  
-5.3048930e-16  -8.9779187e-16  1.3560741e-16  4.9291835e-16  -1.0327710e-16  -6.7983973e-16  2.3475116e-16  4.0062817e-16  1.0000000   4.1589318e-16  
-1.1911452e-15  -9.5801759e-16  -6.6061129e-16  -5.0083025e-16  3.2761730e-16  -7.4567198e-18  -2.5640365e-16  -9.1275254e-16  4.1589995e-16  1.0000000   
