1.0003801   1.7804203e-06  5.6846285e-05  4.1004424e-07  -1.8225826e-05  8.3824111e-06  -9.7631072e-06  -1.6004491e-05  -5.4844766e-05  -8.7924888e-06  
1.7804203e-06  1.0003400   2.3756876e-05  -8.2306651e-05  -1.9636166e-05  -4.5141408e-10  1.5982592e-09  3.1698484e-05  6.5518881e-10  -2.6237600e-09  
5.6846285e-05  2.3756876e-05  1.0003500   4.1852990e-05  -1.5020095e-09  -1.9635853e-05  -1.3763366e-09  -1.5665178e-10  3.1695713e-05  8.2659539e-10  
4.1004424e-07  -8.2306651e-05  4.1852990e-05  1.0003701   1.6081644e-09  -8.1811522e-10  -1.9636726e-05  -2.6146716e-09  1.3037456e-09  3.1699460e-05  
-1.8225826e-05  -1.9636166e-05  -1.5020095e-09  1.6081644e-09  1.0003500   2.3756860e-05  -8.2307297e-05  -1.3884079e-05  6.6947568e-10  1.3025771e-09  
8.3824111e-06  -4.5141408e-10  -1.9635853e-05  -8.1811522e-10  2.3756860e-05  1.0003600   4.1853304e-05  -4.6384099e-10  -1.3884968e-05  -6.5457881e-10  
-9.7631072e-06  1.5982592e-09  -1.3763366e-09  -1.9636726e-05  -8.2307297e-05  4.1853304e-05  1.0003801   1.2985818e-09  -4.5652649e-11  -1.3884701e-05  
-1.6004491e-05  3.1698484e-05  -1.5665178e-10  -2.6146716e-09  -1.3884079e-05  -4.6384099e-10  1.2985818e-09  1.0003200   2.3757177e-05  -8.2304865e-05  
-5.4844766e-05  6.5518881e-10  3.1695713e-05  1.3037456e-09  6.6947568e-10  -1.3884968e-05  -4.5652649e-11  2.3757177e-05  1.0003300   4.1852612e-05  
-8.7924888e-06  -2.6237600e-09  8.2659539e-10  3.1699460e-05  1.3025771e-09  -6.5457881e-10  -1.3884701e-05  -8.2304865e-05  4.1852612e-05  1.0003500   
