1.0000000   3.0630822e-16  -3.8643817e-16  -1.0681300e-16  1.2068045e-17  2.9246531e-16  2.1778453e-16  2.5247087e-16  -9.2638285e-17  -4.4799911e-16  
3.0630367e-16  1.0000000   -1.4468892e-16  3.7978580e-16  2.3308496e-16  2.1790234e-16  2.1632909e-16  -1.1547489e-16  2.5546864e-16  3.8488990e-16  
-3.8643410e-16  -1.4468157e-16  1.0000000   1.1992343e-16  -3.0099058e-16  -1.0992424e-16  9.6155955e-17  4.0017248e-16  9.3446635e-17  2.4231162e-16  
-1.0681413e-16  3.7978485e-16  1.1992234e-16  1.0000000   3.2530097e-17  -6.4265089e-17  2.6622956e-16  -4.4381040e-16  -7.3218470e-18  -1.5821220e-16  
1.2067061e-17  2.3308496e-16  -3.0099058e-16  3.2530097e-17  1.0000000   -4.5385626e-16  1.0548545e-15  6.9459290e-17  -6.0766481e-17  1.5636427e-16  
2.9245876e-16  2.1790234e-16  -1.0992415e-16  -6.4265089e-17  -4.5384751e-16  1.0000000   -3.6376657e-17  -1.9682635e-16  -7.3000245e-17  -3.3695611e-16  
2.1777110e-16  2.1632908e-16  9.6155955e-17  2.6622964e-16  1.0548507e-15  -3.6379835e-17  1.0000000   5.4437761e-16  2.6134566e-16  -1.7279472e-16  
2.5245239e-16  -1.1546143e-16  4.0017248e-16  -4.4381040e-16  6.9440267e-17  -1.9682635e-16  5.4437761e-16  1.0000000   1.6673327e-16  4.9810619e-16  
-9.2616571e-17  2.5546864e-16  9.3455658e-17  -7.3218474e-18  -6.0766479e-17  -7.2997609e-17  2.6134566e-16  1.6674569e-16  1.0000000   -4.5235117e-16  
-4.4799234e-16  3.8488991e-16  2.4231162e-16  -1.5823253e-16  1.5636427e-16  -3.3695611e-16  -1.7280827e-16  4.9810365e-16  -4.5234778e-16  1.0000000   
