0.99991799  4.4628212e-05  -2.5347958e-05  1.8076908e-05  3.1728169e-05  -9.5936123e-05  1.2133656e-05  2.4402965e-06  -3.9992057e-05  6.3234342e-05  
4.4628212e-05  0.99995799  1.8362370e-05  2.3618468e-05  5.6485895e-06  -4.1781025e-09  6.7492644e-10  -3.7967522e-05  -2.4821683e-09  1.9255227e-09  
-2.5347958e-05  1.8362370e-05  1.0000980   1.8432919e-05  -7.0060404e-10  5.6503960e-06  -2.0348779e-10  -7.5910956e-10  -3.7971932e-05  -2.3028940e-09  
1.8076908e-05  2.3618468e-05  1.8432919e-05  0.99995798  7.0697287e-10  -1.6302698e-09  5.6473928e-06  -8.5262769e-10  -1.4228931e-09  -3.7966487e-05  
3.1728169e-05  5.6485895e-06  -7.0060404e-10  7.0697287e-10  0.99992899  1.8359925e-05  2.3617362e-05  6.9824206e-05  1.3290549e-11  3.6556264e-09  
-9.5936123e-05  -4.1781025e-09  5.6503960e-06  -1.6302698e-09  1.8359925e-05  1.0000690   1.8431678e-05  1.0481376e-09  6.9837740e-05  -4.7798066e-09  
1.2133656e-05  6.7492644e-10  -2.0348779e-10  5.6473928e-06  2.3617362e-05  1.8431678e-05  0.99992899  1.6787641e-09  8.0185888e-10  6.9824896e-05  
2.4402965e-06  -3.7967522e-05  -7.5910956e-10  -8.5262769e-10  6.9824206e-05  1.0481376e-09  1.6787641e-09  0.99990799  1.8362486e-05  2.3616635e-05  
-3.9992057e-05  -2.4821683e-09  -3.7971932e-05  -1.4228931e-09  1.3290549e-11  6.9837740e-05  8.0185888e-10  1.8362486e-05  1.0000480   1.8429926e-05  
6.3234342e-05  1.9255227e-09  -2.3028940e-09  -3.7966487e-05  3.6556264e-09  -4.7798066e-09  6.9824896e-05  2.3616635e-05  1.8429926e-05  0.99990800  
