1.0000000   -2.8591937e-17  6.3846980e-17  3.2841392e-16  2.4753933e-16  3.7931781e-16  1.4852168e-16  1.9652454e-16  1.7356417e-16  -1.9202915e-16  
-2.8584918e-17  1.0000000   -1.7705834e-16  2.2259977e-16  -5.9886502e-16  -4.7879632e-16  -1.7421054e-16  3.2131659e-16  4.6339163e-17  5.0306701e-16  
6.3848331e-17  -1.7706086e-16  1.0000000   3.9515342e-16  1.8978905e-16  -4.5746352e-16  2.5755284e-16  -1.0410034e-16  1.6084687e-16  4.4626656e-17  
3.2840570e-16  2.2260081e-16  3.9516251e-16  1.0000000   1.6022063e-16  3.2084343e-16  -3.1473231e-16  1.1037371e-16  -2.2147029e-16  5.0869919e-16  
2.4754126e-16  -5.9886483e-16  1.8978905e-16  1.6022063e-16  1.0000000   -1.9931421e-16  -3.9341791e-16  -5.2238135e-17  -1.0763095e-16  2.0670363e-16  
3.7931898e-16  -4.7879632e-16  -4.5746319e-16  3.2084343e-16  -1.9930959e-16  1.0000000   -1.0855368e-16  4.0308172e-16  -1.7031510e-16  -5.9043798e-17  
1.4852281e-16  -1.7421054e-16  2.5755284e-16  -3.1473257e-16  -3.9342100e-16  -1.0856005e-16  1.0000000   2.3229858e-16  1.7549238e-16  1.2454772e-17  
1.9652531e-16  3.2131398e-16  -1.0410034e-16  1.1037371e-16  -5.2249865e-17  4.0308172e-16  2.3229858e-16  1.0000000   8.3075948e-17  -3.4084267e-16  
1.7356349e-16  4.6339163e-17  1.6084196e-16  -2.2147029e-16  -1.0763095e-16  -1.7033667e-16  1.7549238e-16  8.3073630e-17  1.0000000   -3.2034786e-16  
-1.9201559e-16  5.0306701e-16  4.4626655e-17  5.0869411e-16  2.0670363e-16  -5.9043798e-17  1.2475101e-17  -3.4084098e-16  -3.2034447e-16  1.0000000   
