1.0000000   -3.8986495e-17  -1.1205237e-16  4.8772519e-16  3.8964764e-16  3.2117065e-16  -1.5933523e-16  4.5336182e-16  2.3364679e-17  -3.2417137e-16  
-3.8989817e-17  1.0000000   -1.6603894e-16  -1.0768087e-16  -2.6015238e-16  -2.6843708e-16  -2.7912160e-16  -3.3376659e-16  -4.6771821e-16  4.7146140e-16  
-1.1205199e-16  -1.6604965e-16  1.0000000   1.9947971e-16  -1.4595900e-16  -7.0544166e-16  -1.7550967e-16  6.3983249e-16  -6.4034708e-16  1.4070429e-16  
4.8772477e-16  -1.0768229e-16  1.9947772e-16  1.0000000   5.2613164e-17  -8.8090391e-17  2.6130418e-16  -9.1484964e-16  5.0691863e-16  -1.0297888e-16  
3.8963604e-16  -2.6015313e-16  -1.4595900e-16  5.2613164e-17  1.0000000   -3.5259182e-16  3.7697727e-16  1.1361205e-16  4.1601630e-17  -2.7253368e-17  
3.2117143e-16  -2.6843708e-16  -7.0544166e-16  -8.8090391e-17  -3.5258940e-16  1.0000000   4.4956394e-16  1.6730871e-16  1.3169902e-16  -2.0489095e-16  
-1.5933155e-16  -2.7912160e-16  -1.7550967e-16  2.6130411e-16  3.7698984e-16  4.4956132e-16  1.0000000   4.3902973e-16  -3.1288677e-16  -1.7777697e-16  
4.5335329e-16  -3.3379004e-16  6.3983249e-16  -9.1484964e-16  1.1360987e-16  1.6730871e-16  4.3902973e-16  1.0000000   -2.5225020e-16  -5.0135203e-16  
2.3356132e-17  -4.6771821e-16  -6.4034077e-16  5.0691863e-16  4.1601630e-17  1.3169986e-16  -3.1288677e-16  -2.5224410e-16  1.0000000   2.4743865e-16  
-3.2416629e-16  4.7146140e-16  1.4070429e-16  -1.0299921e-16  -2.7253369e-17  -2.0489095e-16  -1.7777782e-16  -5.0135203e-16  2.4743526e-16  1.0000000   
