1.0000000   -5.4297691e-16  2.0169400e-16  -8.0361950e-17  4.2190460e-16  -3.6415964e-17  2.5683968e-16  2.3043093e-17  -5.4732172e-16  2.3244956e-16  
-5.4297191e-16  1.0000000   -2.9867689e-16  -4.3488578e-16  5.0983195e-16  5.0588909e-17  -7.6394402e-16  -2.0716430e-16  -5.6978525e-17  2.9651761e-16  
2.0169329e-16  -2.9867996e-16  1.0000000   4.8884732e-16  -2.6590503e-17  9.1171006e-16  3.9763103e-16  -2.5007510e-16  2.4434143e-16  2.1031467e-16  
-8.0372041e-17  -4.3488482e-16  4.8884728e-16  1.0000000   -1.8710030e-16  -2.7669563e-16  1.3113046e-16  -1.6003442e-16  -9.5373465e-17  -1.0915205e-16  
4.2187838e-16  5.0987250e-16  -2.6590504e-17  -1.8710030e-16  1.0000000   1.7011416e-16  -1.0423279e-16  -4.0139541e-16  5.8951953e-16  2.8642841e-16  
-3.6414718e-17  5.0588908e-17  9.1170873e-16  -2.7669563e-16  1.7011168e-16  1.0000000   2.0377877e-16  -2.2531915e-16  2.6854509e-16  -1.0126481e-16  
2.5683784e-16  -7.6394402e-16  3.9763103e-16  1.3113930e-16  -1.0422534e-16  2.0377852e-16  1.0000000   1.0900507e-16  -1.1792669e-16  -2.1067234e-16  
2.3038946e-17  -2.0715912e-16  -2.5007510e-16  -1.6003442e-16  -4.0139928e-16  -2.2531915e-16  1.0900507e-16  1.0000000   -6.4160307e-19  1.9044689e-17  
-5.4731046e-16  -5.6978526e-17  2.4433672e-16  -9.5373464e-17  5.8951953e-16  2.6854454e-16  -1.1792669e-16  -6.3731723e-19  1.0000000   -1.8082375e-16  
2.3244956e-16  2.9651761e-16  2.1031467e-16  -1.0915544e-16  2.8642841e-16  -1.0126481e-16  -2.1067912e-16  1.9048077e-17  -1.8082364e-16  1.0000000   
