1.0000000   1.5293300e-16  4.2875028e-16  -4.6843514e-17  1.1117404e-16  -8.9667771e-16  -4.5177196e-16  -4.7775700e-16  1.4740632e-16  -1.6930495e-17  
1.5293322e-16  1.0000000   2.3499721e-16  8.2140173e-17  -3.4209773e-16  9.2392727e-17  -2.0826176e-16  -6.4154261e-16  1.0148343e-16  5.4214964e-16  
4.2875029e-16  2.3499566e-16  1.0000000   5.2968411e-16  1.5003657e-16  -2.4538738e-16  2.4709514e-16  5.3790104e-16  -6.1866909e-16  -2.2500143e-16  
-4.6843479e-17  8.2139157e-17  5.2970415e-16  1.0000000   -7.1560563e-16  8.4186733e-17  -1.0368714e-16  5.9192293e-17  -6.2065338e-16  -3.2897404e-16  
1.1117684e-16  -3.4209914e-16  1.5003657e-16  -7.1560563e-16  1.0000000   4.9400040e-16  -3.3088373e-16  6.2184947e-16  -9.0774714e-16  -7.6459111e-17  
-8.9664845e-16  9.2392727e-17  -2.4538255e-16  8.4186733e-17  4.9399966e-16  1.0000000   -7.1741244e-16  -6.0649425e-16  -9.2605886e-17  -2.4469753e-16  
-4.5177793e-16  -2.0826176e-16  2.4709514e-16  -1.0368320e-16  -3.3088254e-16  -7.1742551e-16  1.0000000   1.7686980e-16  -1.7584722e-17  6.8311513e-17  
-4.7775617e-16  -6.4156339e-16  5.3790104e-16  5.9192293e-17  6.2184712e-16  -6.0649425e-16  1.7686980e-16  1.0000000   8.9658430e-17  1.1741486e-16  
1.4740925e-16  1.0148343e-16  -6.1868613e-16  -6.2065338e-16  -9.0774714e-16  -9.2629382e-17  -1.7584721e-17  8.9659332e-17  1.0000000   -1.8461930e-16  
-1.6920330e-17  5.4214964e-16  -2.2500143e-16  -3.2897743e-16  -7.6459110e-17  -2.4469753e-16  6.8297961e-17  1.1741994e-16  -1.8461252e-16  1.0000000   
