1.0000000   3.1532437e-16  3.7647182e-16  4.3056590e-16  9.0740000e-17  -1.7398008e-16  7.1067864e-17  -3.5570521e-16  2.8036372e-16  1.2726352e-16  
3.1532094e-16  1.0000000   2.0735780e-16  -2.2047180e-16  3.3517574e-16  -6.6078355e-17  -2.5839590e-16  -2.7473824e-17  -6.5411868e-17  -1.5895655e-16  
3.7647178e-16  2.0735818e-16  1.0000000   -7.7185670e-17  2.2836172e-17  -2.0261929e-16  -5.7242875e-17  4.2379871e-16  6.7800446e-16  -3.2401022e-16  
4.3056540e-16  -2.2045952e-16  -7.7187148e-17  1.0000000   2.8058130e-17  9.9514254e-17  -7.4235843e-16  4.2756048e-16  -2.0750437e-16  -1.4498494e-16  
9.0744180e-17  3.3516186e-16  2.2836172e-17  2.8058132e-17  1.0000000   2.5863314e-16  -7.6732273e-17  -1.7359025e-16  -1.2872666e-16  -9.4705378e-17  
-1.7397622e-16  -6.6078356e-17  -2.0262286e-16  9.9514254e-17  2.5862995e-16  1.0000000   -1.3069355e-16  2.4529813e-16  -2.1052425e-16  -2.7409360e-16  
7.1056567e-17  -2.5839590e-16  -5.7242875e-17  -7.4236852e-16  -7.6698956e-17  -1.3068854e-16  1.0000000   -5.3466624e-17  5.7824154e-16  1.4292156e-16  
-3.5569597e-16  -2.7476015e-17  4.2379871e-16  4.2756048e-16  -1.7356609e-16  2.4529813e-16  -5.3466623e-17  1.0000000   -2.1846588e-16  -3.0424068e-16  
2.8035934e-16  -6.5411867e-17  6.7799755e-16  -2.0750437e-16  -1.2872666e-16  -2.1050970e-16  5.7824154e-16  -2.1847362e-16  1.0000000   1.3464097e-16  
1.2726374e-16  -1.5895655e-16  -3.2401022e-16  -1.4496122e-16  -9.4705379e-17  -2.7409360e-16  1.4290462e-16  -3.0426779e-16  1.3464266e-16  1.0000000   
