1.0000000   -4.7739457e-16  2.6897346e-16  6.2338215e-17  -1.3517396e-16  6.1306481e-17  2.6155932e-17  2.8358507e-16  4.0703948e-16  -6.8521577e-17  
-4.7740087e-16  1.0000000   5.1994724e-16  3.8709218e-16  -1.5008708e-16  -6.8984347e-17  -5.9488375e-17  3.4991380e-16  1.0271105e-16  -3.4515670e-16  
2.6896917e-16  5.1996175e-16  1.0000000   6.8658372e-17  -6.3132166e-16  -1.1263819e-16  6.7726752e-16  -3.1941279e-16  2.4823341e-16  4.8220064e-16  
6.2343936e-17  3.8709494e-16  6.8658276e-17  1.0000000   4.2781918e-16  -1.7149148e-16  -3.2852218e-16  1.0001449e-16  2.9710578e-16  -9.8778441e-17  
-1.3517803e-16  -1.5008988e-16  -6.3132166e-16  4.2781918e-16  1.0000000   5.8291922e-16  -6.4125761e-17  4.4253520e-16  2.1732874e-16  -3.8578779e-16  
6.1321381e-17  -6.8984348e-17  -1.1263110e-16  -1.7149148e-16  5.8291648e-16  1.0000000   6.9358633e-16  -1.7361877e-16  1.9753192e-16  3.3968244e-17  
2.6152961e-17  -5.9488375e-17  6.7726752e-16  -3.2853765e-16  -6.4125228e-17  6.9358639e-16  1.0000000   -1.2668196e-16  2.0716904e-16  -1.5941838e-16  
2.8357466e-16  3.4991125e-16  -3.1941279e-16  1.0001449e-16  4.4251909e-16  -1.7361878e-16  -1.2668196e-16  1.0000000   4.7551254e-16  2.8810301e-16  
4.0704140e-16  1.0271105e-16  2.4823302e-16  2.9710578e-16  2.1732874e-16  1.9752747e-16  2.0716904e-16  4.7553110e-16  1.0000000   2.1178640e-16  
-6.8518189e-17  -3.4515670e-16  4.8220064e-16  -9.8781829e-17  -3.8578779e-16  3.3968244e-17  -1.5940482e-16  2.8810979e-16  2.1178714e-16  1.0000000   
