1.0000000   2.1687385e-16  1.9158286e-17  2.0012339e-16  -8.4956606e-17  -3.8229307e-16  3.9508454e-16  3.4156734e-16  6.6496263e-18  -5.9089018e-18  
2.1687423e-16  1.0000000   1.2056648e-16  2.0252388e-16  -1.0074647e-16  -5.1434551e-16  -3.2829642e-16  -1.4228262e-16  2.8622937e-16  2.5500435e-16  
1.9154181e-17  1.2056744e-16  1.0000000   2.5005768e-16  -6.0715322e-16  1.3528438e-17  1.3183898e-16  -1.0408341e-17  -3.1965809e-16  -1.8041124e-16  
2.0011323e-16  2.0253066e-16  2.5005768e-16  1.0000000   -4.9266147e-16  6.8001160e-16  1.2802019e-16  -5.7245875e-17  6.3837824e-16  -1.4346759e-17  
-8.4955618e-17  -1.0074691e-16  -6.0715322e-16  -4.9266147e-16  1.0000000   3.0878397e-16  2.4545829e-16  -4.1026374e-16  3.7470027e-16  3.8857806e-16  
-3.8230428e-16  -5.1434551e-16  1.3527999e-17  6.8001160e-16  3.0878494e-16  1.0000000   -2.9117605e-16  -4.0592529e-16  -2.4546501e-16  -9.7144515e-17  
3.9508370e-16  -3.2829642e-16  1.3183898e-16  1.2801975e-16  2.4546507e-16  -2.9117605e-16  1.0000000   3.9551695e-16  2.9143354e-16  -4.2587626e-16  
3.4156645e-16  -1.4229018e-16  -1.0408341e-17  -5.7245875e-17  -4.1026295e-16  -4.0592529e-16  3.9551695e-16  1.0000000   -3.8160721e-17  -2.5934624e-16  
6.6505541e-18  2.8622937e-16  -3.1966565e-16  6.3837824e-16  3.7470027e-16  -2.4546422e-16  2.9143354e-16  -3.8159759e-17  1.0000000   8.3986366e-16  
-5.9021256e-18  2.5500435e-16  -1.8041124e-16  -1.4354321e-17  3.8857806e-16  -9.7144515e-17  -4.2587546e-16  -2.5933947e-16  8.3986366e-16  1.0000000   
