1.0000000   -2.2811140e-16  6.9316769e-16  -2.2674316e-16  6.8258075e-17  1.1284967e-15  -4.2743384e-16  3.2184134e-16  -5.1028266e-17  5.0157903e-17  
-2.2811163e-16  1.0000000   9.0617845e-17  1.6174475e-16  2.1520626e-16  -2.7570169e-16  2.5495393e-16  3.7172223e-16  2.5041616e-16  8.4929953e-16  
6.9316950e-16  9.0617353e-17  1.0000000   2.3092709e-16  6.7379926e-17  -1.2478599e-15  7.3079466e-16  -9.4055023e-17  -1.4856962e-16  -3.0181910e-16  
-2.2674455e-16  1.6175085e-16  2.3091819e-16  1.0000000   4.6134242e-16  7.9278982e-16  3.8879886e-17  7.9405278e-16  -3.3964026e-16  -4.1554420e-16  
6.8261136e-17  2.1521757e-16  6.7379926e-17  4.6134242e-16  1.0000000   -6.2154406e-16  -2.5687321e-16  -5.2855395e-16  -4.5422899e-16  -1.9701023e-17  
1.1284868e-15  -2.7570169e-16  -1.2478567e-15  7.9278982e-16  -6.2154208e-16  1.0000000   5.4171895e-16  3.2177065e-16  2.7365798e-16  -4.8661515e-16  
-4.2743402e-16  2.5495393e-16  7.3079466e-16  3.8872371e-17  -2.5687966e-16  5.4172805e-16  1.0000000   -6.0172464e-16  -3.0205765e-16  2.3203621e-16  
3.2184233e-16  3.7173524e-16  -9.4055023e-17  7.9405278e-16  -5.2855669e-16  3.2177065e-16  -6.0172464e-16  1.0000000   -2.8684772e-16  -6.1386511e-16  
-5.1027018e-17  2.5041616e-16  -1.4856883e-16  -3.3964026e-16  -4.5422899e-16  2.7368468e-16  -3.0205765e-16  -2.8684801e-16  1.0000000   -1.3804604e-16  
5.0134186e-17  8.4929953e-16  -3.0181910e-16  -4.1553404e-16  -1.9701023e-17  -4.8661514e-16  2.3205315e-16  -6.1386849e-16  -1.3805282e-16  1.0000000   
