1.0000000   -3.0447450e-16  -4.5822333e-17  -3.3089487e-16  -3.8665933e-16  -8.5913096e-17  8.3348360e-17  8.0058422e-16  -2.0609690e-16  -6.6461593e-17  
-3.0445411e-16  1.0000000   -5.5687481e-16  2.9591885e-16  2.4119079e-16  4.7211056e-16  1.5064357e-16  -1.9735500e-16  2.9961018e-17  -2.4054155e-16  
-4.5822407e-17  -5.5687276e-16  1.0000000   2.4700343e-16  1.2930948e-16  -3.5041511e-17  1.3081670e-16  3.8975727e-16  -4.6922506e-16  -2.3563964e-16  
-3.3089396e-16  2.9592010e-16  2.4700349e-16  1.0000000   5.2098562e-16  -1.4711525e-16  -1.1290322e-17  3.8846585e-16  -2.2432065e-16  1.8642179e-16  
-3.8665944e-16  2.4119032e-16  1.2930948e-16  5.2098562e-16  1.0000000   -4.3345224e-16  -1.2125252e-16  3.7299236e-16  9.8931930e-17  -2.1251043e-16  
-8.5912910e-17  4.7211056e-16  -3.5041680e-17  -1.4711525e-16  -4.3344547e-16  1.0000000   3.3536245e-16  5.8178789e-16  3.7720752e-16  -9.1885216e-17  
8.3343612e-17  1.5064357e-16  1.3081670e-16  -1.1290658e-17  -1.2126305e-16  3.3536133e-16  1.0000000   -7.3020824e-16  -5.4987418e-16  6.3057537e-16  
8.0059448e-16  -1.9737144e-16  3.8975727e-16  3.8846585e-16  3.7301885e-16  5.8178789e-16  -7.3020824e-16  1.0000000   2.6447038e-16  6.7305238e-17  
-2.0610372e-16  2.9961017e-17  -4.6919360e-16  -2.2432065e-16  9.8931931e-17  3.7722308e-16  -5.4987418e-16  2.6447275e-16  1.0000000   2.1055969e-17  
-6.6466675e-17  -2.4054155e-16  -2.3563964e-16  1.8639468e-16  -2.1251043e-16  -9.1885216e-17  6.3057198e-16  6.7308626e-17  2.1054274e-17  1.0000000   
