1.0000000   -1.3656670e-16  -3.0226550e-16  -3.1946066e-16  4.5567275e-16  1.0144559e-16  5.7960460e-16  -3.4971503e-16  3.2427810e-16  -1.9287935e-16  
-1.3656527e-16  1.0000000   9.6705604e-17  -9.5877801e-17  -2.5024324e-16  2.2422019e-16  -1.0986429e-16  2.5454148e-16  -2.4731946e-16  2.1274171e-16  
-3.0225431e-16  9.6705852e-17  1.0000000   1.6594016e-16  1.0096037e-16  7.2715113e-17  5.3241250e-16  -4.8747500e-16  1.4717665e-16  1.2986266e-16  
-3.1946458e-16  -9.5867670e-17  1.6594273e-16  1.0000000   -3.5327668e-16  7.3956595e-17  -8.4087363e-17  1.8123610e-16  -1.6107772e-17  1.3732098e-17  
4.5567757e-16  -2.5024478e-16  1.0096037e-16  -3.5327668e-16  1.0000000   -3.6468392e-17  -2.6668987e-16  3.2800339e-16  3.4729707e-16  2.6127389e-16  
1.0144518e-16  2.2422019e-16  7.2706370e-17  7.3956595e-17  -3.6469098e-17  1.0000000   2.2719889e-16  1.6539580e-16  8.1495391e-16  1.2419445e-16  
5.7960940e-16  -1.0986429e-16  5.3241250e-16  -8.4083772e-17  -2.6669059e-16  2.2719990e-16  1.0000000   -9.6950909e-16  3.7828049e-16  8.9019775e-17  
-3.4971785e-16  2.5454342e-16  -4.8747500e-16  1.8123610e-16  3.2800730e-16  1.6539580e-16  -9.6950909e-16  1.0000000   1.4738517e-16  2.1916808e-16  
3.2427730e-16  -2.4731947e-16  1.4718142e-16  -1.6107772e-17  3.4729707e-16  8.1496371e-16  3.7828049e-16  1.4738696e-16  1.0000000   5.1103022e-16  
-1.9287957e-16  2.1274171e-16  1.2986266e-16  1.3738874e-17  2.6127389e-16  1.2419445e-16  8.9019775e-17  2.1917147e-16  5.1103192e-16  1.0000000   
