1.0001280   4.6291181e-05  -2.7470410e-05  -3.5161009e-05  -7.4915833e-06  -6.9969582e-07  3.8005808e-06  2.9523187e-05  8.5405804e-06  -3.7303908e-05  
4.6291181e-05  1.0000050   -6.8103798e-06  3.2661717e-05  -1.1331122e-05  4.4766494e-11  -1.9418833e-10  8.9309631e-06  3.3450067e-10  -1.4349520e-09  
-2.7470410e-05  -6.8103798e-06  0.99999999  -1.7159987e-05  2.8292262e-10  -1.1330700e-05  9.0055791e-11  -8.7171255e-10  8.9293174e-06  8.7138289e-10  
-3.5161009e-05  3.2661717e-05  -1.7159987e-05  0.99996598  -1.0672127e-10  2.1904481e-10  -1.1330467e-05  -7.4626315e-10  -4.5349662e-10  8.9305598e-06  
-7.4915833e-06  -1.1331122e-05  2.8292262e-10  -1.0672127e-10  1.0001910   -6.8103697e-06  3.2669392e-05  1.5892236e-05  -1.7218720e-10  7.9852779e-10  
-6.9969582e-07  4.4766494e-11  -1.1330700e-05  2.1904481e-10  -6.8103697e-06  1.0001860   -1.7164148e-05  -1.2886753e-10  1.5892372e-05  -2.4663030e-10  
3.8005808e-06  -1.9418833e-10  9.0055791e-11  -1.1330467e-05  3.2669392e-05  -1.7164148e-05  1.0001520   6.3128911e-10  -2.4027334e-10  1.5891695e-05  
2.9523187e-05  8.9309631e-06  -8.7171255e-10  -7.4626315e-10  1.5892236e-05  -1.2886753e-10  6.3128911e-10  1.0000850   -6.8094010e-06  3.2664856e-05  
8.5405804e-06  3.3450067e-10  8.9293174e-06  -4.5349662e-10  -1.7218720e-10  1.5892372e-05  -2.4027334e-10  -6.8094010e-06  1.0000800   -1.7162645e-05  
-3.7303908e-05  -1.4349520e-09  8.7138289e-10  8.9305598e-06  7.9852779e-10  -2.4663030e-10  1.5891695e-05  3.2664856e-05  -1.7162645e-05  1.0000460   
