1.0000000   -1.5178042e-17  8.0061222e-17  1.2983168e-16  2.2425615e-16  -1.4529886e-17  -2.5332400e-16  7.0832380e-17  -3.3464576e-16  -8.7085151e-17  
-1.5178170e-17  1.0000000   -6.8589491e-16  2.6313991e-16  -2.9694169e-16  1.0923954e-16  -4.1252160e-16  -2.0487619e-16  -5.2968811e-17  1.5764942e-16  
8.0062691e-17  -6.8589369e-16  1.0000000   1.3371375e-17  -8.0295529e-17  -1.0879480e-16  -6.6076249e-17  -5.3849038e-16  1.3982940e-15  -8.4826808e-18  
1.2983238e-16  2.6314291e-16  1.3371816e-17  1.0000000   -2.1633539e-16  1.4135395e-16  1.4858625e-16  -2.0354639e-16  9.0566227e-16  -3.9422607e-16  
2.2425260e-16  -2.9694442e-16  -8.0295529e-17  -2.1633539e-16  1.0000000   -5.7723096e-16  7.6385485e-16  4.4081829e-16  2.6757242e-16  2.7282185e-16  
-1.4541562e-17  1.0923954e-16  -1.0878756e-16  1.4135395e-16  -5.7722965e-16  1.0000000   8.3153153e-17  7.2780597e-17  -7.0012544e-16  -9.1730871e-17  
-2.5334559e-16  -4.1252160e-16  -6.6076248e-17  1.4858801e-16  7.6385721e-16  8.3155629e-17  1.0000000   3.6986961e-16  -2.3549700e-18  -6.5118199e-17  
7.0832760e-17  -2.0486352e-16  -5.3849038e-16  -2.0354639e-16  4.4081902e-16  7.2780597e-17  3.6986961e-16  1.0000000   2.8322179e-16  4.7700915e-16  
-3.3464249e-16  -5.2968810e-17  1.3982825e-15  9.0566227e-16  2.6757242e-16  -7.0012805e-16  -2.3549702e-18  2.8321807e-16  1.0000000   1.3606907e-16  
-8.7083457e-17  1.5764942e-16  -8.4826808e-18  -3.9421930e-16  2.7282185e-16  -9.1730871e-17  -6.5116505e-17  4.7700915e-16  1.3607118e-16  1.0000000   
