1.0000000   -5.1618129e-17  3.1229600e-16  1.4007261e-17  1.6174059e-16  8.4778266e-17  -1.7183527e-16  1.4882401e-15  -2.2143433e-16  3.0534182e-16  
-5.1618952e-17  1.0000000   -3.9128927e-16  1.6428674e-17  -7.2148389e-16  4.0471693e-16  -2.6544205e-16  -4.0677495e-17  -5.1282563e-16  4.3391236e-16  
3.1229851e-16  -3.9128657e-16  1.0000000   1.5787992e-16  -4.2729289e-18  1.5636472e-16  -1.7447240e-16  3.0958200e-16  -3.6838357e-16  2.4073251e-16  
1.4006256e-17  1.6431360e-17  1.5786813e-16  1.0000000   9.6882898e-17  3.6927318e-16  -5.1403844e-16  4.2869853e-16  1.2195574e-16  -1.6992497e-16  
1.6176051e-16  -7.2148596e-16  -4.2729292e-18  9.6882897e-17  1.0000000   -2.1169833e-16  -3.2057325e-16  7.5350490e-16  -2.2250384e-16  4.4905741e-16  
8.4781274e-17  4.0471693e-16  1.5635254e-16  3.6927318e-16  -2.1171511e-16  1.0000000   -1.4326217e-16  -2.5314025e-16  5.4991413e-16  1.9080339e-16  
-1.7183952e-16  -2.6544205e-16  -1.7447240e-16  -5.1404165e-16  -3.2056977e-16  -1.4326384e-16  1.0000000   -5.7285499e-16  -2.0151564e-16  -4.1405173e-16  
1.4882403e-15  -4.0688211e-17  3.0958200e-16  4.2869853e-16  7.5351206e-16  -2.5314025e-16  -5.7285499e-16  1.0000000   -9.2649395e-17  9.8603105e-16  
-2.2143336e-16  -5.1282563e-16  -3.6838465e-16  1.2195574e-16  -2.2250383e-16  5.4991699e-16  -2.0151564e-16  -9.2627230e-17  1.0000000   -2.5528895e-16  
3.0533844e-16  4.3391236e-16  2.4073251e-16  -1.6991650e-16  4.4905741e-16  1.9080339e-16  -4.1405512e-16  9.8602767e-16  -2.5529573e-16  1.0000000   
