1.0000000   -8.4738055e-18  -7.0486281e-17  2.1260285e-16  8.5788862e-17  -5.2662376e-16  -1.1852806e-17  -4.3445509e-16  -3.7429630e-16  -1.9479386e-16  
-8.4733404e-18  1.0000000   8.6325980e-17  -2.8633786e-16  5.5788197e-17  -2.9326953e-16  3.7503822e-17  4.7177797e-17  2.0818093e-16  -6.1589722e-16  
-7.0486931e-17  8.6324320e-17  1.0000000   -9.3592865e-17  -5.8906210e-17  3.7060935e-16  3.9352521e-16  -1.7489217e-17  6.5350336e-16  -3.2225034e-16  
2.1260153e-16  -2.8634496e-16  -9.3597074e-17  1.0000000   3.4539957e-16  4.3681813e-16  -7.4251783e-17  4.9353439e-16  1.5050558e-16  1.3246240e-16  
8.5790886e-17  5.5768337e-17  -5.8906210e-17  3.4539957e-16  1.0000000   1.6898758e-16  -5.6119296e-17  7.1564093e-16  -2.3224596e-16  -5.3420642e-17  
-5.2664662e-16  -2.9326953e-16  3.7063051e-16  4.3681813e-16  1.6899054e-16  1.0000000   -4.5081312e-16  -3.9959385e-16  5.5698667e-16  -6.1383122e-17  
-1.1853408e-17  3.7503822e-17  3.9352521e-16  -7.4254640e-17  -5.6127110e-17  -4.5081349e-16  1.0000000   6.5382941e-17  -3.4913606e-17  3.2592134e-17  
-4.3445398e-16  4.7177837e-17  -1.7489216e-17  4.9353439e-16  7.1564528e-16  -3.9959385e-16  6.5382941e-17  1.0000000   2.6062701e-16  -8.0674806e-17  
-3.7428546e-16  2.0818093e-16  6.5351073e-16  1.5050558e-16  -2.3224596e-16  5.5698598e-16  -3.4913606e-17  2.6062416e-16  1.0000000   -1.6878487e-16  
-1.9479556e-16  -6.1589722e-16  -3.2225034e-16  1.3246240e-16  -5.3420641e-17  -6.1383122e-17  3.2588746e-17  -8.0671418e-17  -1.6878317e-16  1.0000000   
