1.0000000   -1.6766344e-16  -4.7918686e-16  -1.2738601e-17  6.3290114e-17  -4.5234232e-16  3.6765804e-16  2.5778907e-16  1.4595435e-17  2.1383516e-16  
-1.6766399e-16  1.0000000   4.8471422e-16  -8.2056998e-16  3.2351655e-17  1.4657112e-16  -6.4945728e-16  -2.1925600e-17  -1.1960794e-16  7.1450769e-16  
-4.7918693e-16  4.8471145e-16  1.0000000   1.6097640e-16  -6.1793734e-16  5.2819175e-16  7.8610729e-18  -1.8183655e-16  -6.1081233e-16  3.0672352e-16  
-1.2738944e-17  -8.2056814e-16  1.6097160e-16  1.0000000   -2.2541690e-16  3.9857404e-16  -2.1671267e-16  -1.0124687e-16  2.4427930e-16  -7.5101795e-16  
6.3288531e-17  3.2353661e-17  -6.1793734e-16  -2.2541690e-16  1.0000000   2.2543412e-16  8.7060332e-16  -3.5389208e-16  -4.4416862e-16  4.2983491e-16  
-4.5234395e-16  1.4657112e-16  5.2818881e-16  3.9857404e-16  2.2544396e-16  1.0000000   -1.4559361e-16  -5.7975665e-16  2.4863933e-16  4.2961941e-17  
3.6765946e-16  -6.4945728e-16  7.8610728e-18  -2.1671836e-16  8.7060148e-16  -1.4557777e-16  1.0000000   -9.0819680e-17  -7.2403207e-16  -3.0599573e-16  
2.5779207e-16  -2.1927758e-17  -1.8183655e-16  -1.0124687e-16  -3.5388922e-16  -5.7975665e-16  -9.0819680e-17  1.0000000   2.2927344e-16  1.0600787e-16  
1.4592975e-17  -1.1960794e-16  -6.1081286e-16  2.4427930e-16  -4.4416862e-16  2.4864138e-16  -7.2403207e-16  2.2927150e-16  1.0000000   -5.0534663e-16  
2.1384533e-16  7.1450769e-16  3.0672352e-16  -7.5101837e-16  4.2983491e-16  4.2961941e-17  -3.0599150e-16  1.0600448e-16  -5.0536357e-16  1.0000000   
