1.0000000   3.9618510e-16  -1.0234198e-15  -8.3605707e-16  -1.3323982e-16  4.2850493e-16  1.0670787e-16  -2.5511631e-16  4.3565023e-16  2.8272943e-16  
3.9618481e-16  1.0000000   -1.3937806e-16  -1.0280750e-15  2.6580092e-16  -5.0145718e-18  4.0321334e-16  7.7084362e-18  2.1430384e-16  1.9926684e-16  
-1.0234229e-15  -1.3937889e-16  1.0000000   -8.0524073e-16  -2.8563935e-16  -1.8448588e-16  2.6382704e-17  9.4577392e-17  -2.9944704e-16  -6.9405019e-16  
-8.3605591e-16  -1.0280748e-15  -8.0523502e-16  1.0000000   7.6965922e-16  -5.3993468e-17  1.1480280e-16  6.7273941e-17  -2.0850604e-16  -1.6426171e-16  
-1.3324014e-16  2.6579479e-16  -2.8563935e-16  7.6965922e-16  1.0000000   -1.1815785e-16  -4.0369802e-18  -4.5324430e-16  2.4420555e-16  -1.5189148e-16  
4.2850946e-16  -5.0145719e-18  -1.8449140e-16  -5.3993468e-17  -1.1815707e-16  1.0000000   -1.8581178e-16  1.3036365e-16  -1.5175816e-16  2.9796885e-16  
1.0670836e-16  4.0321334e-16  2.6382703e-17  1.1480303e-16  -4.0311364e-18  -1.8580974e-16  1.0000000   -2.8298728e-16  9.2805892e-17  -2.3581397e-18  
-2.5511948e-16  7.7092976e-18  9.4577391e-17  6.7273941e-17  -4.5324765e-16  1.3036365e-16  -2.8298728e-16  1.0000000   9.1927359e-17  -1.8177327e-16  
4.3565033e-16  2.1430384e-16  -2.9944551e-16  -2.0850604e-16  2.4420555e-16  -1.5177317e-16  9.2805892e-17  9.1928264e-17  1.0000000   -2.3492967e-16  
2.8275654e-16  1.9926684e-16  -6.9405019e-16  -1.6426086e-16  -1.5189148e-16  2.9796885e-16  -2.3411991e-18  -1.8177327e-16  -2.3493306e-16  1.0000000   
