1.0000000   -4.2041990e-17  -1.2577904e-18  -7.1177873e-17  -1.3532508e-17  -6.5294470e-17  -9.4867690e-20  4.0090804e-18  6.1372001e-17  -6.3967928e-18  
-4.2040321e-17  1.0000000   -8.2849245e-17  -4.9053372e-17  -2.8052842e-16  -8.3266727e-17  1.5265567e-16  -3.2373556e-17  -6.1062266e-16  -5.5511151e-17  
-1.2572098e-18  -8.2844914e-17  1.0000000   -1.8678326e-16  -7.7715612e-16  4.4111654e-16  -1.5265567e-16  5.5511151e-17  2.7293778e-16  -2.7755576e-16  
-7.1174484e-17  -4.9046596e-17  -1.8678331e-16  1.0000000   -2.0816682e-16  3.8163916e-16  -1.9726169e-16  3.3306691e-16  -3.4694470e-16  1.3415990e-16  
-1.3531743e-17  -2.8054748e-16  -7.7715612e-16  -2.0816682e-16  1.0000000   6.2491793e-16  -2.2946461e-16  -1.0585645e-16  -2.7755576e-17  -2.4980018e-16  
-6.5294810e-17  -8.3266727e-17  4.4109748e-16  3.8163916e-16  6.2492226e-16  1.0000000   -3.1168335e-16  4.3021142e-16  -6.4223086e-17  4.9960036e-16  
-8.4703295e-20  1.5265567e-16  -1.5265567e-16  -1.9728075e-16  -2.2945784e-16  -3.1168340e-16  1.0000000   -2.3592239e-16  -4.1633363e-17  -4.1116778e-16  
4.0091362e-18  -3.2367965e-17  5.5511151e-17  3.3306691e-16  -1.0586413e-16  4.3021142e-16  -2.3592239e-16  1.0000000   8.8859590e-16  3.4213355e-17  
6.1369150e-17  -6.1062266e-16  2.7294337e-16  -3.4694470e-16  -2.7755576e-17  -6.4230771e-17  -4.1633363e-17  8.8860023e-16  1.0000000   -4.8005381e-17  
-6.4035691e-18  -5.5511151e-17  -2.7755576e-16  1.3416549e-16  -2.4980018e-16  4.9960036e-16  -4.1117547e-16  3.4220131e-17  -4.8005433e-17  1.0000000   
