1.0000000   -8.7084343e-17  4.3807508e-16  2.4554882e-17  -7.7156843e-16  1.2398050e-16  -8.7557879e-17  2.6570587e-16  -3.0433702e-16  -1.1155424e-17  
-8.7084908e-17  1.0000000   -1.5656765e-16  -1.9947018e-16  1.3879188e-16  5.6017798e-16  1.6896797e-16  1.1857714e-16  -8.5911810e-17  8.0035507e-17  
4.3807513e-16  -1.5658048e-16  1.0000000   1.1633690e-16  -6.1910771e-16  4.1248891e-16  4.9656147e-16  -2.1590029e-16  -5.7686935e-16  -1.4634693e-16  
2.4553074e-17  -1.9946937e-16  1.1633696e-16  1.0000000   -2.1343217e-16  1.6415329e-16  -4.5414722e-16  -3.2139512e-16  1.5655449e-16  -5.2420159e-16  
-7.7157024e-16  1.3878749e-16  -6.1910771e-16  -2.1343217e-16  1.0000000   -1.9819712e-16  5.3464877e-16  -6.2788816e-17  3.3396316e-16  -2.3916002e-16  
1.2397210e-16  5.6017798e-16  4.1249239e-16  1.6415329e-16  -1.9818730e-16  1.0000000   -2.6316978e-16  1.2055967e-16  1.0934911e-16  -1.8849840e-16  
-8.7551415e-17  1.6896797e-16  4.9656147e-16  -4.5414701e-16  5.3464690e-16  -2.6317057e-16  1.0000000   4.1959974e-16  -2.7110042e-16  -3.8064051e-16  
2.6570668e-16  1.1858038e-16  -2.1590029e-16  -3.2139512e-16  -6.2788539e-17  1.2055967e-16  4.1959974e-16  1.0000000   9.0955743e-16  1.4124274e-17  
-3.0434336e-16  -8.5911811e-17  -5.7686906e-16  1.5655449e-16  3.3396316e-16  1.0934877e-16  -2.7110042e-16  9.0955820e-16  1.0000000   1.4128742e-16  
-1.1151189e-17  8.0035507e-17  -1.4634693e-16  -5.2418126e-16  -2.3916002e-16  -1.8849840e-16  -3.8064094e-16  1.4125121e-17  1.4128785e-16  1.0000000   
