1.0000000   4.0575608e-17  -2.3040690e-16  -1.9062982e-16  6.6829363e-17  1.2800155e-16  -3.0882261e-16  -2.7667631e-17  5.7720309e-16  -1.2235920e-16  
4.0561103e-17  1.0000000   -3.7654706e-16  8.4144407e-17  1.3513602e-16  4.0810232e-16  1.2246286e-16  -9.5239573e-16  -5.7990320e-16  -3.3232499e-16  
-2.3043584e-16  -3.7653813e-16  1.0000000   6.9089915e-17  4.4766706e-16  -1.3580114e-16  1.1596306e-16  -8.9440072e-17  5.0119237e-16  8.0350554e-17  
-1.9063168e-16  8.4142492e-17  6.9091208e-17  1.0000000   1.0708111e-16  7.3858475e-17  3.7847372e-16  -1.0095675e-16  4.7591794e-16  -2.7326638e-16  
6.6833526e-17  1.3514827e-16  4.4766706e-16  1.0708111e-16  1.0000000   -5.2264100e-16  1.2654409e-16  -2.0316505e-16  -3.8632965e-16  1.3987840e-16  
1.2799549e-16  4.0810231e-16  -1.3580117e-16  7.3858475e-17  -5.2264123e-16  1.0000000   -1.7065665e-16  -2.0114548e-16  5.1808295e-16  -3.6740832e-16  
-3.0881846e-16  1.2246286e-16  1.1596306e-16  3.7846550e-16  1.2652771e-16  -1.7065148e-16  1.0000000   -9.1398848e-17  1.5177823e-16  -8.1467968e-16  
-2.7689217e-17  -9.5241146e-16  -8.9440070e-17  -1.0095675e-16  -2.0316251e-16  -2.0114548e-16  -9.1398848e-17  1.0000000   7.9020422e-16  5.0494683e-16  
5.7720136e-16  -5.7990320e-16  5.0120717e-16  4.7591795e-16  -3.8632965e-16  5.1807405e-16  1.5177823e-16  7.9021783e-16  1.0000000   4.7536167e-16  
-1.2235994e-16  -3.3232499e-16  8.0350557e-17  -2.7325961e-16  1.3987840e-16  -3.6740832e-16  -8.1467968e-16  5.0495361e-16  4.7535489e-16  1.0000000   
