1.0000000   6.5705091e-16  -7.4019145e-16  4.6325752e-16  8.7062332e-16  4.7191556e-16  1.1278606e-16  -3.4906267e-16  1.2193809e-16  6.9087395e-17  
6.5705015e-16  1.0000000   -1.0209445e-15  -1.5425160e-16  -8.6176115e-17  -1.3989724e-16  3.4878268e-16  1.5185613e-16  -3.8107249e-17  1.0542360e-17  
-7.4019150e-16  -1.0209439e-15  1.0000000   3.0904910e-16  -4.5717291e-17  -9.1274110e-16  1.1044780e-16  2.1069537e-16  -9.0713140e-17  -3.6446253e-17  
4.6325914e-16  -1.5425406e-16  3.0904794e-16  1.0000000   3.9307591e-16  1.4680251e-16  -7.8569116e-16  -2.8466720e-16  -1.1099858e-16  5.2305343e-17  
8.7059603e-16  -8.6144587e-17  -4.5717291e-17  3.9307591e-16  1.0000000   2.4597324e-16  -1.2427547e-17  3.8064435e-16  1.6145144e-16  1.2914029e-16  
4.7191840e-16  -1.3989724e-16  -9.1272533e-16  1.4680251e-16  2.4596991e-16  1.0000000   8.2297845e-17  -2.6764089e-16  2.6184624e-16  1.9629861e-16  
1.1278503e-16  3.4878268e-16  1.1044780e-16  -7.8568955e-16  -1.2429078e-17  8.2297550e-17  1.0000000   -3.5501136e-16  1.5123137e-16  -9.5173284e-17  
-3.4906768e-16  1.5185658e-16  2.1069537e-16  -2.8466720e-16  3.8064434e-16  -2.6764089e-16  -3.5501136e-16  1.0000000   6.2520273e-16  4.6800603e-16  
1.2191935e-16  -3.8107249e-17  -9.0712515e-17  -1.1099858e-16  1.6145144e-16  2.6184635e-16  1.5123137e-16  6.2520627e-16  1.0000000   3.4558775e-16  
6.9093325e-17  1.0542360e-17  -3.6446253e-17  5.2305132e-17  1.2914029e-16  1.9629861e-16  -9.5173363e-17  4.6800603e-16  3.4558944e-16  1.0000000   
