1.0000000   -2.9376565e-17  -3.8570080e-17  -3.2496334e-16  2.9222059e-17  -1.5803096e-16  -1.1300267e-16  2.2227725e-16  1.9837463e-17  4.4267435e-16  
-2.9373429e-17  1.0000000   3.4563161e-17  8.7206065e-17  2.9490636e-16  -1.4571677e-16  -2.2204460e-16  1.8510038e-16  2.3592239e-16  3.0531133e-16  
-3.8571997e-17  3.4561602e-17  1.0000000   2.6171963e-16  -3.7643499e-16  9.1510030e-17  -1.1102230e-16  -9.0205621e-17  5.5980065e-16  -4.1633363e-16  
-3.2496334e-16  8.7206065e-17  2.6172640e-16  1.0000000   -6.2450045e-17  -1.6653345e-16  -3.4043612e-16  4.1633363e-17  -1.1796120e-16  -1.0286371e-16  
2.9224750e-17  2.9489954e-16  -3.7643499e-16  -6.2450045e-17  1.0000000   -4.5853199e-16  1.9822837e-16  1.7187217e-16  3.0401029e-16  -5.0306981e-17  
-1.5802798e-16  -1.4571677e-16  9.1503211e-17  -1.6653345e-16  -4.5853355e-16  1.0000000   1.8192235e-16  -2.2898350e-16  4.7718350e-16  1.2490009e-16  
-1.1299589e-16  -2.2204460e-16  -1.1102230e-16  -3.4044293e-16  1.9822837e-16  1.8192912e-16  1.0000000   9.7144515e-17  -4.8572257e-17  -3.9798449e-16  
2.2227722e-16  1.8510766e-16  -9.0205621e-17  4.1633363e-17  1.7188020e-16  -2.2898350e-16  9.7144515e-17  1.0000000   -2.2682714e-17  -2.1810527e-16  
1.9837916e-17  2.3592239e-16  5.5980793e-16  -1.1796120e-16  3.0401029e-16  4.7719154e-16  -4.8572257e-17  -2.2684272e-17  1.0000000   6.7458382e-16  
4.4267456e-16  3.0531133e-16  -4.1633363e-16  -1.0285644e-16  -5.0306981e-17  1.2490009e-16  -3.9797646e-16  -2.1810527e-16  6.7459059e-16  1.0000000   
