1.0000000   -9.4372823e-18  -2.8322596e-17  -3.9437854e-18  -1.2952656e-17  2.1415086e-19  -1.3295029e-17  -4.4383730e-17  -1.1855905e-17  1.5029753e-17  
-9.4314389e-18  1.0000000   2.4834881e-16  3.2556558e-16  -1.7845347e-16  -5.0618689e-16  2.3939184e-16  5.7586612e-17  2.2551405e-17  -9.0205621e-17  
-2.8322559e-17  2.4834882e-16  1.0000000   2.4179741e-16  -2.7755576e-17  4.8551194e-16  3.5041414e-16  -5.5511151e-17  -4.1425817e-16  1.3877788e-17  
-3.9370091e-18  3.2556897e-16  2.4179741e-16  1.0000000   1.5612511e-17  1.3866946e-16  -2.3743407e-16  -2.4806546e-16  -2.7235159e-16  -1.3496769e-16  
-1.2954788e-17  -1.7846164e-16  -2.7755576e-17  1.5612511e-17  1.0000000   4.3765051e-16  5.0294106e-16  6.7358800e-16  4.9960036e-16  4.0939474e-16  
2.1219034e-19  -5.0618689e-16  4.8550377e-16  1.3866946e-16  4.3765052e-16  1.0000000   1.3912347e-16  -4.0766002e-17  3.4073793e-16  -2.7105054e-19  
-1.3322134e-17  2.3939184e-16  3.5041414e-16  -2.3744224e-16  5.0294445e-16  1.3912347e-16  1.0000000   -2.7755576e-17  2.0122792e-16  -5.1526415e-17  
-4.4390573e-17  5.7590701e-17  -5.5511151e-17  -2.4806546e-16  6.7359594e-16  -4.0766002e-17  -2.7755576e-17  1.0000000   5.1983304e-16  3.7110207e-16  
-1.1878781e-17  2.2551405e-17  -4.1425408e-16  -2.7235159e-16  4.9960036e-16  3.4074587e-16  2.0122792e-16  5.1983305e-16  1.0000000   1.9322516e-16  
1.5029753e-17  -9.0205621e-17  1.3877788e-17  -1.3496360e-16  4.0939474e-16  -2.7105054e-19  -5.1518471e-17  3.7110546e-16  1.9322516e-16  1.0000000   
