1.0000000   7.3324706e-17  3.9360149e-17  3.1452009e-17  -1.8900032e-16  3.9766815e-16  -1.0055280e-17  6.3604196e-16  -8.5565197e-17  4.1598000e-16  
7.3324741e-17  1.0000000   2.6915296e-16  4.9661088e-16  3.8971317e-16  -6.0227099e-16  -2.2904638e-16  -1.8414227e-16  -1.4877212e-16  -2.1639957e-16  
3.9359861e-17  2.6915516e-16  1.0000000   3.7073340e-16  1.0259648e-17  -6.7151578e-16  7.1116907e-18  -8.3474151e-17  -2.4611745e-16  -1.8790897e-16  
3.1455545e-17  4.9661227e-16  3.7073291e-16  1.0000000   -2.0900999e-16  -2.5245068e-16  2.0711235e-16  -1.6107276e-16  1.7244543e-16  4.8627145e-16  
-1.8900288e-16  3.8971730e-16  1.0259648e-17  -2.0900999e-16  1.0000000   -4.5288919e-16  1.7465149e-17  6.6548128e-16  -1.3422752e-16  -3.1265110e-16  
3.9767939e-16  -6.0227099e-16  -6.7150395e-16  -2.5245068e-16  -4.5288717e-16  1.0000000   5.6019404e-16  -3.7920469e-16  -9.7963199e-16  3.8478979e-16  
-1.0055392e-17  -2.2904638e-16  7.1116906e-18  2.0710292e-16  1.7467980e-17  5.6019294e-16  1.0000000   -2.9037879e-16  3.2917411e-16  4.3010300e-16  
6.3603601e-16  -1.8414796e-16  -8.3474151e-17  -1.6107276e-16  6.6547189e-16  -3.7920469e-16  -2.9037879e-16  1.0000000   -7.6273810e-16  5.4598558e-16  
-8.5566256e-17  -1.4877212e-16  -2.4611634e-16  1.7244543e-16  -1.3422752e-16  -9.7963770e-16  3.2917411e-16  -7.6274372e-16  1.0000000   -6.5795656e-16  
4.1597979e-16  -2.1639957e-16  -1.8790897e-16  4.8626129e-16  -3.1265110e-16  3.8478979e-16  4.3012333e-16  5.4598219e-16  -6.5795783e-16  1.0000000   
