1.0000000   -7.4010389e-16  5.0522628e-16  -3.0349862e-16  1.5753641e-16  -5.0276821e-17  3.6936745e-16  -5.0543225e-17  2.7477464e-17  -8.0104922e-16  
-7.4009828e-16  1.0000000   5.8234240e-16  -7.6880206e-17  2.4246720e-16  -3.4032677e-16  1.0523456e-16  -7.2254524e-16  1.4913359e-16  -1.8278515e-16  
5.0522562e-16  5.8234175e-16  1.0000000   -1.0405366e-16  1.0190566e-16  -6.0109480e-16  -5.2280352e-17  2.9487714e-16  -1.0130869e-16  -1.9580600e-16  
-3.0349880e-16  -7.6885596e-17  -1.0405314e-16  1.0000000   9.1698059e-18  -6.2821212e-16  6.4729063e-16  -4.9339718e-16  -4.1010801e-16  -4.2926275e-16  
1.5753175e-16  2.4244542e-16  1.0190566e-16  9.1698057e-18  1.0000000   1.0358496e-16  7.3283220e-16  -4.9898905e-16  5.6167482e-18  -4.7964332e-16  
-5.0275701e-17  -3.4032677e-16  -6.0110639e-16  -6.2821212e-16  1.0358353e-16  1.0000000   4.8185921e-16  2.7751644e-16  -4.6952648e-16  -1.1207210e-16  
3.6936742e-16  1.0523456e-16  -5.2280352e-17  6.4729449e-16  7.3282097e-16  4.8185975e-16  1.0000000   1.7254239e-16  2.7268128e-16  -6.0103425e-16  
-5.0538801e-17  -7.2252419e-16  2.9487714e-16  -4.9339718e-16  -4.9901051e-16  2.7751644e-16  1.7254239e-16  1.0000000   -2.3475598e-16  1.6101419e-16  
2.7476852e-17  1.4913359e-16  -1.0131023e-16  -4.1010801e-16  5.6167481e-18  -4.6949313e-16  2.7268128e-16  -2.3475499e-16  1.0000000   -2.4704859e-16  
-8.0104245e-16  -1.8278515e-16  -1.9580600e-16  -4.2924919e-16  -4.7964332e-16  -1.1207210e-16  -6.0105458e-16  1.6102096e-16  -2.4704796e-16  1.0000000   
