1.0000000   2.7392281e-16  1.6141531e-16  -3.2779776e-16  -1.4843373e-16  8.2919764e-17  -4.9852887e-16  -2.7414721e-16  7.6907061e-16  3.2593320e-16  
2.7392026e-16  1.0000000   -4.5929828e-16  1.7602671e-16  3.8975809e-16  -1.6679547e-18  -4.2135439e-16  -2.0528716e-16  1.9950938e-16  -2.4353105e-17  
1.6141278e-16  -4.5929837e-16  1.0000000   -4.2358627e-16  1.1792318e-16  4.2481102e-16  3.0211905e-16  -1.8482517e-16  8.3228263e-17  -3.8196968e-16  
-3.2780194e-16  1.7602661e-16  -4.2357728e-16  1.0000000   -1.1917873e-15  -7.0616175e-16  -4.2738194e-16  -8.7283685e-17  1.3782576e-16  -4.1271511e-16  
-1.4843403e-16  3.8975656e-16  1.1792318e-16  -1.1917873e-15  1.0000000   -3.6641471e-16  -6.4032576e-16  -3.0770158e-16  -2.1551447e-16  -4.0955040e-16  
8.2916903e-17  -1.6679555e-18  4.2480332e-16  -7.0616175e-16  -3.6641441e-16  1.0000000   -3.6656296e-16  -4.2536605e-16  8.6940066e-17  -2.4093439e-16  
-4.9853410e-16  -4.2135438e-16  3.0211905e-16  -4.2738473e-16  -6.4032528e-16  -3.6656773e-16  1.0000000   -3.1611974e-16  -3.1781532e-16  -3.5547601e-16  
-2.7414756e-16  -2.0527545e-16  -1.8482517e-16  -8.7283685e-17  -3.0769039e-16  -4.2536605e-16  -3.1611974e-16  1.0000000   -4.2415680e-16  -3.6786302e-16  
7.6907067e-16  1.9950938e-16  8.3240882e-17  1.3782576e-16  -2.1551447e-16  8.6937889e-17  -3.1781532e-16  -4.2415731e-16  1.0000000   -1.2226006e-15  
3.2592557e-16  -2.4353105e-17  -3.8196968e-16  -4.1271850e-16  -4.0955040e-16  -2.4093439e-16  -3.5548956e-16  -3.6786302e-16  -1.2226006e-15  1.0000000   
