1.0000000   -7.2924752e-17  -1.7355874e-16  1.5628338e-16  1.7579020e-16  -4.1798364e-17  1.9020245e-16  -7.2509954e-17  -5.6683079e-16  -3.5144075e-16  
-7.2924802e-17  1.0000000   2.1695358e-16  -1.2090460e-17  6.7321490e-16  1.6932224e-19  6.8433620e-17  2.0230034e-16  9.8061909e-17  3.1066271e-16  
-1.7355595e-16  2.1695440e-16  1.0000000   7.7774542e-16  -4.4760316e-16  -1.1670185e-16  2.2370786e-16  1.0032072e-16  8.9049259e-17  -3.4243675e-16  
1.5628424e-16  -1.2090304e-17  7.7774969e-16  1.0000000   6.4289928e-16  1.3849644e-16  -3.5356604e-16  -1.3799632e-16  2.7393671e-16  5.2771508e-16  
1.7578778e-16  6.7321846e-16  -4.4760316e-16  6.4289928e-16  1.0000000   8.7175018e-17  6.3089156e-17  9.4076100e-17  -6.4285427e-16  4.0111490e-16  
-4.1801220e-17  1.6932208e-19  -1.1670287e-16  1.3849644e-16  8.7174433e-17  1.0000000   2.5836986e-16  -8.7865412e-17  2.2407577e-16  -5.8128677e-16  
1.9020751e-16  6.8433620e-17  2.2370786e-16  -3.5356135e-16  6.3086820e-17  2.5837199e-16  1.0000000   -1.7047369e-16  -7.9978826e-17  9.5320853e-17  
-7.2535998e-17  2.0226257e-16  1.0032072e-16  -1.3799632e-16  9.4076904e-17  -8.7865412e-17  -1.7047369e-16  1.0000000   -3.3005334e-16  2.2328974e-16  
-5.6684553e-16  9.8061910e-17  8.9051777e-17  2.7393671e-16  -6.4285427e-16  2.2407474e-16  -7.9978826e-17  -3.3004521e-16  1.0000000   -5.8849816e-16  
-3.5145769e-16  3.1066271e-16  -3.4243675e-16  5.2774896e-16  4.0111490e-16  -5.8128677e-16  9.5317465e-17  2.2329652e-16  -5.8850494e-16  1.0000000   
