1.0000000   -2.9261713e-16  1.8640399e-17  -1.5358601e-16  -2.8741432e-17  9.1227694e-17  1.2231228e-16  4.5212802e-16  5.2666268e-17  2.8334946e-16  
-2.9261721e-16  1.0000000   -1.4706929e-16  1.0526519e-16  7.2182720e-16  4.1925402e-16  -3.8859710e-17  3.6032021e-16  -1.3175581e-16  4.1773416e-16  
1.8636265e-17  -1.4706939e-16  1.0000000   6.7524161e-16  -5.9556148e-16  -2.0732827e-16  -3.6966695e-16  -4.7040329e-17  4.5817700e-16  -2.5463399e-17  
-1.5358030e-16  1.0526058e-16  6.7524780e-16  1.0000000   -5.8818933e-17  4.9546364e-16  -3.1488463e-17  -1.9706987e-16  -7.8466986e-17  3.0185883e-16  
-2.8737257e-17  7.2181254e-16  -5.9556148e-16  -5.8818933e-17  1.0000000   7.7103671e-17  5.1155767e-16  -1.6937029e-16  -2.1252211e-16  -2.8564665e-16  
9.1235256e-17  4.1925402e-16  -2.0733096e-16  4.9546364e-16  7.7106116e-17  1.0000000   2.5884782e-16  5.4361106e-16  -3.7722644e-17  1.1211728e-16  
1.2231170e-16  -3.8859710e-17  -3.6966695e-16  -3.1490259e-17  5.1154129e-16  2.5885387e-16  1.0000000   4.3782280e-17  -2.8921902e-16  2.4363717e-16  
4.5212307e-16  3.6031889e-16  -4.7040330e-17  -1.9706987e-16  -1.6937606e-16  5.4361106e-16  4.3782281e-17  1.0000000   -6.9275367e-17  -2.7518406e-17  
5.2665375e-17  -1.3175581e-16  4.5820586e-16  -7.8466986e-17  -2.1252211e-16  -3.7740319e-17  -2.8921902e-16  -6.9270580e-17  1.0000000   -2.9957184e-16  
2.8336979e-16  4.1773416e-16  -2.5463399e-17  3.0186221e-16  -2.8564665e-16  1.1211728e-16  2.4362700e-16  -2.7518406e-17  -2.9958539e-16  1.0000000   
