1.0000000   3.9126114e-17  -1.6757387e-16  -5.5341745e-17  9.1644328e-17  -1.2412017e-16  1.0493383e-16  1.5041377e-16  -2.3993616e-17  1.7089059e-16  
3.9126029e-17  1.0000000   -3.8928329e-16  2.3995088e-16  -1.8152628e-16  -3.4694470e-16  1.3877788e-17  -1.3546588e-16  3.6082248e-16  5.5511151e-17  
-1.6757401e-16  -3.8927699e-16  1.0000000   2.2455352e-16  2.9143354e-16  -3.4112084e-16  6.2450045e-17  1.1102230e-16  -3.7138827e-16  -2.4980018e-16  
-5.5348521e-17  2.3995088e-16  2.2455013e-16  1.0000000   1.1102230e-16  1.8388069e-16  1.8623509e-16  6.9388939e-18  1.9428903e-16  2.1147881e-16  
9.1644375e-17  -1.8152805e-16  2.9143354e-16  1.1102230e-16  1.0000000   6.2336609e-18  -1.3474939e-16  -3.1875848e-16  -5.5511151e-17  -6.9388939e-17  
-1.2412527e-16  -3.4694470e-16  -3.4112261e-16  1.8388069e-16  6.2399592e-18  1.0000000   -1.4667731e-16  -2.6367797e-16  -1.3834724e-16  -6.9388939e-17  
1.0493044e-16  1.3877788e-17  6.2450045e-17  1.8623333e-16  -1.3474939e-16  -1.4668070e-16  1.0000000   -3.0531133e-16  1.8041124e-16  -2.2161396e-16  
1.5041703e-16  -1.3546627e-16  1.1102230e-16  6.9388939e-18  -3.1876169e-16  -2.6367797e-16  -3.0531133e-16  1.0000000   5.4805918e-17  -2.3189390e-16  
-2.3991761e-17  3.6082248e-16  -3.7138866e-16  1.9428903e-16  -5.5511151e-17  -1.3835044e-16  1.8041124e-16  5.4812217e-17  1.0000000   9.9653426e-17  
1.7090414e-16  5.5511151e-17  -2.4980018e-16  2.1147843e-16  -6.9388939e-17  -6.9388939e-17  -2.2161717e-16  -2.3189390e-16  9.9650038e-17  1.0000000   
