1.0000000   0.0000000   0.0000000   0.0000000   0.0000000   0.0000000   0.0000000   0.0000000   0.0000000   0.0000000   
0.0000000   0.97711098  0.013962401  0.0070795679  0.0039543589  -0.0031879885  -0.0017176591  -0.20772699  -0.039389391  -0.016681605  
0.0000000   0.0075277199  -0.74684006  0.21871794  0.27786892  0.56203873  -0.032926783  -0.010484899  0.0029189293  -0.0058291018  
0.0000000   -0.0080158399  0.12570801  0.90774973  -0.39952189  0.010359995  -0.015694792  -0.0039278298  -0.0065861685  -0.0096682430  
0.0000000   -0.012372800  0.64844705  0.11207897  0.47343787  0.58493772  0.018066691  -0.011945899  0.0059733386  -0.0011818304  
0.0000000   0.20324200  0.0028141802  0.019149794  0.022991094  -0.0016357792  -0.059369370  0.90239495  0.14646497  0.34423011  
0.0000000   -0.035741599  0.023240802  -0.0077592677  0.020967594  -0.014256493  -0.73944863  -0.079323695  -0.57138087  0.34340511  
0.0000000   0.011413800  0.068406005  -0.33915590  -0.73311780  0.58416672  -0.025375987  0.026231398  -0.0091696479  -0.0059301619  
0.0000000   0.015344000  0.022609602  -0.0092529073  0.0097622973  -0.017905891  -0.66766966  -0.014613299  0.64911385  -0.36250111  
0.0000000   -0.045050299  -0.0031288402  0.0012695296  -0.022068894  0.0081108061  0.040052880  -0.36752098  0.47853989  0.79481425  
