1.0000000   0.0000000   0.0000000   0.0000000   0.0000000   0.0000000   0.0000000   0.0000000   0.0000000   0.0000000   
0.0000000   -0.97519142  0.0081324797  -0.0023828894  -0.00049655363  -0.0020557089  0.018126494  0.20858209  -0.071322440  0.0018592795  
0.0000000   -0.0060504426  -0.72163297  -0.40607790  -0.11199092  0.54857570  0.023410093  0.0033652414  0.014953708  0.0070253081  
0.0000000   0.0057931225  0.22982899  -0.77274282  0.57109657  -0.15341492  0.013257296  0.0044914619  -0.010097606  0.0052885286  
0.0000000   -0.0054217323  -0.61113898  0.32537092  0.56574958  -0.44752375  0.0074134077  -0.0055370523  -0.011929907  -0.0060235184  
0.0000000   0.19296108  -0.0033131799  0.0025840494  -0.0041282269  -0.0044883875  0.089285672  0.88875437  -0.027368715  -0.40510189  
0.0000000   -0.054783324  -0.0072667697  -0.0095069377  0.021189584  0.0025885586  -0.73649277  0.033040914  0.65359036  -0.16033396  
0.0000000   0.00010854505  -0.22953699  -0.36324891  -0.58359556  -0.68822762  -0.027007992  -0.0065279528  -0.017729710  -0.0058920884  
0.0000000   0.064745328  -0.010599000  3.7232091e-05  0.013108190  0.034037281  -0.66721379  0.11824605  -0.70634139  0.19049995  
0.0000000   -0.066896729  0.0019129899  -0.0071381683  0.0034507874  0.020095789  -0.050937884  -0.38914316  -0.25939214  -0.87962676  
