1.0000000   0.0000000   0.0000000   0.0000000   0.0000000   0.0000000   0.0000000   0.0000000   0.0000000   0.0000000   
0.0000000   -0.97886491  -0.014712108  -0.0013214801  -0.0030142200  -0.0020897412  -0.0024224806  -0.19849297  -0.030591682  0.035364711  
0.0000000   -0.013611599  0.73793240  0.23404903  -0.014796100  -0.63205737  -0.018940205  0.014816098  0.0056581967  -0.012878004  
0.0000000   0.0053480995  -0.16671409  0.92213410  -0.30857100  0.15185209  0.052558214  -0.014395898  -0.024403086  -0.0025031108  
-0.0000000  0.0065560594  -0.64909735  0.053872606  0.15221000  -0.74197044  0.038423810  0.016924598  0.0042891075  -0.016086505  
-0.0000000  -0.19465498  -0.0098428953  0.014884002  0.00049397201  0.031087418  -0.11893703  0.88343688  0.038524677  -0.40587213  
-0.0000000  0.045187896  -0.035388919  -0.0060228407  -0.077802301  -0.025989115  -0.73378919  -0.14576398  -0.62927463  -0.18509406  
0.0000000   0.00083427392  0.057375831  0.30079803  0.93430501  0.15835809  -0.084766622  -0.022166497  -0.023208086  -0.0031058410  
0.0000000   0.0051915495  0.038016520  -0.034567004  0.049035601  0.0085773250  0.65414717  0.047029994  -0.73361557  -0.16292105  
0.0000000   -0.040078296  -0.0056979631  0.0073536108  -0.0019536100  -0.011290207  -0.087809823  0.39430395  -0.24943185  0.87907528  
