1.0000000   0.0000000   0.0000000   0.0000000   0.0000000   0.0000000   0.0000000   0.0000000   0.0000000   0.0000000   
0.0000000   -0.97620130  0.0077847536  -0.0037196394  0.0013075992  -0.00078226931  0.011002698  0.20120405  -0.076442012  0.022510806  
0.0000000   0.010360503  0.62732629  -0.53181291  -0.15651590  0.54553722  0.032929895  0.015955304  -0.0060513910  -0.0067309018  
0.0000000   -0.00076456924  -0.43038020  -0.69469388  -0.47817869  -0.32089313  0.022185796  0.0033001908  0.0059443510  -0.0026414307  
0.0000000   -0.00093323029  0.56999627  0.27672095  -0.54878865  -0.54403322  0.028324695  -0.021186405  0.0042177407  0.010953003  
0.0000000   0.16253405  0.0023916311  0.019914197  -0.011944192  -0.020293808  -0.023230896  0.79927518  -0.14079002  -0.55984215  
0.0000000   -0.084278826  0.012577106  -0.0043863592  -0.044530671  0.020560308  -0.73554688  -0.11167603  0.58828409  -0.30122308  
0.0000000   0.0039017212  0.30993814  -0.39688493  0.66471857  -0.55002222  -0.044030893  -0.0033548508  0.00025056104  -0.0089303024  
0.0000000   0.064904220  0.0062943729  -0.0072826088  -0.041115474  0.0077410031  -0.67252589  0.064262615  -0.66608011  0.30636708  
0.0000000   -0.095780930  -0.0037207017  -0.00021556396  -0.0029618681  0.0051566621  0.041245593  -0.55077113  -0.42954007  -0.70797019  
