1.0000000   0.0000000   0.0000000   0.0000000   0.0000000   0.0000000   0.0000000   0.0000000   0.0000000   0.0000000   
-0.0000000  -0.97486582  0.034449692  0.017335107  -0.0017990806  -0.0045888882  -0.0093967332  0.21642308  0.011798492  0.032536997  
0.0000000   0.027870495  0.75558183  0.0099464139  0.56708319  -0.32517188  0.013418705  0.0053892419  0.014454190  -0.021968298  
0.0000000   -0.016758097  0.021171195  -0.92829436  -0.19024906  -0.31527488  -0.036470212  -0.017174806  0.0029612779  0.017708598  
-0.0000000  0.023488696  0.65208785  0.037641915  -0.67641822  0.33806987  0.023745908  -0.00055313919  -0.010030793  0.017740198  
0.0000000   0.21382296  -0.0058330987  -0.018306007  0.012995904  0.015376494  -0.099221633  0.91005332  0.010292193  0.33964497  
0.0000000   0.0041778492  -0.017339696  -0.016554106  -0.0054521118  -0.046722382  0.73824325  0.092095932  -0.66599953  -0.012412999  
-0.0000000  -0.014819797  0.037305192  -0.36748814  0.42818914  0.82234368  0.055812619  -0.021814208  0.0055168261  0.011137699  
0.0000000   0.016588197  -0.022237295  -0.0083620332  -0.027723109  -0.035608386  0.66017122  0.069763624  0.74551547  -0.025262398  
0.0000000   -0.042364392  0.0046048690  0.026966510  0.019101106  -0.024783590  0.063632121  -0.33289112  0.0075282747  0.93891192  
