1.0000000   0.0000000   0.0000000   0.0000000   0.0000000   0.0000000   0.0000000   0.0000000   0.0000000   0.0000000   
-0.0000000  -0.97911650  -0.026662883  -0.010672797  0.0048133615  -0.00080330592  0.0014705501  -0.19336700  0.054695003  -0.0098885596  
0.0000000   0.022573889  -0.74660952  0.23130094  -0.051525416  -0.62054794  -0.0093184204  -0.016808300  0.020219001  -0.0072254697  
-0.0000000  0.014690993  -0.13629491  -0.90502677  -0.37227312  -0.14057099  -0.056355203  -0.012534800  0.011130501  0.018171099  
0.0000000   0.013892993  -0.64618759  -0.11252697  0.24004307  0.71488993  -0.0037842802  0.022350000  -0.019542401  0.0012429800  
-0.0000000  0.19267090  0.0081357048  0.0059349985  0.010395603  0.037034096  -0.070212003  -0.87364598  0.31092202  -0.31054399  
0.0000000   0.036347981  -0.017134089  0.0042985189  -0.082949026  0.029543897  0.72764203  -0.085310498  0.42433602  0.52326998  
0.0000000   -0.0097322050  -0.071296554  0.33687192  -0.88833728  0.28605597  -0.097073504  0.018191000  0.0015875301  -0.024730699  
-0.0000000  0.013651793  0.016549789  0.027190893  0.069217421  0.0033943896  -0.67089503  0.031397299  0.48158002  0.55766698  
0.0000000   0.041084779  -0.0033332279  0.019361095  -0.013830104  -0.0028445697  -0.052954102  -0.43568199  -0.69816804  0.56361798  
