1.0000000   0.0000000   0.0000000   0.0000000   0.0000000   0.0000000   0.0000000   0.0000000   0.0000000   0.0000000   
0.0000000   0.97949193  -0.00099100783  -0.00063698289  -0.0049313031  -0.0052078984  -0.0047922298  -0.19401999  0.053068214  0.0077310710  
0.0000000   0.0023734498  -0.75374587  0.22102696  0.097822762  0.61065781  -0.0056936898  0.00088572496  0.013953604  0.017560302  
0.0000000   -0.0045595697  0.12316498  0.91072084  -0.37030524  -0.11709196  0.061721498  -0.020511099  -0.016981904  -0.0064995509  
0.0000000   0.0059904196  0.63811489  0.13154698  0.31801620  0.68816079  0.0077111897  0.0049314598  0.015690904  0.020926003  
0.0000000   0.19250599  -0.0013449498  0.014823297  -0.00025373116  0.0061018381  0.0013513100  0.89064796  -0.24817506  -0.32838504  
0.0000000   -0.031760098  0.018603597  0.028422995  -0.064143041  0.018084894  -0.72706597  -0.022356999  0.50237213  -0.46031906  
0.0000000   0.0017270999  -0.094319684  0.32095494  0.86229555  -0.37147189  -0.080628097  -0.0029435199  -0.0046706712  0.0035325405  
0.0000000   -0.026729098  -0.016040097  -0.013853298  0.064474841  -0.016993695  0.67892498  -0.023846499  0.54248614  -0.48845807  
0.0000000   0.041818297  0.0019747997  0.014068998  -0.017928911  -0.033895390  -0.0029379199  0.40936498  0.62303516  0.66394109  
