1.0000000   0.0000000   0.0000000   0.0000000   0.0000000   0.0000000   0.0000000   0.0000000   0.0000000   0.0000000   
0.0000000   -0.97825633  -0.0013799798  0.035545286  -0.0091366480  -0.010529099  -0.0017395001  -0.18862303  -0.077256198  -0.0021532606  
0.0000000   0.026290109  -0.45755394  0.80261267  0.20820996  0.31911198  0.0057990302  -0.012649102  0.0066756098  0.018540205  
0.0000000   0.022262007  0.60798992  0.43041282  0.43505191  -0.49868297  0.072693303  -0.021305503  -0.028124799  0.010672503  
0.0000000   -0.010054803  -0.56757392  -0.31912587  0.63069686  -0.42074397  -0.027841701  -0.0037099606  -0.016748300  -0.0066482320  
0.0000000   0.11677304  -0.032774396  -0.015682094  -0.030613893  -0.018214899  0.36599301  -0.75172611  0.35895599  -0.39482012  
0.0000000   -0.12922804  -0.053086893  0.00022321291  -0.041425691  -0.059839796  0.63081502  0.43332307  0.57127699  0.25125907  
0.0000000   0.027338509  -0.30193296  0.25593290  -0.60318687  -0.68426496  -0.097911404  -0.012950902  -0.024958399  0.012526804  
0.0000000   0.016122705  -0.056819192  -0.0047537781  -0.050488989  -0.0058552496  0.61486002  0.18846203  -0.66203098  -0.37689511  
0.0000000   -0.10190003  0.023802097  0.041011183  0.021881295  -0.013511199  -0.27273701  0.41862606  0.31432399  -0.79892023  
