1.0000000   0.0000000   0.0000000   0.0000000   0.0000000   0.0000000   0.0000000   0.0000000   0.0000000   0.0000000   
0.0000000   -0.98033998  -0.021280789  -0.012413495  -0.0062498217  -0.0016436604  0.0045977777  0.17268805  -0.091465168  -0.0087534526  
0.0000000   0.020293300  -0.45475677  -0.79726066  0.21660506  0.33047808  0.027585786  0.011083803  -0.0030305689  0.011564503  
0.0000000   -0.010920500  0.61298868  -0.47021280  0.35718610  -0.52459913  0.0088573856  -0.0074043921  0.0099866165  -0.0026894408  
0.0000000   -0.0015013400  0.55797871  -0.28088288  -0.60613517  0.48994812  -0.041581379  0.022114406  -0.0041777185  0.0088069126  
0.0000000   -0.10520200  0.0024798587  -0.016785093  -0.036205810  0.0093140524  0.29935885  -0.76058622  -0.24044792  -0.51119915  
0.0000000   0.12368300  0.017497091  0.010058896  -0.029396508  -0.017673304  0.66379267  0.35863210  -0.63052178  0.12776404  
0.0000000   -0.015986100  0.32432383  0.25255289  0.67421719  0.61239515  0.029990085  -0.010224503  -0.013162795  -0.0010569503  
0.0000000   -0.031845899  0.011373294  0.0072612169  -0.030034908  0.010076703  0.63556068  0.17331205  0.71934175  -0.21534506  
0.0000000   0.10375700  -0.0044178277  -0.0027801488  0.020399806  -0.00033402708  -0.24967287  0.48193614  -0.13604795  -0.82199924  
