1.0000000   0.0000000   0.0000000   0.0000000   0.0000000   0.0000000   0.0000000   0.0000000   0.0000000   0.0000000   
0.0000000   0.97752603  -0.022703990  0.0059679310  0.0023479904  -0.0011534800  9.2348889e-05  0.20138899  0.030563808  -0.048920716  
0.0000000   -0.018640401  -0.70695170  -0.35885306  -0.021734204  -0.60611598  0.052810194  0.018126099  -0.0095975824  -0.0061811120  
0.0000000   0.010013600  0.26307989  -0.87881814  0.34144606  0.20282199  0.020293898  0.00037533298  0.0012939303  -0.015215405  
0.0000000   -0.011417900  -0.65023973  0.067086111  0.24760405  0.71341398  0.043867495  -0.019063499  0.0011439203  -0.00080793626  
0.0000000   -0.19292201  -0.0028522088  0.019400703  0.042358308  0.011783100  -0.18773898  0.85060395  -0.13047403  -0.42972914  
0.0000000   0.067543702  -0.039334583  -0.014311502  0.044591608  -0.0093027797  -0.72376591  -0.22405899  -0.64483716  0.041912913  
0.0000000   0.0040537701  0.065891372  0.30585305  0.90305517  -0.28651699  0.057346193  -0.034495398  0.0037052309  -0.0017497706  
0.0000000   0.010603300  0.041441783  0.012940702  -0.036414407  0.014090900  0.63914492  0.10004299  -0.74758619  0.13812304  
0.0000000   -0.044213402  -0.0080786066  -0.0084945914  0.031824706  0.0032200599  -0.15490998  0.41691997  0.085048921  0.88984929  
