1.0000000   0.0000000   0.0000000   0.0000000   0.0000000   0.0000000   0.0000000   0.0000000   0.0000000   0.0000000   
-0.0000000  0.97704475  0.031286387  -0.012043294  0.0041534025  0.0033560689  -0.0057629374  0.20487105  -0.046145109  0.0098224133  
0.0000000   -0.026846893  0.73693269  0.27476887  -0.11461807  0.60575981  0.0041992981  0.024347106  0.0016583603  0.0040248814  
0.0000000   0.017123996  -0.17363693  0.88021159  0.41920825  -0.10717997  -0.082913462  -0.0071014417  0.024835805  0.0044681715  
-0.0000000  -0.016425796  0.64204473  -0.13733694  0.39032923  -0.64472880  0.0043838480  -0.023912106  0.0046877609  -0.00097065333  
0.0000000   -0.19654495  -0.010704996  0.0060431372  0.011405507  -0.034349289  0.045458479  0.88712221  -0.15758203  0.38213313  
0.0000000   0.044314389  -0.026108589  0.00078399463  0.10430006  0.047349085  0.73261766  -0.079856219  0.56238711  0.35334012  
-0.0000000  0.010644797  0.11074895  0.35961583  -0.79932147  -0.44890186  0.13114994  -0.018800805  0.0057555412  0.016814506  
0.0000000   -0.023589694  -0.022701491  0.036907883  0.093617155  0.026905892  0.65989970  0.0077690319  -0.64184513  -0.37494613  
0.0000000   0.053257786  0.0013920494  0.00019764591  0.0081578848  0.014883495  -0.039898682  -0.40377910  -0.49408510  0.76689226  
