1.0000000   0.0000000   0.0000000   0.0000000   0.0000000   0.0000000   0.0000000   0.0000000   0.0000000   0.0000000   
0.0000000   0.97388514  0.036994909  -0.028631993  0.00098891966  0.0055247108  0.00012600000  -0.21659196  -0.018920898  0.045361696  
0.0000000   0.021379903  -0.73572918  -0.21442194  0.58566980  -0.26231104  -0.010935000  -0.0071323586  0.016631598  -0.0022360098  
0.0000000   -0.034366405  0.16626304  -0.88745677  -0.26511591  -0.33499505  0.0098628197  -0.023259195  0.0037459895  -0.020873498  
0.0000000   -0.025656704  0.65395716  -0.039938590  0.73847274  -0.15252002  -0.035906899  0.00043036991  0.013650798  0.0026111798  
0.0000000   0.21028403  0.0070939617  -0.028654093  0.011979696  0.017849403  0.13823000  0.86785483  -0.060020392  -0.42256897  
0.0000000   -0.047616007  0.0073496518  0.0093541476  0.036474187  -0.018419603  0.73198198  -0.16091397  -0.65861292  -0.021437198  
0.0000000   -0.023177103  -0.042288010  -0.40157190  0.19953793  0.89144113  0.0091662298  -0.038743292  0.0018762798  -0.018539299  
0.0000000   -0.00074406111  -0.011679003  -0.015329696  -0.0074952674  0.0062241409  -0.65734698  0.068889986  -0.74937690  0.033415697  
0.0000000   0.047190007  0.0013288903  -0.040316090  0.0039788686  0.017740203  0.10677100  0.40888092  -0.014899998  0.90388593  
