1.0000000   0.0000000   0.0000000   0.0000000   0.0000000   0.0000000   0.0000000   0.0000000   0.0000000   0.0000000   
0.0000000   -0.97767391  0.018722711  -0.0071086002  0.0015531201  -0.0010353798  -0.0052480281  -0.20449497  -0.0055966500  0.043267779  
0.0000000   -0.014977399  -0.75569743  -0.026004601  -0.037017403  0.65312187  0.0051654482  0.00056069893  -0.0063984900  0.0037103482  
0.0000000   0.0090151092  0.021591912  -0.94980903  -0.31024702  -0.030236294  -0.0012749095  -0.010538399  -0.0055995300  -0.0019591191  
0.0000000   -0.011571899  -0.65387137  -0.0032306101  0.037581203  -0.75500985  0.028745190  -0.0020913497  0.0017134000  -0.0046583278  
0.0000000   0.20555398  -0.0039061622  0.017570001  -0.018267801  -0.0018509496  -0.030914689  -0.90318388  -0.064550700  0.36908382  
0.0000000   -0.0040800896  -0.014613108  0.0042760201  0.0015792301  -0.016805997  -0.74873574  0.037624795  -0.65610700  -0.083484560  
0.0000000   -0.0086228692  -0.0034813220  0.31098201  -0.94897907  -0.045572691  -0.0027145190  0.022984097  0.0054899200  -0.00025969888  
0.0000000   -0.00092517692  0.017737610  0.0056495502  -0.0051019904  0.0085620883  0.66110277  -0.013655498  -0.74211200  -0.10760895  
0.0000000   0.037010797  -0.0012193107  0.0075255703  -0.0062245004  0.0062779688  -0.022193992  -0.37442595  0.12037600  -0.91832256  
