1.0000000   0.0000000   0.0000000   0.0000000   0.0000000   0.0000000   0.0000000   0.0000000   0.0000000   0.0000000   
-0.0000000  -0.98038998  0.010869202  0.024811596  -0.010050396  0.00068191304  -0.0046988602  0.18754308  -0.052695028  0.0053886568  
0.0000000   0.010900300  0.76193214  0.0084998486  -0.086192665  0.64057204  -0.029366101  0.0092764138  0.017054309  -0.016348190  
0.0000000   -0.023811400  0.0065761212  -0.94669885  -0.31695287  -0.036112802  0.033226002  -0.013992806  0.0050237226  -0.0079216653  
-0.0000000  0.0021334400  0.64382012  -0.025436796  0.16903493  -0.74360204  -0.046870002  -0.018812308  -0.021720311  0.017483190  
0.0000000   0.19051400  -0.0030732906  -0.028694095  0.018697592  -0.0027382202  -0.078643104  0.88134236  -0.42221322  -0.036084979  
0.0000000   -0.0024018200  -0.036539907  -0.016781397  -0.044615882  0.024030601  -0.72958704  -0.065080127  -0.059460831  0.67508560  
-0.0000000  0.023841100  0.047392109  0.31800795  -0.92657062  -0.18433701  0.044309902  0.035861915  0.014840008  0.0085318549  
0.0000000   0.015816900  0.034654206  0.0018463797  0.041010383  0.013605701  0.67231703  0.067502328  -0.038559520  0.73390957  
0.0000000   0.032018899  -0.0014506203  -0.013747298  0.029698788  -0.025870402  -0.057952003  0.42112917  0.90162648  0.059958864  
