1.0000000   0.0000000   0.0000000   0.0000000   0.0000000   0.0000000   0.0000000   0.0000000   0.0000000   0.0000000   
0.0000000   -0.98180933  -0.029017588  0.0039549896  0.00074047836  0.0029702208  0.0022296598  -0.17293886  -0.065244933  -0.031837408  
0.0000000   -0.015559505  0.67001373  0.53311695  -0.052964726  0.51226614  0.024365297  -0.013311489  0.019593810  0.015802904  
0.0000000   0.012991204  -0.38135484  0.80918293  -0.24317212  -0.37046610  0.056617094  0.0035429372  -0.0014830907  -0.0049836612  
0.0000000   -0.021176907  0.61914675  -0.12384599  -0.30722815  -0.71074320  -0.026802397  0.0092045226  -0.021239611  -0.0084370821  
0.0000000   0.15580505  -0.0015667294  0.011777399  -0.0063242230  -0.0022035506  -0.24754897  -0.81538235  0.051859826  -0.49670812  
0.0000000   -0.092175131  -0.024241090  0.025605998  -0.059562129  0.013942204  -0.68199093  0.28957977  0.65466833  -0.094658024  
0.0000000   0.0066036022  -0.14242394  -0.20804598  -0.91518844  0.30468608  0.075742992  -0.014107189  -0.0018118909  -0.0068914117  
0.0000000   -0.022842508  0.020037792  -0.039729896  0.046086122  -0.043141812  0.65019293  -0.14267189  0.74159737  -0.020972905  
0.0000000   0.043061414  -0.013720794  0.00080736293  -0.019802410  -0.016739005  -0.20148698  -0.44783564  0.11686206  0.86166922  
