1.0000000   0.0000000   0.0000000   0.0000000   0.0000000   0.0000000   0.0000000   0.0000000   0.0000000   0.0000000   
0.0000000   -0.98063831  0.0099096165  -0.00073514080  -0.00072770408  -0.00072618803  0.0010191899  -0.18869795  -0.048095201  -0.018098701  
0.0000000   -0.0074162323  -0.74799374  -0.21926894  -0.10966901  -0.61626103  -0.022621298  0.00094897877  0.0073554502  -0.00038994803  
0.0000000   0.0013403204  0.13859795  -0.93110475  0.32015703  0.10571400  0.0098581491  0.0015885696  0.00015181700  0.0075593405  
0.0000000   0.0079598825  0.64364977  -0.087874676  -0.30485303  -0.69617003  0.012726799  -0.0064763784  0.010510400  0.0051997604  
0.0000000   -0.18809206  0.0026793991  0.0025409793  -0.0075076608  0.00094374404  0.046439296  0.90092578  0.17077800  0.34865602  
0.0000000   0.034351711  -0.021941692  0.0030223992  -0.010468901  -0.0071059803  0.73965994  -0.070031983  -0.55445001  0.37249603  
0.0000000   0.0012872204  -0.078153172  -0.27773393  -0.89004409  0.35252902  -0.012357499  -0.0092425378  0.0033795601  0.0070727605  
0.0000000   0.021880607  0.017201994  0.00013629996  0.0062737307  -0.0054784202  -0.66964694  0.0063127485  -0.62946101  0.39302403  
0.0000000   -0.034487311  0.0045454884  -0.0095406574  -0.012365201  -0.0059436203  0.037358597  0.38425291  -0.51449901  -0.76469305  
