1.0000000   0.0000000   0.0000000   0.0000000   0.0000000   0.0000000   0.0000000   0.0000000   0.0000000   0.0000000   
0.0000000   0.98026798  -0.0027543285  -0.023662704  -0.0093657344  -8.0619915e-05  -0.0020535987  0.18754687  -0.056871021  -0.0026571799  
0.0000000   -0.0044404699  -0.75728759  -0.081495612  -0.038474218  0.64584412  -0.030265281  0.0020773886  0.0081814830  -0.016514699  
0.0000000   -0.023041999  0.056037070  -0.94408814  0.32165415  -0.034365806  -0.0029936582  0.017269088  -0.0033132112  0.0081239997  
0.0000000   -0.0011246200  0.64687365  -0.036235705  -0.13876207  0.74718814  0.046343172  0.0085887041  0.013598905  -0.016972099  
0.0000000   0.19157800  0.0011076594  -0.029098904  -0.024152411  -0.00070373313  0.0053385167  -0.88211139  0.40207915  0.14848599  
0.0000000   -0.013059600  0.038026580  0.0069114010  -0.0098207147  0.029397905  -0.73474455  0.0085947041  -0.20350807  0.64500897  
0.0000000   -0.023404499  -0.046365775  -0.31447205  -0.93481244  -0.14969503  0.0062497062  0.040821572  0.017742506  0.010392100  
0.0000000   -0.012877200  -0.036272680  0.0053199008  0.0074980536  0.010858602  0.67601459  0.018052988  -0.22131708  0.70143597  
0.0000000   0.030601699  0.0028793084  -0.019184803  -0.033262116  0.0049134609  0.0031064681  -0.42925670  -0.86262632  -0.26298599  
