1.0000000   0.0000000   0.0000000   0.0000000   0.0000000   0.0000000   0.0000000   0.0000000   0.0000000   0.0000000   
0.0000000   -0.98170329  -0.0026230012  -0.016159102  0.0063628729  0.0034527489  0.00063142909  -0.17510801  0.072627975  0.00043743891  
0.0000000   0.0074715122  0.60693027  -0.62686807  -0.15928607  -0.46145086  -0.00044669006  -0.012420601  -0.010649296  0.0062320187  
0.0000000   0.014151704  -0.48145721  -0.68764108  -0.34327416  0.42014487  0.014950502  -0.017232601  -0.010598596  -0.012515497  
0.0000000   0.0062757918  -0.58526326  -0.20688402  0.44832520  -0.64292880  -0.0062986009  -0.0057528804  -0.0049456683  0.013243397  
0.0000000   -0.13821504  -0.0025472911  -0.021548202  0.0029714614  -0.0065770179  -0.22327003  0.78798405  0.032062789  -0.55549788  
0.0000000   0.099856329  -0.0037135417  -0.0048954406  -0.011797705  -0.00059346981  -0.68525509  -0.29495202  0.64518878  -0.13042697  
0.0000000   -0.012830904  -0.23924811  0.29998303  -0.80949737  -0.44351286  0.014268402  0.014399601  0.011213796  0.0089125481  
0.0000000   -0.035999311  -0.0056574825  0.012110801  -0.017897408  0.0032389490  -0.66535709  -0.10602501  -0.73304075  0.083094982  
0.0000000   0.073673822  0.0016565907  0.022334103  0.00052639724  -0.020324694  0.19341403  -0.49948903  -0.19925693  -0.81673483  
