1.0000000   0.0000000   0.0000000   0.0000000   0.0000000   0.0000000   0.0000000   0.0000000   0.0000000   0.0000000   
0.0000000   -0.97814495  -0.014089000  0.0039880797  0.0037673307  0.00034265812  0.0017904097  -0.20125293  -0.048046414  -0.013759199  
0.0000000   -0.010053199  0.73385002  -0.28612598  -0.019999404  0.61518922  -0.018438697  -0.0039585186  -0.012287204  -0.011439299  
0.0000000   0.0020401899  -0.18915400  -0.89218993  0.36938307  -0.17656706  0.018307597  -0.010440496  0.012217804  -0.00077769294  
0.0000000   -0.0088069695  0.64829902  0.099031092  0.22695604  -0.71961925  -0.0041044193  -0.0020573693  0.014066604  0.015613799  
0.0000000   0.19634399  0.0042206701  0.0089342193  -0.0084641917  -0.0096862234  0.14323398  -0.88365770  -0.19120106  -0.35108397  
0.0000000   -0.052503497  0.016222400  0.010102199  -0.011424802  0.0088478231  0.72263588  0.16967494  0.50528915  -0.43630297  
0.0000000   0.0073173396  -0.068939602  0.33480897  0.90051418  0.26788509  0.017257897  -0.0061422679  -0.0042123713  0.0074771195  
0.0000000   -0.010712199  -0.012462800  0.0047021196  0.015982703  0.00068271924  -0.66780689  -0.064816678  0.59611218  -0.44037997  
0.0000000   0.039668098  0.0021647501  0.0023574398  -0.015805503  0.024095308  0.10159598  -0.38142887  0.59156718  0.70130195  
