1.0000000   0.0000000   0.0000000   0.0000000   0.0000000   0.0000000   0.0000000   0.0000000   0.0000000   0.0000000   
0.0000000   0.97627632  -0.018706404  0.0078455687  -0.0014988504  0.0029404000  -0.0030466395  -0.21188905  0.032172599  -0.022821800  
0.0000000   0.014901105  0.72525815  0.34448194  -0.45011811  -0.38973100  0.012330898  0.011714703  -0.011941399  0.013497300  
0.0000000   -0.012299904  -0.20177704  0.88434686  0.41290610  -0.072747499  -0.030356795  -0.0074332717  0.017039899  0.0038381601  
0.0000000   -0.010027603  -0.65304114  0.14272898  -0.67773216  -0.30538300  0.0077893988  0.014471003  -0.010803000  0.0099225802  
0.0000000   0.20254507  -0.0069542514  -0.00029994395  0.025650006  0.0055686000  0.15411298  0.90993221  0.081988096  0.31589401  
0.0000000   -0.056637819  -0.0072184415  -0.0049952292  0.022797805  -0.046794100  0.74892688  -0.17779604  0.63340097  0.017495600  
0.0000000   -0.0054573718  0.078791616  0.28006396  -0.40582610  0.86433499  0.056296591  -0.0073138417  0.012084899  0.013681300  
0.0000000   -0.015383305  0.012800803  -0.012845498  -0.040762410  0.015523800  -0.63369290  0.058798313  0.76834197  -0.046461301  
0.0000000   0.043724914  0.0011845502  0.014284898  -0.0066929716  0.0035983600  0.097358984  0.30266007  0.00053994198  -0.94696502  
