1.0000000   0.0000000   0.0000000   0.0000000   0.0000000   0.0000000   0.0000000   0.0000000   0.0000000   0.0000000   
0.0000000   -0.98159685  0.00044262096  0.0022973708  0.0038553097  -0.00043530107  -0.00096189008  0.17104793  0.083771544  -0.013080404  
0.0000000   0.00035544595  -0.62561895  -0.64963421  0.085599193  -0.42294907  -0.016043601  0.0099908561  -0.0010818906  0.0022611006  
0.0000000   0.0039492094  0.44375296  -0.62498621  0.49607996  0.40553807  -0.025498202  0.027016990  -0.017423409  -0.014814304  
0.0000000   -0.0023389896  0.57900995  -0.34602211  -0.58889295  -0.44470207  0.015327201  -0.00016641494  0.0064236434  0.013410004  
0.0000000   -0.13635098  0.0039966597  -0.023178008  0.011418199  0.0026308604  0.16492301  -0.86168967  0.093509749  -0.44973813  
0.0000000   0.092193986  0.0011999699  -0.011121504  0.033815197  -0.0015814403  0.70636206  0.20266292  0.67077835  -0.016319305  
0.0000000   0.0028041596  0.27642498  0.25827809  0.63050095  -0.67693211  -0.031912803  -0.0068030874  0.0057526630  0.0028710608  
0.0000000   -0.049436493  -0.00066009294  0.0011788704  0.021845298  -0.018648803  0.67636005  0.074612071  -0.72987539  -0.031317009  
0.0000000   0.083086687  -0.0013814599  0.016174405  -0.022041398  -0.017305403  -0.11927901  0.42510784  -0.034615218  -0.89213525  
