1.0000000   0.0000000   0.0000000   0.0000000   0.0000000   0.0000000   0.0000000   0.0000000   0.0000000   0.0000000   
0.0000000   0.97445651  -0.041440402  0.0073330981  -0.0015348099  0.00095194282  -0.015440104  0.21492607  -0.024196485  -0.040535903  
0.0000000   -0.030501985  -0.73867504  -0.21700094  0.20028099  0.60498989  -0.011008603  0.0020596707  -0.0054701567  0.0076554906  
0.0000000   0.014493693  0.15288201  -0.88953376  0.35127799  -0.24800995  0.0015666104  0.0012078504  0.0090216246  0.012502801  
0.0000000   -0.027369586  -0.65262203  0.024703493  -0.17032599  -0.73417686  -0.068324516  -0.0053810019  0.0010660194  -0.00022990302  
0.0000000   -0.21013089  0.019338801  -0.018420195  -0.023724199  0.011311498  -0.23692606  0.85417230  -0.089258746  -0.40091203  
0.0000000   0.047630676  0.031515602  0.0049412187  0.017923499  0.033766994  -0.69644017  -0.23931008  0.62066063  -0.26025702  
0.0000000   -0.0096337452  -0.019363901  0.40063389  0.89796297  -0.17774797  0.0025208606  0.032484511  -0.0039831276  -0.0038369403  
0.0000000   -0.016704292  -0.038384902  0.00093436875  -0.011263500  -0.023326296  0.65181015  0.15726805  0.71221657  -0.20182702  
0.0000000   -0.041825679  0.011768401  0.010204997  -0.011362500  0.0073465086  -0.17013204  0.37564013  0.31439781  0.85377307  
