1.0000000   0.0000000   0.0000000   0.0000000   0.0000000   0.0000000   0.0000000   0.0000000   0.0000000   0.0000000   
0.0000000   -0.98027046  -0.046175410  0.0035021699  -0.00030373008  0.0015229096  0.0072413480  0.18287895  -0.048299408  -0.033059593  
0.0000000   -0.036335617  0.76061317  0.11968799  0.042066211  0.63501583  0.025992593  -0.010727797  0.0034501406  -0.0021080396  
0.0000000   0.0085900641  -0.069462115  0.94643396  -0.30442608  -0.073329380  -0.025917493  0.0035188591  -0.021688003  -0.012535297  
0.0000000   0.028912014  -0.63806214  0.070944497  0.19088105  0.74111080  -0.034510090  -0.010530197  0.0048327708  0.00094571880  
0.0000000   -0.18700009  -0.0071697516  0.020118199  0.021989506  -0.021551994  -0.013738096  -0.86985878  0.24484404  0.38319092  
0.0000000   0.020939510  -0.033505507  -0.0023932999  -0.042966411  0.018887295  0.73362280  -0.00065576483  -0.55239109  0.39101392  
0.0000000   -0.0041607620  -0.071122416  -0.29015499  -0.92983925  0.20295694  -0.058390184  -0.037662490  -0.00039245406  -0.010691498  
0.0000000   -0.013644106  -0.033975707  0.013094099  -0.036469410  0.0070937281  0.67493381  -0.027950393  0.59857110  -0.42720391  
0.0000000   0.035056717  0.00053312412  0.010970100  -0.029313508  0.0081304478  0.0085158376  0.45547988  0.52325008  0.71860985  
