1.0000000   0.0000000   0.0000000   0.0000000   0.0000000   0.0000000   0.0000000   0.0000000   0.0000000   0.0000000   
0.0000000   -0.97754439  -0.0048061766  -0.0075708594  -0.00061481133  -0.0024711009  0.00085320988  0.19967095  0.064199793  0.018143201  
0.0000000   0.0092449937  -0.59273958  -0.60176895  0.22070312  -0.48644018  -0.020436197  0.010953697  -0.023296097  -0.0059398603  
0.0000000   0.0040169716  0.46714267  -0.70794694  0.29348416  0.43918716  0.034822695  0.013928796  -0.0091502890  -0.0080226505  
0.0000000   -0.0019182208  0.65440154  -0.054743895  -0.049234326  -0.75231128  0.012624598  -0.0030040492  -0.0097261989  0.0099061306  
0.0000000   -0.15887206  -0.015341089  0.0017208699  -0.0019753510  -0.0069271625  0.46473394  -0.67401082  -0.18318798  -0.52023303  
0.0000000   0.13099205  -0.019483986  0.0056697195  -0.013832507  -0.020263207  0.58356692  0.50650386  0.50969094  -0.35347702  
0.0000000   0.0024643210  -0.027175781  -0.36416497  -0.92859649  0.063364923  -0.015106498  -0.0015589396  -0.0067172793  -0.0075834004  
0.0000000   -0.023975410  0.018637687  -0.022608398  0.014506208  -0.0040723715  -0.53269393  -0.31861591  0.71916792  -0.30961002  
0.0000000   -0.036354115  -0.021708685  -0.021658398  -0.0060380332  -0.0047918318  0.39710295  -0.38399490  0.42961295  0.71271904  
