1.0000000   0.0000000   0.0000000   0.0000000   0.0000000   0.0000000   0.0000000   0.0000000   0.0000000   0.0000000   
-0.0000000  0.98229507  -0.0022246888  0.0089607423  -0.0058345977  -0.0027564707  -0.0010623306  -0.17384492  0.068538192  0.0069866088  
-0.0000000  -0.0051358704  -0.63890967  0.57177315  0.12245295  0.49970512  0.00038630022  -0.0066964070  -0.0088179589  0.0046633792  
-0.0000000  -0.0061794704  0.43682577  0.75007720  0.32047487  -0.37857809  -0.012453007  -0.011265895  -0.011014099  -0.010009798  
0.0000000   0.00074626505  -0.60216868  -0.15744604  0.38168085  -0.68315317  -0.012391207  0.0020609991  0.0012251999  -0.0081336787  
0.0000000   -0.14676201  0.00059151569  -0.011156403  -0.00037502885  -0.0031425508  -0.21924013  -0.79942864  0.018615498  0.53928291  
0.0000000   0.092951306  0.0014701392  -0.0070641818  -0.0098110361  0.0049002412  -0.69122640  0.29110087  -0.62430092  0.19723497  
0.0000000   0.0096281507  0.19585690  -0.29168108  0.85809466  0.37415609  -0.0081523047  0.0050734477  0.0070220792  0.0031125395  
0.0000000   0.032627402  0.0010709794  -0.0085073922  0.012088395  -0.0076292019  0.66158538  -0.10051395  -0.72611191  0.15369097  
0.0000000   -0.060788604  -0.0013514593  -0.016323104  -0.0042172983  0.013583303  -0.18991811  -0.48543378  -0.27877397  -0.80399287  
