1.0000000   0.0000000   0.0000000   0.0000000   0.0000000   0.0000000   0.0000000   0.0000000   0.0000000   0.0000000   
0.0000000   -0.97583447  -0.025970504  0.013770994  -0.0027849304  -0.0065710615  -0.0063213005  -0.21481993  -0.0069101285  0.024428405  
0.0000000   0.021512788  -0.74786911  -0.10556996  0.64239210  -0.12597903  -0.0078199006  -0.016681994  -0.0073301784  0.012348702  
0.0000000   -0.011772894  0.067982510  -0.91529462  -0.14244202  -0.36836508  0.034528403  -0.0027178291  0.015125297  -0.0080496316  
0.0000000   -0.015000792  0.65915509  -0.038226384  0.74710112  -0.070887716  0.011327001  -0.020773593  -0.0032455493  0.0085219417  
0.0000000   -0.21070789  -0.0061498509  0.0057619376  0.028031604  -0.015346604  0.065795305  0.92259168  -0.047418990  -0.31105606  
0.0000000   0.017119591  -0.0096876214  -0.0075510169  -0.0022486704  0.059612714  0.73965506  -0.077833673  -0.66535486  0.012340102  
0.0000000   -0.015145392  -0.023497303  -0.38597784  0.088959014  0.91529821  -0.061375305  0.020345993  0.015641097  0.011412302  
0.0000000   0.0049758673  0.014768902  -0.019216892  -0.010617502  -0.039491409  -0.66458105  0.023827992  -0.74420284  0.040522908  
0.0000000   -0.044447276  0.0028199204  0.0010478596  -0.0076043212  -0.015807104  0.041523603  0.30808989  0.025131995  0.94891119  
