1.0000000   0.0000000   0.0000000   0.0000000   0.0000000   0.0000000   0.0000000   0.0000000   0.0000000   0.0000000   
-0.0000000  -0.98063788  -0.038689017  0.0058295008  0.0012828998  -0.0012193599  -0.010836701  -0.17787598  -0.067493294  -0.022422296  
-0.0000000  0.034124696  -0.66338430  0.48812506  0.21318296  -0.51916397  0.069096406  -0.024269097  -0.0031724997  -0.011774798  
-0.0000000  -0.0063407492  0.38157017  0.80343911  0.26184295  0.37339798  -0.019406002  -0.021861098  0.0022436898  -0.0014674398  
-0.0000000  -0.021317797  0.63538528  0.0031706004  0.14017897  -0.75768796  -0.042792804  -0.010870799  0.0014315199  -0.011344598  
-0.0000000  -0.16127898  0.032094214  0.029856604  -0.029565595  -0.015823599  0.47210304  0.66822792  0.34964097  0.42341993  
-0.0000000  0.096106288  0.053098224  -0.012638002  -0.031476894  0.0024819499  0.56581805  -0.47992695  -0.42307996  0.50725792  
0.0000000   0.0027269197  0.046210821  0.33881404  -0.92909983  -0.12834999  -0.055484505  -0.013415698  -0.0049700096  -0.0088862185  
0.0000000   -0.030750296  -0.044353720  0.016602302  0.030994094  -0.013688299  -0.54009905  0.37013796  -0.57556695  0.48546592  
0.0000000   -0.022131097  0.034092215  0.0073233110  -0.016959597  0.0056711697  0.39380504  0.39132496  -0.60239595  -0.57173091  
