1.0000000   0.0000000   0.0000000   0.0000000   0.0000000   0.0000000   0.0000000   0.0000000   0.0000000   0.0000000   
0.0000000   0.98033708  2.7819395e-05  -0.0099331436  0.0037039492  -0.0020837403  0.00079771692  0.18731406  0.061114130  -0.00060172276  
0.0000000   -0.0038106003  -0.67000287  -0.48741817  -0.12501897  0.54565807  0.0020203298  0.0057166218  -0.0091911045  -0.0034501686  
0.0000000   -0.0082391007  0.37919993  -0.78605228  -0.36760092  -0.32096204  0.0017899898  0.0069129722  -0.0055892927  0.0056336277  
0.0000000   -0.0013970201  0.61660088  -0.14045205  0.32084893  0.70503909  -0.0019720698  0.0024983608  -0.0037883919  -0.0051457879  
0.0000000   0.16535101  -0.00056056989  -0.0070949925  0.00081046083  0.0042445805  -0.19145398  -0.81529526  -0.14716907  0.49956980  
0.0000000   -0.084092307  -0.0018155296  -0.00063312823  -0.0059589488  0.0066682408  -0.70085793  0.26326308  0.55513627  0.35236286  
0.0000000   -0.0082712407  -0.16462597  -0.35281113  0.86384282  -0.31946004  -0.0064608994  0.0044728414  -0.0014294307  0.0032575887  
0.0000000   -0.027020502  -0.0010104598  -0.0060728722  0.0044070691  0.0057433407  0.66645794  -0.076486025  0.66140132  0.33423187  
0.0000000   0.060366305  -0.00072329986  -0.012498104  -0.00097682580  -0.0027444003  -0.16710198  -0.47428115  0.47837923  -0.71727171  
