1.0000000   0.0000000   0.0000000   0.0000000   0.0000000   0.0000000   0.0000000   0.0000000   0.0000000   0.0000000   
0.0000000   0.97915272  -0.031195402  0.012895507  0.0064111630  -0.00058252697  0.0081100417  0.18899698  0.031670696  0.057362101  
0.0000000   0.028516492  0.64180003  -0.53171530  0.12909706  -0.53584597  0.023402405  -0.014006698  0.0014860998  0.0039483000  
0.0000000   -0.0050045386  -0.40359302  -0.78931545  0.28097113  0.36742098  0.0081259517  0.0059912792  -0.00068585291  -0.0047994000  
0.0000000   -0.017985195  -0.65127703  -0.035325620  -0.046520522  -0.75592596  0.016455804  -0.016993498  0.0076433690  0.0077235901  
0.0000000   0.16788595  -0.0049320902  0.0012424107  0.014877907  0.0029350698  -0.41554709  -0.72618191  0.14674798  -0.50000400  
0.0000000   -0.10335197  0.0064467803  -0.0051430429  0.032614615  -0.022557699  -0.63108013  0.45702994  0.61682892  0.0078080601  
0.0000000   -0.0089470275  0.00039443302  0.30463117  0.94857345  -0.071461996  0.045915910  -0.0099738487  0.0026010597  0.0026436800  
0.0000000   -0.013905396  -0.0018672001  -0.0026643715  0.030698014  -0.027525798  -0.54848812  0.27608696  -0.76847490  -0.17458300  
0.0000000   -0.030941691  0.00058475103  0.0032673919  -0.012841306  -0.0080099296  0.35378208  0.38886895  0.079763290  -0.84620301  
