1.0000000   0.0000000   0.0000000   0.0000000   0.0000000   0.0000000   0.0000000   0.0000000   0.0000000   0.0000000   
0.0000000   0.97903710  -0.0011600298  0.0014972700  -0.0018529306  0.00087239863  -0.0010221496  0.18273905  -0.089005260  0.012730004  
0.0000000   0.0024234202  0.42004991  -0.81940101  -0.24038708  -0.30467287  -0.037804584  -0.00018988805  0.0089221960  -0.0037651613  
0.0000000   -0.0013027001  -0.63204287  -0.43612900  -0.32114111  0.55307876  0.021315991  0.013181604  0.024376816  -0.0078308527  
0.0000000   0.0037630904  -0.57126088  -0.26272700  0.56534720  -0.53202077  0.036556484  -0.019364205  -0.011169108  0.010999904  
0.0000000   0.10658301  0.015595497  -0.0066000401  -0.026495609  0.0093861060  0.37936184  -0.71347520  -0.36112224  -0.45187715  
0.0000000   -0.13745701  0.029703294  -0.018980200  -0.014530205  0.0051214678  0.61884273  0.43952412  -0.58002639  0.25893709  
0.0000000   -0.0050767005  -0.30894893  0.26249200  -0.71954025  -0.56346576  -0.0082770065  0.013458104  -0.010890207  -0.0047029716  
0.0000000   0.022399102  0.030308794  0.0059616300  -0.0017426806  -0.024954589  0.61222674  0.23009906  0.65840244  -0.36967113  
0.0000000   -0.10335701  -0.015649397  -0.0022634000  0.028409510  -8.4876764e-05  -0.30823187  0.45902513  -0.30137620  -0.76923426  
