1.0000000   0.0000000   0.0000000   0.0000000   0.0000000   0.0000000   0.0000000   0.0000000   0.0000000   0.0000000   
-0.0000000  -0.98169676  0.010478398  -0.0046889011  -0.0028079295  -0.00043411198  0.0054731079  0.17087397  0.082106623  -0.012738004  
-0.0000000  0.0074034182  0.53488392  -0.74594718  0.070959587  0.38995598  0.012198495  -0.011389498  0.0052016014  0.0010703204  
-0.0000000  -0.0047418589  -0.54275692  -0.61104015  0.31451294  -0.48146798  -0.023941591  -0.015915797  0.019024505  -0.010186803  
0.0000000   0.0038998791  0.62057191  0.16851804  0.45771792  -0.61322397  0.0076183771  -0.016832497  0.022665006  -0.0085334629  
0.0000000   0.12656097  -0.0072067989  -0.0094449523  0.024887095  -0.0031077599  0.40101385  0.73572387  -0.12343803  -0.51562917  
0.0000000   -0.12482897  -0.014971098  -0.0036247709  0.012841498  -0.010536000  0.63339376  -0.43614792  -0.62642117  -0.0094333132  
0.0000000   -0.0085961779  -0.18259397  0.20400205  0.82648585  0.48982698  -0.013422495  -0.028888495  0.020487606  -0.022919008  
0.0000000   -0.023931194  0.018227197  -0.0058160214  0.029080895  -0.0052922498  -0.58467478  0.25415796  -0.76439021  0.086336829  
0.0000000   0.062710085  -0.012076798  -0.0044306511  0.042708792  -0.00067971597  0.30848788  0.41616093  -0.0019552305  0.85189129  
