1.0000000   0.0000000   0.0000000   0.0000000   0.0000000   0.0000000   0.0000000   0.0000000   0.0000000   0.0000000   
0.0000000   0.97721214  0.039296389  0.0078426595  -0.0046349423  0.0015579100  -0.0036981898  -0.20304695  -0.045392129  -0.011162099  
0.0000000   0.035773705  -0.74922979  0.15704599  -0.051909426  -0.63938902  -0.017703699  0.028392793  0.0045781929  0.0076385594  
0.0000000   -0.011696102  0.10363197  0.91392294  0.37473719  0.069225302  0.088654996  -0.0057780886  -0.024503015  0.012451599  
0.0000000   -0.019907503  0.64829382  0.071817795  -0.22179011  -0.72386002  0.0054780397  0.029988793  0.0074800947  0.0032582997  
0.0000000   0.19985003  0.011616097  0.0069293995  0.0069725235  0.044244001  -0.024115999  0.88107779  0.30138319  0.30026498  
0.0000000   -0.026400404  0.027294692  -0.00023850098  0.12362706  -0.022187901  -0.73089696  -0.044954989  -0.42443527  0.51614496  
0.0000000   0.0082994212  0.068355381  -0.36484598  0.88421445  -0.24450401  0.14098099  0.014406697  0.0052344433  -0.020458598  
0.0000000   0.013780602  0.023078294  0.041204497  0.10190005  -0.0091846703  -0.66072197  0.0053434487  0.48174630  -0.56431295  
0.0000000   -0.048454607  -0.00069400181  0.0019398999  0.010698105  -0.0098700603  0.023694699  -0.42246590  0.70297844  0.56940195  
