1.0000000   0.0000000   0.0000000   0.0000000   0.0000000   0.0000000   0.0000000   0.0000000   0.0000000   0.0000000   
0.0000000   0.97825358  -0.016433106  0.0022435898  -0.0028834383  0.00047555022  0.0027286102  -0.20187100  -0.0032730694  -0.044342906  
-0.0000000  -0.011668595  -0.76016129  0.0071234894  -0.038657577  0.64779830  -0.027964102  0.0069535799  -0.00020418596  0.00074654310  
0.0000000   0.0024027690  0.0014550605  -0.95745092  -0.28784683  -0.0056620726  -0.016788401  0.0031434500  0.0073476286  0.0067959109  
0.0000000   0.011461595  0.64871924  0.0093346192  -0.043593474  0.75941335  0.016835201  0.0049375700  -0.0046784291  0.0028004904  
-0.0000000  0.20384291  -0.0018650207  0.0081887093  -0.0062035063  -0.0090614742  0.0015477301  0.90706699  0.026680595  0.36711205  
0.0000000   -0.0027323188  -0.022089808  -0.0018932698  -0.021832487  0.0053381525  0.74851605  -0.0016601900  0.66076687  -0.045866206  
0.0000000   0.0047316480  -0.0016824606  -0.28786598  0.95547743  0.059216827  0.022669202  0.0043427200  0.0052683690  0.010184101  
-0.0000000  0.0023483990  0.023476709  0.012243599  0.015845591  0.00013580506  -0.66170405  -0.00022607400  0.74730885  -0.052150507  
0.0000000   0.034050185  0.0011602204  -0.0076119094  0.0060976364  -0.00045837821  0.00082774206  0.36928700  -0.063953988  -0.92643412  
