1.0000000   0.0000000   0.0000000   0.0000000   0.0000000   0.0000000   0.0000000   0.0000000   0.0000000   0.0000000   
0.0000000   -0.98113655  -0.0039711298  0.013301397  -0.0023955890  -0.0015715204  -0.011554901  -0.17185299  -0.085854950  -0.011492103  
0.0000000   0.013375908  -0.62200797  0.64007685  0.12040395  -0.42845912  0.058500905  -0.028269299  0.026165185  0.015757604  
0.0000000   0.0074456942  0.44534498  0.67721884  0.35097486  0.46748613  0.031021202  -0.0032243499  -0.016949290  0.00083401820  
0.0000000   -0.0035416420  -0.60351097  -0.25526094  0.43536082  0.61555517  0.017880301  0.020384399  -0.036528879  -0.0093743222  
0.0000000   0.14464708  -0.0049286998  -0.0054424088  0.016963593  0.012286703  -0.25612002  -0.80907697  0.067104861  -0.50386312  
0.0000000   -0.10052506  -0.011607699  0.023022995  0.069304572  -0.0020660006  -0.66240705  0.28356299  0.67987460  -0.054784513  
0.0000000   0.0056465032  -0.22412499  0.25315394  -0.81500867  0.46362413  -0.078803606  0.0069148497  -0.0056796867  0.013142403  
0.0000000   0.042834524  -0.011229799  0.035811592  0.050857979  -0.060686117  -0.66780705  0.16315299  -0.71962858  -0.0061159614  
0.0000000   -0.065034937  -0.0040437598  0.020286495  -0.029281088  -0.013610304  0.19648402  0.45558898  -0.075441756  -0.86165020  
