1.0000000   0.0000000   0.0000000   0.0000000   0.0000000   0.0000000   0.0000000   0.0000000   0.0000000   0.0000000   
0.0000000   -0.97906920  -0.0012889699  0.013583598  0.0061197802  -0.0026731888  -0.0087198672  0.18869205  0.074229270  -0.0014227403  
0.0000000   0.0092128618  -0.64743694  0.56533291  -0.043281301  0.50852077  -0.022533793  0.0096626425  0.0013318395  -0.0083326316  
0.0000000   0.0078480216  0.40206797  0.73404189  -0.42770001  -0.34117585  -0.011355796  -1.3165403e-05  -0.0021426691  0.00071693714  
0.0000000   0.0069949614  0.60902095  0.22426697  0.50168002  0.57007575  0.041765787  0.017657305  0.00089762264  -0.0047311409  
0.0000000   -0.15933903  0.0045515896  0.015738398  0.024778501  0.010439795  -0.15294095  -0.84454622  0.032067787  0.48574009  
0.0000000   0.096118119  0.022380498  -0.0072219789  0.025168301  0.0016061093  -0.71698677  0.21410706  0.64155974  0.13439303  
0.0000000   -0.012549703  0.21731898  -0.30126695  -0.74936302  0.54759176  -0.016823795  -0.011938903  0.0033227387  0.0037909707  
0.0000000   -0.040154408  0.021052098  -0.0061772090  0.024454701  0.0065321871  -0.66536679  0.050360213  -0.73777370  -0.087788317  
0.0000000   0.069501314  -0.0081449793  -0.00094223285  -0.0094305403  0.00044914480  0.13071296  0.44968012  -0.19373892  0.85917416  
