1.0000000   0.0000000   0.0000000   0.0000000   0.0000000   0.0000000   0.0000000   0.0000000   0.0000000   0.0000000   
0.0000000   0.98064089  -0.0081743255  0.0042030781  0.0047580720  -0.0013015701  0.0017579003  -0.18231203  -0.070639266  0.0019929793  
0.0000000   -0.0061594593  -0.70425861  -0.46323979  -0.080423934  0.52982705  0.041146308  -0.015303003  -0.0066671968  -0.015324194  
0.0000000   -0.0012132899  0.28647084  -0.81286263  0.43086318  -0.26172102  -0.042095508  -0.031157905  0.015098193  0.0087199368  
0.0000000   0.0073817792  0.62242365  -0.22130190  -0.49404121  0.56222205  -0.052076110  -0.0026166304  -0.021311290  -0.014693395  
0.0000000   0.16986898  0.0010230294  -0.036315983  -0.0073133431  0.0028100303  0.084912917  0.87873015  0.10154295  0.42435285  
0.0000000   -0.066790792  0.057852568  -0.0089490759  0.031270313  0.012583301  0.73650515  -0.11774402  -0.60282171  0.26697890  
0.0000000   -0.00053985094  -0.16679991  -0.27221188  -0.74953232  -0.57780905  0.044489509  -0.012382102  -0.011511594  -0.012276496  
0.0000000   -0.045421695  -0.056876168  0.0062347871  -0.0069752330  -0.020692202  -0.66156013  0.024638004  -0.69621966  0.26682590  
0.0000000   0.053569294  0.0083626554  -0.011576995  0.030199213  -0.015244101  0.067303513  0.42280007  -0.36840682  -0.82265970  
