1.0000000   0.0000000   0.0000000   0.0000000   0.0000000   0.0000000   0.0000000   0.0000000   0.0000000   0.0000000   
0.0000000   0.97668586  0.041667509  0.0064432902  -0.0044338720  -0.00076181266  0.012187901  0.20292405  -0.045410097  -0.029967105  
0.0000000   0.040341794  -0.75239717  -0.10462600  0.19173609  -0.61843773  -0.031446601  -0.032901908  0.0017018899  -0.0046545708  
0.0000000   0.0016770598  0.038404609  -0.92915904  -0.35732716  0.0025314289  -0.076699303  0.017234204  0.0072852995  0.035551106  
0.0000000   -0.019764797  0.64756315  -0.11737900  0.35654716  -0.65979771  0.054859102  -0.031531808  0.0045160797  -0.0030442005  
0.0000000   0.20276797  0.017795704  0.013705401  -0.011494205  0.035502684  -0.10498800  -0.88059122  0.16765899  0.37738106  
0.0000000   -0.0089337088  -0.034050008  -0.021258001  -0.096695343  -0.021565090  0.73370203  -0.093014823  -0.60968895  0.26420204  
0.0000000   -0.010208199  0.094277621  0.33031301  -0.83151637  -0.42384681  -0.10248600  0.0027415807  -0.0012923699  -0.017949203  
0.0000000   0.031699596  -0.029957507  -0.030731701  -0.086646639  -0.0073378968  0.65119603  -0.086029022  0.66870595  -0.33311705  
0.0000000   -0.041949994  -0.0093213621  0.034728101  0.00078489935  -0.027707888  0.077905803  0.40613810  0.38840997  0.82115714  
