1.0000000   0.0000000   0.0000000   0.0000000   0.0000000   0.0000000   0.0000000   0.0000000   0.0000000   0.0000000   
0.0000000   0.97689195  -0.0011754401  0.0076379605  -0.0043763977  -0.0010678198  0.0017335799  -0.20662810  -0.052441597  0.012403503  
-0.0000000  0.00016618299  -0.69497703  -0.45671303  0.11136594  -0.54390492  0.00020217998  -0.010541605  -0.0025834498  0.0081982023  
-0.0000000  0.0067446097  0.29857001  -0.79619705  -0.49046774  0.18655097  0.036378597  0.0088543043  0.0081438095  0.0072393320  
-0.0000000  -0.00029686799  -0.63678103  0.20469401  -0.51445273  0.53602292  0.017546999  0.016696108  0.0042008597  -0.0049389014  
0.0000000   -0.18756299  0.0017174801  0.0057194204  -0.024836087  0.010718798  -0.12695699  -0.88038743  0.070277796  0.40977411  
0.0000000   0.072608196  0.0054143002  0.00040541903  -0.044157877  -0.021889597  -0.73553394  0.17989609  0.64231396  0.079558522  
-0.0000000  -0.0058008697  0.14938601  0.33947302  -0.69144664  -0.61761390  0.051923096  0.0049412924  -0.010677799  -0.0052377015  
0.0000000   0.032869498  -0.0047715002  0.011909001  0.039901579  0.0019369697  0.65446495  -0.028906714  0.75310795  0.028768408  
0.0000000   -0.063802097  -0.00021019901  -0.010444001  -0.0099902848  0.00018969397  -0.10107699  -0.38540019  0.11121099  -0.90807625  
