1.0000000   0.0000000   0.0000000   0.0000000   0.0000000   0.0000000   0.0000000   0.0000000   0.0000000   0.0000000   
0.0000000   0.98077932  0.016837696  -0.010203500  0.0023483415  -5.4956605e-05  0.0031050598  -0.18313293  0.012035299  -0.063139285  
0.0000000   -0.015732405  0.76045580  -0.035551300  0.0068667043  -0.64772805  0.013121499  -0.016220694  -0.0049001897  0.011737897  
0.0000000   -0.0086176328  -0.030606392  -0.97278999  -0.22458714  0.013857701  -0.038618498  0.0090046768  0.0093772095  -0.019412995  
0.0000000   -0.0088243529  0.64820183  5.8340799e-05  -0.038756924  0.76006606  -0.0048815298  0.016429594  -0.0052403097  -0.015219196  
0.0000000   -0.19177106  -0.0045101188  0.0070326199  -0.014824509  0.011828901  0.0088579796  -0.86842769  0.13047999  -0.43763389  
0.0000000   0.0040134213  -0.0017640895  -0.015078000  -0.050704032  0.011198101  0.75187096  0.017362294  0.63447297  0.16996996  
0.0000000   0.0088864229  -0.012549497  0.22702500  -0.97015660  -0.040235903  -0.060505497  0.030361889  0.0067983297  -0.027787793  
0.0000000   0.0061104020  0.011359197  0.018410100  0.044900028  -0.0027364102  -0.65517397  0.0037200187  0.72878596  0.19254995  
0.0000000   -0.027639609  -0.0032637892  -0.012471400  -0.044678028  0.025764202  -0.00026613199  -0.45874084  -0.22126999  0.85849079  
