1.0000000   0.0000000   0.0000000   0.0000000   0.0000000   0.0000000   0.0000000   0.0000000   0.0000000   0.0000000   
0.0000000   0.97811081  0.021040197  0.0078748992  0.0013534198  0.0016828500  -0.0024917294  0.18625807  0.089554044  -0.0084690176  
0.0000000   0.00091167282  0.26203196  -0.87598591  0.35225994  -0.19430600  -0.027520194  0.014646006  -0.025195512  0.023208293  
0.0000000   0.013557197  -0.70795989  -0.26477197  0.21034297  0.61947799  0.017377096  0.013968605  -0.0015755708  0.0028727092  
0.0000000   0.020266496  -0.60775091  -0.20573798  -0.41149193  -0.64447399  0.053459088  -0.012481705  -0.014607007  0.00093370673  
0.0000000   0.075444285  0.025542296  -0.0017526898  0.031025295  0.0099530799  0.56629387  -0.50867219  0.29711015  0.56998284  
0.0000000   -0.16992597  0.022892296  -0.023324898  -0.0083097787  -0.0013252700  0.46119690  0.60267823  0.59251229  -0.20734694  
0.0000000   -0.0027906395  -0.23978896  0.34446396  0.81278187  -0.40324000  0.0023405495  0.022299408  0.0045757223  -0.0098357572  
0.0000000   -0.014829297  0.026047696  0.024655897  -0.0011723498  0.014897700  0.46964890  0.43455216  -0.70972035  0.29182392  
0.0000000   -0.088935283  -0.031219395  0.018543198  -0.026322196  -0.014769100  -0.49204589  0.39171715  0.21922711  0.73908679  
