1.0000000   0.0000000   0.0000000   0.0000000   0.0000000   0.0000000   0.0000000   0.0000000   0.0000000   0.0000000   
0.0000000   0.97537387  0.024278698  -0.010378895  0.0017112006  -0.0030002987  0.0092673349  0.21601712  0.0036179198  0.034269484  
0.0000000   -0.016895698  0.75081393  -0.075439362  -0.60304520  0.25644589  -0.020384189  -0.0053268930  -0.0089526095  0.018711092  
0.0000000   -0.011964198  -0.050351295  -0.94203153  0.17286706  0.27963888  0.039164878  0.015964209  -0.0034080498  -0.0041209781  
0.0000000   -0.018167798  0.65584393  0.015435692  0.70589324  -0.25994189  -0.055253170  0.0052551330  -0.0041923497  -0.018623992  
0.0000000   -0.21420697  -0.0022653198  0.028387686  0.011020404  0.024327289  0.052865671  0.91363152  -0.027798798  0.33808685  
0.0000000   0.0082549589  0.034337297  0.020226390  0.0084083328  -0.039524383  0.74669059  -0.062378735  -0.65974096  0.0038968782  
0.0000000   0.012616998  -0.0053862795  0.32431684  0.32731411  0.88580462  0.039389578  -0.030050117  0.0082404695  -0.017957192  
0.0000000   0.0056835393  -0.042399396  -0.010196295  -0.0018623306  0.040658282  -0.65703164  0.023180713  -0.75084496  -0.020333391  
0.0000000   -0.041750395  0.0034057297  0.0062649169  -0.028907810  -0.00029615787  0.036435780  0.33611519  0.0034037198  -0.93971157  
