1.0000000   0.0000000   0.0000000   0.0000000   0.0000000   0.0000000   0.0000000   0.0000000   0.0000000   0.0000000   
0.0000000   0.97971795  -0.013744404  -0.0035791787  -0.00086913848  0.0013432904  0.011316295  0.18648614  0.068433632  0.018979299  
0.0000000   0.0069744397  0.68013222  -0.52407181  -0.046679472  0.50908514  -0.018162193  0.010867408  -0.022041910  -0.020961799  
0.0000000   -0.0093288495  -0.34575811  -0.77762272  -0.36835878  -0.37331511  -0.019845792  0.0097525676  0.0055094126  -0.0097837495  
0.0000000   0.0082851296  0.62757820  0.20698493  -0.36232778  -0.65620719  0.021261291  -0.0027806822  0.027309013  0.011859199  
0.0000000   -0.16997499  0.0016107105  -0.0061061178  0.010371794  0.0027805308  0.22682591  0.84167665  -0.024859312  0.45876597  
0.0000000   0.085407796  -0.0088988928  -0.012244296  -0.028564183  0.0030197809  0.68471872  -0.26466221  -0.65739131  0.14353799  
0.0000000   -0.0044371598  -0.15367305  0.27666090  -0.85410349  0.41072012  -0.035699486  0.012523610  -0.0038494218  0.013863899  
0.0000000   0.034302498  0.0095480130  0.020673593  0.017818189  -0.044558313  -0.67052373  0.11896009  -0.72436634  0.086840195  
0.0000000   -0.050654998  -0.0063450220  0.025293191  -0.010743094  -0.012893804  0.16591993  0.41500532  -0.19118809  -0.87187195  
