1.0000000   0.0000000   0.0000000   0.0000000   0.0000000   0.0000000   0.0000000   0.0000000   0.0000000   0.0000000   
0.0000000   0.98115174  -0.020578000  -0.019074900  -0.0085773518  0.0030288104  0.0026849811  -0.17428594  0.077773639  0.0062997597  
0.0000000   -0.0058086884  -0.66280999  0.52907500  -0.11297702  -0.51698806  0.0049653020  -0.0049828884  0.023190812  0.010057600  
0.0000000   0.021361394  0.37658699  0.79100800  -0.28455406  0.38814305  0.0052300821  0.0032763590  -0.016029708  0.010548599  
0.0000000   -0.017279595  -0.62882299  -0.14760200  -0.26928406  0.71322208  0.026025711  0.0088760472  -0.022643211  -0.0052888197  
0.0000000   -0.15932296  0.0091574098  -0.0086075900  -0.0056606012  0.010781001  0.24940610  -0.78978275  0.19004809  0.50222598  
0.0000000   0.092415075  0.0092935698  -0.013015600  -0.0087408518  -0.038813705  0.67059627  0.29266391  -0.56332628  0.37004398  
-0.0000000  0.010211897  -0.15025800  0.26806700  0.91298319  0.26709803  0.013713306  -0.00011345996  -0.014378707  0.013582899  
-0.0000000  -0.023312794  0.016571200  0.0030983100  0.0049363210  0.0081294710  0.66746527  0.15046095  0.64158532  -0.34539998  
-0.0000000  0.044505788  -0.0011070200  -0.011069900  -0.0026411605  0.018532002  -0.20411508  0.48729984  0.47681324  0.70076397  
