1.0000000   0.0000000   0.0000000   0.0000000   0.0000000   0.0000000   0.0000000   0.0000000   0.0000000   0.0000000   
-0.0000000  0.97483461  0.031338493  -0.023682388  -0.0036470709  0.0058274016  0.010775005  0.21599188  -0.023038596  -0.028423206  
0.0000000   0.023952990  -0.75360684  -0.10205895  -0.50317413  -0.40916911  0.00088384443  -0.0082799055  0.012296998  -0.016224503  
0.0000000   -0.023941690  0.047462690  -0.92082655  0.30340908  -0.23349106  -0.045272022  0.016184491  -0.0019403097  0.019036204  
-0.0000000  -0.022486791  0.65039886  -0.089653656  -0.65874417  -0.36588710  -0.017783309  -0.0036576980  0.010795398  -0.013201003  
0.0000000   0.21180192  0.0070947285  -0.017586891  -0.0075288819  0.017262705  -0.072647836  -0.91538650  -0.030368995  0.33210207  
0.0000000   -0.013825995  0.012794997  -0.015048293  0.017389104  -0.058278316  0.74332136  -0.050504172  -0.66329588  -0.026088105  
-0.0000000  0.017952493  0.073051184  0.36283882  0.46808712  -0.79879622  -0.069708034  -0.020901789  -0.00069479688  -0.014587003  
0.0000000   0.025569990  0.015732797  -0.013467093  0.033823309  -0.040616111  0.65804832  -0.069995862  0.74710987  0.0048568910  
0.0000000   -0.044916682  -0.0049760289  0.026353687  -0.013930804  -0.027143207  0.042735921  0.32738782  -0.011819898  0.94190419  
