1.0000000   0.0000000   0.0000000   0.0000000   0.0000000   0.0000000   0.0000000   0.0000000   0.0000000   0.0000000   
0.0000000   0.97700642  -0.0088191741  0.0092700605  0.0040401006  0.00011865894  -0.0072285392  0.20843088  0.011561997  0.040607308  
0.0000000   -0.0044485919  -0.75101935  0.13850601  0.065157810  -0.64193067  -0.0016219298  -0.017827590  -0.010966798  0.0020386904  
0.0000000   -0.0097932542  0.092994643  0.94038505  -0.31616905  0.061607968  -0.052122994  0.014187292  0.0099507477  -0.012511903  
0.0000000   0.0086239037  0.65310030  0.034503502  0.15163202  -0.74068462  -0.015590998  -0.017651690  -0.0050643488  0.0028232006  
0.0000000   0.20785709  0.0015819607  0.015016801  0.0046604707  0.023666088  0.081932990  -0.90197450  0.025227694  -0.36753008  
0.0000000   -0.020991409  0.0074915835  0.012657601  -0.060418610  -0.027959186  0.74066191  0.096048747  0.65997685  -0.039190808  
0.0000000   -0.010415504  -0.020921310  0.30636302  0.93085415  0.18435690  0.068908392  0.017568190  0.0073435583  0.0029626406  
0.0000000   -0.0055707424  -0.014249407  -0.026012401  0.050527908  0.0061041068  -0.65844092  -0.037386479  0.74933983  -0.0068386714  
0.0000000   0.038518817  0.0022069910  0.017172801  -0.0083476413  0.012135194  0.058309593  -0.36226480  0.043021290  0.92817719  
