0.99803773  -0.00059209220  -0.0062724441  0.0051355271  -0.0029937594  -0.0027864792  -0.0012986126  0.0072851311  -0.0026539634  0.0015683985  
0.00057455950  0.99750066  0.0083967477  -0.018681884  0.0093411164  0.0011201711  -0.0075094404  0.023832002  -0.0014984407  -0.0039315116  
0.0078903947  -0.015656531  0.93045073  -0.28867757  0.21377713  0.0035190576  -0.021396608  0.010389488  0.0029415159  0.0021787941  
-0.0031720697  0.016332464  0.31502540  0.94049000  -0.093919810  -0.0012738765  0.052665609  -0.00049745660  0.0032143028  0.0029928102  
0.0012956183  -0.0041965081  -0.17261767  0.14587817  0.96072693  -0.0053888262  0.14365529  0.019254857  0.029953331  -0.010071858  
0.0030888705  -0.0021523812  -0.0044452967  0.0058611235  0.0046626975  0.97990622  -0.044680809  0.025478156  0.12470025  -0.13389557  
0.0022033187  0.0052878505  0.028403877  -0.073841699  -0.13030476  -0.021290340  0.92023528  0.012442746  0.17020784  -0.31067453  
-0.0074071397  -0.023631764  -0.0065815465  0.0019079200  -0.019458922  -0.025432908  -0.013745032  0.99733961  -0.0033316945  0.0055744884  
0.0020048100  -0.00084520786  -0.0040399399  0.012868922  0.0025943549  -0.15967457  -0.24865961  -0.0031701212  0.92679688  -0.22225957  
0.00013935675  0.0056364751  0.0030420443  -0.021919428  -0.032501925  0.097726736  0.24768230  0.0013925353  0.30259313  0.91212080  
