0.99852680  0.00048957802  0.0048213388  -0.0074367625  0.0030708724  -0.00029146164  0.00031348566  0.0078708891  0.0045257614  0.0072543278  
0.00073223662  0.90651952  -0.033451211  -0.0032953390  0.0022244454  -0.20411946  -0.32880999  0.020935106  0.0084161339  -0.15460104  
0.0022416507  -0.017398111  -0.43205749  -0.67239393  -0.30156029  -0.028953604  -0.0074517956  -0.51514061  -0.021523288  -0.015596498  
0.010740328  -0.0039380611  -0.64274738  0.69378323  -0.13308086  -0.016588992  0.028873795  -0.28860112  0.0063755032  0.020845651  
0.0019135225  0.014779844  0.36374889  0.16618122  -0.91325528  0.014071335  -0.029822975  0.0097634122  0.020517747  0.038798770  
0.0060813915  0.20150155  0.027097320  0.018539321  -0.020388764  0.51284077  0.42672137  -0.040081663  -0.55659784  -0.44567580  
-0.0056123407  0.31204030  -0.019526695  -0.040859723  0.015755841  0.54245188  0.35432844  -0.021455303  0.56817225  0.39302797  
-0.0044575383  -0.011741208  -0.50852969  -0.18411753  -0.23100285  -0.0037418988  0.074438214  0.80302610  -0.027390013  -0.0044956816  
-0.0016476939  0.0026126471  -0.040130335  -0.0066364207  0.020154798  0.42368962  -0.52748965  0.016878423  -0.46867544  0.56342765  
0.0027082760  -0.19171788  -0.050128586  0.0082271622  -0.011108617  0.46639677  -0.54398009  0.026649171  0.37845386  -0.54804639  
