0.99697875  0.00088783195  -0.00039393314  0.0021387904  0.0013440994  0.0040087610  -0.010143396  -0.00074877443  -0.00026687677  -0.00094553446  
0.00089957858  -0.99681817  0.014155051  0.0039760898  -0.0026734049  -0.0050563929  0.00073840525  0.0036071531  0.00089665156  -0.00097164521  
0.00026203404  0.013953128  0.99630332  -0.0053204819  -0.0053001511  0.0045010866  -0.011907331  -0.015185184  -0.0049833511  -0.00033377516  
0.0023882201  -0.0040251695  -0.0045636687  -0.99524086  0.029214604  -0.024558104  0.0071628213  -5.6065082e-05  0.0023969192  -0.00082566037  
0.0019049016  0.0021140935  -0.0053492396  -0.028782221  -0.99438228  0.044020826  0.051430865  0.0012400311  -0.0059969645  0.018750536  
0.0039768855  0.0049470841  0.0031632836  0.023230753  -0.044768530  -0.99507378  -0.00071581458  -0.0065320128  0.029380633  0.0077505124  
0.010006072  0.00078151805  0.012165457  0.0086584267  0.050895262  -0.0028905358  0.99491161  0.00011278629  -0.0058540204  0.0032117756  
0.00078857719  0.0040422602  0.015140679  0.00016700342  0.00022110882  -0.0067783025  -4.6745195e-05  0.99570187  0.0063140523  -0.035914534  
0.00018292881  0.00074784008  0.0047834420  0.0014174282  -0.0021997551  0.030125257  0.0058118329  -0.0015745331  0.98842485  0.12213459  
-0.0010334832  0.0010101820  -0.00041945927  0.00049185030  -0.019136340  -0.0030429238  0.0043483710  -0.036514991  0.12210634  -0.98806924  
