0.99756529  -0.00065689594  -0.022194539  0.0023528860  0.0048464585  0.0048415994  -0.015335631  -0.015992283  0.0021023183  0.0073646050  
0.00064566278  0.99731838  0.024234205  0.0067833601  -0.0021387055  0.0013705337  0.0017177090  -0.025208624  0.00027749530  0.010959733  
0.021175844  -0.025556902  0.99570275  0.012447393  0.019052007  0.024072825  -0.0010639682  -0.046567952  -0.00050821299  -0.00068436153  
-0.0039828582  -0.0078481326  -0.016918395  0.99278310  0.054680926  -0.0068106028  0.0089264963  -0.073004042  -0.0080314324  0.0022114838  
-0.0067202088  0.00086306901  -0.022943953  -0.059951056  0.98753001  0.047572390  0.0087540474  -0.084778480  0.075657511  0.0032265225  
-0.0021289995  0.00077814169  -0.021855884  0.0085409224  -0.033778323  0.97646960  0.095736381  0.029415278  -0.14412385  -0.10127030  
0.014754916  -0.0035143445  -0.00060637582  -0.014409625  -0.012697102  -0.096068412  0.98929582  -0.079120813  0.015181143  -0.032968636  
0.017523365  0.023671014  0.044328150  0.067730476  0.091626307  -0.034152100  0.077199396  0.98626551  -0.0036921498  1.4532719e-05  
-0.0027612611  -0.0012250293  -0.00091147843  0.013923733  -0.080596675  0.14933919  0.0028854251  0.015375275  0.97931940  0.080754846  
-0.0069317246  -0.010969418  -0.0016620311  -0.0028891597  -0.00071210288  0.084535715  0.042644682  5.3701658e-05  -0.094766110  0.98911829  
