0.99780220  -0.0012879588  -0.012818551  0.0064786089  0.0033683981  -0.00063877749  9.5118538e-06  0.013549528  0.0021643092  -0.0020275088  
-0.0014410640  -0.99732384  -0.014043595  0.00066521741  0.027015903  -0.0091170067  0.0016289621  -0.016295400  0.0015002587  0.0072409001  
-0.0090052981  0.020118590  -0.95543674  -0.15473851  0.13395686  0.0028351301  -0.014115872  -0.20038574  0.0066578311  -0.0034812789  
-0.0024316300  -0.018454354  -0.047734717  -0.74093700  -0.33854766  0.024211351  0.00084213138  0.57273418  0.027564846  0.0071258708  
0.015489678  -0.0058384385  0.12024916  -0.30691503  -0.58855135  0.0058340671  0.0033359676  -0.73433699  -0.029633992  0.010068713  
-0.00023868190  0.010892922  -0.0056402677  -0.0029725831  -0.012266386  -0.75083921  0.29306715  -0.0041137381  0.38464529  0.44512204  
0.00018577225  -0.00018764431  0.00032462462  0.044625820  -0.031306694  0.35815754  -0.56530353  -0.0056178190  0.49278063  0.54987674  
-0.0086281035  -0.020195979  -0.25614554  0.57094544  -0.71660449  -0.0012836936  0.037403140  0.29565889  -0.044191176  -0.0050539056  
0.0024485765  0.0027568129  -0.0048647226  -0.012716129  0.040053726  0.35637708  0.48440424  0.0041280856  -0.43951845  0.66258625  
-0.0011640434  -0.0032624412  -6.8728349e-05  0.017375433  -0.0043864310  0.41987680  0.59502141  -0.026544170  0.63920133  -0.23617933  
