0.99861121  -0.00029213630  0.0013551816  -0.0049237219  0.0016536979  -0.0054249568  -0.0023922143  0.00078235932  -0.0028665251  9.5459392e-05  
0.00010288723  0.99760734  -0.030530874  -0.010670214  0.00095323914  0.0041783339  -0.00076911288  0.030865908  0.00040119215  -0.00013323263  
-0.0018695096  0.029712585  0.99073410  -0.11963933  -0.0042093485  0.00024072521  -0.00080910436  -0.018737625  -0.0054308404  -0.00075785750  
0.0047321609  0.014405598  0.11897518  0.99041078  -0.024576021  0.00019833162  0.033329135  -0.010521450  -0.0023176741  0.0036393386  
-0.0017512076  -0.00099176131  0.0082248305  0.027394228  0.98991910  -0.0019320130  -0.10329523  0.015779869  0.074318847  0.0081536359  
0.0055820123  -0.0064209402  0.0015831865  0.00031025278  -0.00088553000  0.99527466  0.0063625969  0.074357002  0.031555208  -0.0086566022  
0.0020256723  -9.6015948e-05  -0.0020792497  -0.029994603  0.10319372  -0.0084453902  0.98965937  0.012700223  0.018764892  -0.075523444  
-0.0011813500  -0.029682319  0.020644616  0.0084858692  -0.017302292  -0.074286001  -0.011346083  0.99499286  -0.0033705559  0.0011847292  
0.0028198482  -1.9703757e-05  0.0051257555  -0.00049911654  -0.075634904  -0.030565279  -0.0029228368  -0.00050128412  0.98940868  0.10773041  
-0.00018155284  8.6446887e-05  -0.00047840248  -0.0062013273  0.0080507690  0.011280914  0.076712563  0.00038051217  -0.10666264  0.98982505  
