0.99873989  -0.00084282612  0.0031946368  -0.00022649447  0.00050165476  -0.00068688779  -0.0017606569  -0.0032321017  0.00092866914  0.00030817112  
0.00076361919  0.99873823  0.0021552156  -0.0044136720  -0.00059381245  0.0059164837  0.00036757893  -0.00046298535  -0.0022670986  -0.00095496535  
-0.0032770271  -0.0026861553  0.99036170  -0.12112576  -0.040410906  0.00048144989  0.0028705086  -0.00086952734  -0.00068289175  -0.0020358225  
-0.00017733757  0.0041221025  0.12228062  0.99081492  0.029053455  -0.00047481630  -0.0038883932  0.0021004760  0.0042484137  -0.0023847619  
-0.00024592450  0.00033574670  0.036278426  -0.033059590  0.99189810  0.0065188717  0.090529823  0.0061103427  -0.0033603019  0.051101328  
0.00058708877  -0.0061665001  -0.00060579431  0.00083060073  -0.0012793145  0.99225776  -0.022490541  -0.055505065  -0.076894270  -0.059245436  
0.0017236086  -0.00062790702  -0.0056971995  0.0070848908  -0.086058306  0.014698157  0.99090163  0.0049300293  -0.041084957  -0.079107336  
0.0031657827  9.5756505e-05  0.00040171483  -0.0019758348  -0.0058488398  0.054904151  -0.0067320279  0.99719325  -0.0048785707  -0.0028992879  
-0.00072789574  0.0016945834  -4.4757672e-06  -0.0045727663  0.0056378998  0.070746580  0.031387514  0.00086306044  0.98946686  -0.11200834  
-0.00057581785  0.00072819086  -1.5571252e-06  0.0039600097  -0.057951317  0.068640119  0.076990270  -0.00021119052  0.10474336  0.98603894  
