0.99758427  -0.00051043547  0.014262724  -0.011961006  0.0035181971  -0.0011668676  -0.0033592018  -0.020633521  0.0011647311  -4.3903060e-05  
0.00056916393  0.99741577  0.013826144  -0.0015218947  0.0036953702  0.017950190  -0.011086803  0.016368522  0.011812565  -0.0047287444  
-0.017859470  -0.013816139  0.93758254  -0.30265241  0.15123200  0.0017345637  0.013866060  -0.019508421  0.0047750062  -0.0068818626  
0.0071554044  -0.0031627070  0.31788221  0.94132934  -0.082661224  9.3908182e-05  -0.031747634  0.013684360  -0.010149115  0.0011293484  
-0.00098882826  -0.0028063647  -0.11451140  0.11623374  0.96363588  0.00019812789  -0.17852953  0.0091562890  -0.077561496  0.047511234  
0.0013699558  -0.018593942  -0.00076126701  -0.0024568184  -0.0080728097  0.99592091  -0.042505767  0.014464292  -0.020301075  -0.032719893  
0.0016472431  -0.0039147058  -0.026256029  0.047776457  0.16451393  0.015004328  0.53708362  0.0044981048  0.54302227  -0.61797393  
0.020186324  -0.016225960  0.015524856  -0.020572030  -0.0051972896  -0.014686152  6.8997913e-05  0.99717689  -0.0017214193  0.0019574327  
-0.0035158953  -0.015904102  0.0096598933  -0.026699550  -0.072492831  -0.019878486  -0.72600143  -0.00017810214  0.67685440  -0.058182519  
0.00078890285  0.0010798695  -0.0052586031  0.024877670  0.067633028  0.052485513  0.38130956  0.0010059231  0.48507740  0.77871538  
