0.99846002  0.00019504939  -0.0059106063  -0.00060150608  -0.00080605070  -0.0020727512  0.0016720455  0.0063910677  -0.0026256183  -0.00058263796  
-0.00014834819  0.99789128  -0.0022696659  0.013370006  0.027162297  -0.015489241  0.0020599633  -0.0064239850  -0.00047665496  -0.00022453688  
0.0064738463  -0.0010150941  0.97530976  0.16920449  0.020066095  0.016401527  0.076759609  -0.10236052  0.011396081  0.0033955005  
-0.00095725710  -0.013877689  -0.16091638  0.98020548  0.027600242  -0.0079954690  -0.0028594165  0.091929809  -0.0024888309  0.017150126  
0.0012513086  -0.026936160  -0.028269246  -0.024883964  0.99281175  0.025528792  0.036023979  -0.082747099  0.020178246  0.00013669817  
0.0017340684  0.016176189  -0.014794384  0.0045335487  -0.023294204  0.99759892  0.0065337821  0.023655298  -0.022749184  -0.011641417  
-0.0016357128  -0.0015768017  -0.083997684  -0.0024653003  -0.044268931  -0.0072765521  0.99089311  -0.071381936  0.00087551585  -0.021850107  
-0.0057541787  0.0048364959  0.10822574  -0.076257881  0.079866484  -0.019348562  0.082978788  0.98205718  0.034395931  -0.0028792302  
0.0027274361  0.0011108434  -0.014546406  0.0059620977  -0.023097627  0.021158346  -0.0079163597  -0.029948187  0.98954701  -0.12668032  
0.0010835311  0.00078567718  -0.0041438252  -0.017053103  -0.0046584207  0.014332882  0.020923075  -0.0034970657  0.12653118  0.98990745  
