0.99829862  0.0013081295  0.0020405248  -0.0038020219  -0.012138857  0.0020198287  -0.0084777051  -0.0061240375  0.00070597122  -0.00025630204  
-0.00044530354  0.99431939  -0.059897797  0.034841806  0.021898111  0.015185465  -0.0088208068  0.050996730  0.0042976541  -0.0011132575  
0.0013711407  -0.057513711  -0.98877217  -0.092939666  -0.028303921  0.061724143  -0.0072121338  0.0080725885  0.026771468  -0.036275729  
-0.0034662740  0.040243404  0.088222279  -0.99135197  0.0050162472  -0.017852148  0.052830982  0.0085990921  0.0081298070  0.034361499  
-0.012397012  0.023666975  0.024771071  -0.0019882953  -0.99643739  -0.034123852  -0.029254233  0.0025431478  0.0012821141  0.017650083  
-0.0056114938  -0.011820809  0.062353553  -0.024252188  -0.010978771  0.79830099  -0.42194195  -0.013456771  0.40166310  0.12262478  
0.0012533937  0.0019767232  -0.016760545  0.026897845  0.017201941  -0.42621333  0.083681645  -0.011149818  0.85876477  0.26316137  
-0.0057415858  0.051041117  -0.010969979  -0.0044676762  -0.0034797929  0.017230073  0.052601531  -0.99528460  -0.014175253  0.014724503  
0.0061496773  -0.00017652167  0.031548537  0.033744301  -0.042261939  0.39339323  0.85436536  0.045005634  0.19335042  -0.26189695  
0.0031703307  -0.0030145269  -0.037431280  0.038864598  0.0024003633  0.13115032  0.27404899  0.033926528  -0.24414562  0.91699626  
