0.99851430  0.00066465903  0.0025329080  -0.0029151587  -5.6870043e-05  -0.00017871316  0.0017755904  -0.00021638357  0.0011960154  -0.00054008448  
-0.00061633265  0.99799617  -0.012541096  -0.013125879  0.020991392  -0.0036732903  0.0073775027  0.013994821  -0.0029239546  -0.0015224886  
0.0013841190  -0.0049749086  -0.42633757  0.065428378  -0.48641357  -0.036902069  0.014165432  0.75656849  0.0061176569  0.010158209  
-0.0026639616  -0.014827820  -0.11321414  -0.98826541  0.0016938393  -0.069528746  0.027585991  0.017901841  0.0084061657  0.027178768  
0.0011762520  0.015747850  -0.49212794  0.041314865  -0.57483300  0.012874538  -0.029858256  -0.64899417  -0.012648421  -0.0074750579  
0.00056398980  0.0044153222  -0.028017447  -0.066733393  0.0061764279  0.90820607  -0.37121275  0.042890382  0.14170362  0.087453746  
-0.00051489438  0.0031882778  -0.020864932  0.030640169  0.020580393  -0.21225569  -0.099979013  -0.021474975  0.91437995  0.32137896  
-0.0022595255  0.021842080  0.74620520  -0.088029508  -0.65484385  0.021416947  0.016670364  0.0079942500  0.045770393  -0.011214372  
-0.0016510285  -0.0052332602  -0.034632772  0.0068067245  0.0064323814  0.34725950  0.91827958  -0.017973683  0.17697450  0.0086347246  
0.00082256270  0.0010841404  0.022996907  0.022915616  -0.014865514  -0.012404978  0.059082900  -0.010244023  -0.32732990  0.94056074  
