0.99736489  0.0015523693  0.0019837315  -0.0032064959  -0.00040658845  -0.0021815426  -0.0024961794  -0.0028185904  -0.0033039256  0.0060578877  
0.0021587363  -0.98734609  -0.012177552  0.00074690622  0.0045382543  0.0040661344  0.085464419  -0.0057097664  0.10899695  0.017405653  
-0.0010496274  0.0060771968  -0.42184107  -0.53986167  0.72241516  -0.0089563775  -0.0051224680  -0.018457169  -0.024030412  0.047436534  
-0.0021061367  0.013157722  -0.48716984  -0.078570794  -0.36763711  -0.033389992  0.076128854  -0.77761017  -0.024509601  0.054378840  
-0.0040056909  -0.0013235347  0.75477173  -0.26401212  0.22762744  -0.037061789  0.049952558  -0.54589663  -0.010534552  0.023112328  
-0.0045037999  -0.018199315  0.013557111  -0.014832846  -0.033950938  -0.099445260  -0.75627890  -0.034222921  0.34753272  0.53779154  
-0.0016409031  0.076665267  0.0055358895  0.012603731  -0.010379559  -0.68220156  0.50902293  0.10267947  0.25773398  0.43194938  
-0.0017511584  -0.0010805547  0.084532689  -0.79102429  -0.53161008  0.043732606  0.018045277  0.27530361  0.032819362  -0.027842453  
0.0051330910  0.11306168  -0.019991582  0.017313764  0.047840634  0.36053508  0.20606026  -0.046963119  0.87342592  -0.20334306  
-0.0024993116  0.022992080  0.026377376  0.029313657  -0.0029037842  0.62012000  0.32465431  0.040819886  -0.17298289  0.68597179  
