0.99736918  0.00084917929  0.0029958400  0.0020878872  0.00035502611  0.0027225124  0.00093793492  -0.0030243787  0.0014832811  0.00086179550  
-0.00088309056  0.99670917  0.010443955  0.026019911  -0.0027758010  -0.013867373  -7.8147969e-05  0.017977690  -0.00041843052  8.8395012e-05  
-0.0026951915  -0.0084449746  0.99419607  -0.068689049  0.035454827  -0.0046895441  0.010340624  -0.0042285078  -0.0012913416  0.0089220729  
-0.0021999292  -0.025944246  0.067758175  0.99367962  0.015205626  -0.0017902985  -0.010967421  -0.00023981657  0.014384639  -0.00057642908  
-0.00041123247  0.0036411395  -0.036702147  -0.011965370  0.99420581  -0.00046243930  0.051794921  -0.010491282  -1.6751615e-05  -0.048872312  
-0.0028678715  0.015050501  0.0048343441  0.0018919665  0.00036397719  0.99645264  -0.0045717794  -0.046167170  -0.0057506246  -0.00018595005  
-0.00047962850  -0.00056816124  -0.0074840999  0.012068174  -0.051229324  0.0057231131  0.99433820  0.019921427  0.038767768  0.0033127069  
0.0031368986  -0.017636700  0.0040038972  -0.00088654108  0.011806272  0.045821695  -0.020261690  0.99600197  0.0011102998  -0.00055431016  
-0.0014423137  0.00093514145  0.00013015651  -0.015336274  0.0040057902  0.0048544057  -0.039039315  -0.0021268385  0.99503872  0.044067432  
-0.0011078970  0.00012228917  -0.011068406  0.0012260824  0.049034175  -9.7090778e-05  0.00090606916  0.00011237709  -0.044529140  0.99540979  
