0.99806573  0.00010399456  0.0060476715  -0.0021355049  0.00022368692  0.00039491476  0.0044954027  -0.0067118378  -0.0039054358  -0.00064997125  
-0.00012275048  0.99802285  0.0012805422  0.0053626177  -0.00017481456  0.0059171585  -0.0018306398  0.0085734139  0.0018010399  -0.00048574005  
-0.0067681466  0.00021130588  0.97265533  -0.21487609  0.014823147  0.0058330693  -0.0021606644  -0.057616348  -0.014060023  0.00049852738  
0.00066194203  -0.0057338771  0.21281483  0.97409779  0.024491893  -0.00056805691  -0.0084250300  -0.029073913  -0.00010812736  -0.0049640732  
0.00039033967  -0.00051002135  -0.0099441997  -0.017918704  0.96766510  -0.0093358601  0.16148018  0.10056139  0.14898493  -0.030697805  
0.00032724863  -0.0064731228  0.0024595696  0.0040882982  -0.0091486114  0.99022090  0.030400413  0.12174424  0.0057440414  -0.0064393842  
-0.0041025427  0.0015452149  0.0071883818  0.0084151303  -0.16957920  -0.031779391  0.90986879  -0.0039147635  0.043558813  -0.36887910  
0.0063163145  -0.0077342321  0.064276834  0.017536131  -0.098484647  -0.12127526  -0.015918013  0.98334747  -0.0080116008  0.0053443653  
0.0040373829  -0.0018267971  0.015276621  -0.00042536658  -0.13981928  -0.0037224637  -0.061363757  -0.0086052996  0.98579128  0.029944223  
-0.0012530765  0.0011448626  0.0022351216  0.0076602521  -0.030417221  -0.0047901186  0.37028669  -0.0029684987  -0.0097532196  0.92621684  
