0.99888160  -0.00025780329  -0.0071773679  -0.00060712141  0.00028270448  -0.00021506468  0.0026911370  0.0073233360  -0.0022472768  -0.0061186552  
0.00016188980  0.99832982  -0.0071731836  -0.022620344  -0.00023448289  -0.020782715  -0.00024550977  -0.0091583842  -0.0064811982  -0.0086131161  
0.0059799372  0.0037003930  0.39515391  0.20881744  0.79377219  -0.029049641  -0.15337098  -0.37701017  0.038065571  -0.013422410  
-0.0012797518  0.022207300  -0.13586375  0.97290895  -0.12178047  0.0093326507  0.028934305  0.12454139  -0.031512869  0.0039328816  
-0.0025490010  -0.012007418  -0.84972367  -0.030450566  0.18856606  -0.034191798  -0.054982593  -0.48398066  0.011248262  -0.023152902  
0.0015651102  0.020844248  0.00074894564  0.00031443206  -0.0062403858  0.99121226  -0.037755716  -0.073624421  0.023751306  0.086822093  
-0.0052219475  -0.0054339840  0.0017697925  -0.015550414  0.15687449  0.071667624  0.74206841  -0.025529424  -0.53739825  -0.35751960  
-0.0079925833  0.0045680635  -0.31680303  -0.074418232  0.52946380  0.059065772  -0.084860042  0.77450998  0.023277184  -0.020441610  
0.0041701415  0.0066652487  -0.022649145  -0.0030097444  0.10708265  -0.060437862  0.46598340  -0.0067372602  0.087851897  0.87013134  
0.0012307079  -0.0036582393  -0.00054537545  -0.019822722  -0.031779254  -0.024594229  -0.44062498  0.0068507551  -0.83524124  0.32248087  
