0.99858892  -0.00053044162  0.0018016174  -0.00030871416  0.0015958996  -0.0015599876  -0.0021527231  -0.00061542266  0.0026862288  -0.00055830074  
0.00049402519  0.99841420  0.0027860017  -0.015062314  -0.0064493798  -0.0086088019  -0.00072047770  6.9737242e-06  -0.00063365476  -0.0028269847  
-0.0020139043  -0.0040508180  0.98100272  -0.14819744  0.10575740  0.0063854399  0.0023744530  -0.034168026  0.013493346  0.00067524578  
-0.00027093813  0.015188914  0.13401746  0.98115998  0.11839853  0.0068088952  -0.0082751925  -0.038682740  0.0037136336  0.011767967  
-0.0012601293  0.0058413350  -0.12158616  -0.10239970  0.98352658  0.067433725  -0.014425286  0.0063897063  -0.0016297070  -0.0012090153  
0.0015602457  0.0083218817  0.0010522951  0.00085638866  -0.068029982  0.99617424  0.00030988533  0.00019679887  -0.0021787106  0.016215834  
0.0022089223  0.00080287481  0.00063505696  0.010784055  0.014868527  0.0017335898  0.99233854  0.086942673  0.0032572189  -0.065171146  
0.00057744842  0.00029642307  0.040626453  0.032858874  0.00080789815  -0.00045196012  -0.086634220  0.99140187  -0.063363391  0.0076514652  
-0.0026405949  0.00045756391  -0.011266719  0.0011958463  -0.00057546955  0.0033637892  -0.014331210  0.063196253  0.99276992  -0.084406769  
0.00045990746  0.0026256449  -0.0036393402  -0.011289500  0.0017357363  -0.015765212  0.064599957  0.0039287781  0.084998790  0.99246422  
