0.99821550  -0.0012896542  0.0012452653  0.0030347311  0.0055677881  0.0018465072  0.00072663280  1.2269745e-05  -0.0016802683  0.00094947902  
-0.0021325463  -0.90222597  0.045957584  0.010012686  -0.012323977  0.39958377  -0.050837061  -0.012055495  -0.0037750332  0.13331822  
0.00057924457  -0.0065143900  -0.96115818  0.13607970  -0.0075656031  0.091163581  0.035646622  0.20667957  -0.018988032  0.035473328  
0.0021937452  -0.0073744639  -0.13993915  -0.94054098  0.22488227  0.0087182262  -0.15566501  0.0099814443  0.13016537  0.0087298422  
0.0063644279  -0.031300152  -0.054779020  -0.20237940  -0.96091946  -0.088390050  -0.067815646  -0.095163574  0.072206088  -0.036309576  
-0.00077929983  0.40498316  0.074174436  -0.0036887601  -0.090605790  0.70122491  -0.11941493  -0.026663185  0.0071870024  0.55863539  
-0.00022308481  -0.019423650  -0.051276569  -0.13804206  -0.0023741404  0.0093872138  0.90781516  -0.33674126  0.047172553  0.18542067  
-0.00014081316  -0.00038566747  0.19390893  -0.12578484  -0.11333092  0.033719719  0.32454216  0.88718319  -0.18887725  0.027160095  
-0.00096551618  0.017479972  -0.042450882  -0.12946534  -0.022636923  0.056574172  -0.030742334  -0.20499536  -0.96085521  -0.086678677  
-5.7520737e-05  -0.12901621  -0.017341607  0.018648604  0.021884124  -0.56978569  -0.13773777  0.033180636  -0.11209263  0.78822888  
