0.99481213  0.00079656784  -0.0074363354  0.0040573369  0.015762730  0.0014341877  -0.0060920685  -0.013914032  -0.0017370891  0.0037823897  
-2.0516073e-06  -0.90097540  -0.058700366  0.036942763  0.057545021  -0.35326136  0.18520381  -0.024034501  -0.0013753276  0.10291779  
0.016538268  -0.065478969  -0.071029996  -0.33649024  -0.91625139  -0.026452658  -0.041142297  0.11197375  -0.10416770  0.025523163  
0.0039160865  0.026392046  -0.43315732  -0.49873866  0.29245856  -0.0032078050  0.062239249  0.67780228  0.038378785  0.035286706  
-0.0082098263  0.053612309  -0.84320673  0.48596337  -0.12394783  0.021749853  -0.019982326  -0.12159229  -0.084380589  -0.034159132  
-0.00017756015  -0.36506956  0.018581556  0.051053489  -0.011892794  0.92047896  -0.027533464  0.072884697  0.019865560  0.028372530  
0.0048315217  0.17463910  0.0087568754  0.0048976105  -0.060288348  0.096785821  0.95636244  -0.065782794  -0.035048791  0.16179366  
0.012169840  0.023184472  0.27506494  0.62131742  -0.16877404  -0.089252035  0.033332173  0.69909916  0.039145770  0.028032127  
0.0028476023  0.0025487148  -0.072907591  -0.0013594871  -0.11512004  -0.012825254  0.037275376  -0.053693246  0.98093153  -0.065106169  
-0.0059256507  0.079389914  -0.020496815  0.019891128  0.010603079  -0.0030347206  -0.17818883  -0.044039139  0.068956705  0.97144961  
