0.99788580  -0.0016873517  -0.00040455082  -0.0033833258  -0.0031023198  0.0075189342  0.014381660  -0.0060384074  0.0011045080  0.0022015819  
0.00011767980  0.92453316  -0.030177300  0.045010943  0.077614518  -0.23006266  0.20288960  -0.019468584  0.012922766  0.19344424  
0.0054782263  -0.057962581  0.38469297  0.48153430  0.74439553  0.0085745185  0.0020993920  0.21693476  -0.098371759  -0.037861620  
-0.0031812797  0.036690581  0.63790907  0.17855798  -0.22307151  0.047868380  -0.076574131  -0.69454768  0.12025715  0.030688763  
0.00072395416  0.050413622  0.65697598  -0.48604164  -0.19058036  -0.059473834  0.080331896  0.49740564  -0.17391182  -0.042392579  
-0.0032632536  -0.26417177  -0.035344361  0.0050970505  -0.0029099270  -0.39164748  0.27302202  -0.18519401  -0.61986772  0.52781075  
0.00050310769  0.18500876  -0.073506009  0.10372383  -0.10130636  0.17003089  -0.0011781824  -0.13444707  -0.68884615  -0.64338867  
-0.0020516719  0.024778126  -0.042031357  -0.69456164  0.58109916  0.073282664  -0.085843488  -0.39592586  -0.030581721  -0.056895617  
0.016406772  0.044803896  -0.0057676838  0.012126183  -0.015850645  -0.59077144  -0.79546813  0.037349858  -0.068226236  -0.071483675  
0.0021416792  0.16480129  -0.0054137031  0.017740075  -0.039396853  0.63260579  -0.47698423  0.091207184  -0.27786502  0.50363169  
