0.99891339  -0.00068943123  0.00026749603  0.0018142868  0.0041951173  0.0040899111  0.00074450412  -0.00035422087  -0.0027882021  0.00070042977  
0.00086904429  0.90914088  -0.015622013  0.020829910  0.012244518  -0.037103446  -0.059463316  0.39274180  0.026341444  -0.10329996  
0.0049523527  -0.028771058  -0.11204019  -0.27171733  -0.12733846  -0.94469873  -0.040321261  -0.014832042  -0.010889463  -0.0030589514  
-0.0017249753  0.029383938  0.16682965  -0.74770810  0.62769124  0.10771072  0.044931579  -0.026855953  0.040474889  0.0018723329  
-0.0027733896  0.0033779314  -0.54513805  0.43553918  0.67556208  -0.15780864  0.15878587  -0.065596896  0.016823020  0.00054292987  
-0.0012278511  -0.017807014  0.80730914  0.41518383  0.32581813  -0.25839521  -0.0054125835  0.0096614593  0.0043529706  -0.021709158  
-0.00018241313  -0.056693175  0.065027520  -0.042842991  -0.11537483  -0.022840776  0.93602819  0.30220076  -0.010953689  0.084557964  
-0.00032464543  -0.39563086  -0.063175989  0.0033311379  0.10136314  0.0046816577  -0.27946429  0.85819746  -0.093231797  -0.061404162  
-0.0030164972  0.076723611  0.0083368798  -0.014159611  0.035710910  0.0075387622  -0.0011611949  -0.060472506  -0.97404066  0.19503084  
-2.6938022e-05  -0.060834760  -0.0047062608  -0.018751386  -0.015801042  0.012094470  0.10589118  -0.082423502  -0.19396014  -0.96842697  
