0.99871026  -0.00047430027  -0.0084101491  -0.0031674586  -0.0037170063  -0.0015157751  -0.00068997480  0.0091232561  0.0018558381  -0.00040872234  
0.0011186114  0.92046543  0.026723011  -0.0035936091  0.014107719  0.35708112  0.023834928  0.0078521722  0.00069959720  -0.14600560  
-0.0085348084  0.024823452  -0.19517861  -0.15991991  -0.90616072  -0.016223803  -0.060384203  0.32569278  -0.043166955  0.0045005728  
-0.0043748727  -0.0069543799  -0.18275828  0.74751566  0.12787471  0.019627308  0.022869544  0.62221304  0.025773137  0.0015032597  
-0.0037340943  0.015301161  -0.91520628  0.083405587  0.039709062  0.026857822  0.052858705  -0.38166274  0.042141969  -0.015403091  
-0.00043773111  0.36158729  -0.015650169  0.028274302  0.019716725  -0.66085192  -0.064477240  -0.018172607  0.029417253  0.65077043  
0.0020039323  0.0055022605  -0.034521310  0.040016351  0.043870769  0.011329973  -0.070257229  -0.023961692  -0.99264705  0.041835121  
0.0084152872  0.00040275475  0.29150904  0.63429562  -0.39104114  0.0014318785  0.013723459  -0.59711387  0.010684263  -0.023259181  
-0.00048156416  0.0061029529  -0.033624462  0.035624545  0.052018701  0.011771061  -0.98828067  -0.030203842  0.071690566  -0.097409636  
0.0013596096  -0.13653630  0.0083153713  -0.0020509582  -0.016500205  0.65714702  -0.063213525  -0.015148208  0.041427804  0.73533084  
