0.99844829  -0.00048806641  0.0056643281  -0.0072066332  0.00034743416  0.00068083963  0.0022499117  0.0067040199  0.00014596351  0.00053033315  
-0.00054971283  -0.92333065  0.0035759793  0.0021022797  -0.013296113  -0.34605590  0.053927992  0.011365880  -0.020220095  0.14503007  
0.0030353014  0.0025103096  -0.95706706  -0.12244341  -0.13642620  -0.0062439926  0.033370955  0.21335918  -0.0088976210  -0.016719409  
0.00077435363  -0.011137467  -0.13676394  -0.58370787  0.47081163  -0.016169645  -0.019638312  -0.64409087  -0.0049445957  0.0023114779  
-0.0092634055  0.00054188738  0.15338678  -0.45765698  0.47728254  -0.0042753309  -0.0026548390  0.73158860  0.013865850  -0.014295952  
-0.00034812020  0.34215107  0.0037300491  -0.0031238554  0.0022199927  -0.58041796  0.23357202  0.0085354902  -0.10724338  0.69045683  
-0.0024035218  -0.055585687  0.025676464  -0.0054730771  0.021988949  0.26570154  0.95725511  -0.019708203  0.016655512  -0.070276942  
0.0057003891  -0.0052045016  -0.19290718  0.65658547  0.72587285  -0.016487448  -0.0045631376  -0.023406864  0.031375931  -0.0028735558  
-6.9816363e-05  0.018849572  -0.0052118324  -0.018605146  -0.028942430  -0.072314240  0.0098946843  -0.0093139631  0.99154294  0.080676398  
-0.00057001362  -0.15429755  -0.021331830  -0.0033413566  0.014002316  0.68103029  -0.14609035  0.010426267  -0.0021352100  0.69772393  
