0.99870484  -0.0012729682  -0.0026160825  0.0015281754  0.0024201505  -0.00032666634  0.00071931678  0.0047770785  -0.0035697109  4.5311298e-05  
0.0012568186  0.99366984  0.0025115705  -0.019744055  -0.0088214311  0.049893998  -0.018534969  0.010590144  0.010328499  0.080341650  
0.0030806049  -0.0058238113  0.15194771  0.070534033  -0.97492323  0.024350343  -0.015311678  -0.11789046  -0.058121088  -0.016766550  
-0.0015000155  0.023900386  0.068555915  0.99060836  0.079946242  -0.011422318  -0.0054828945  0.0083928191  0.028579517  -0.045304663  
-0.0017783694  0.0034958557  -0.97583433  0.078668919  -0.12885911  0.029675432  0.0096377961  -0.14520022  0.010308260  -0.0068030942  
0.00062759696  0.018217105  0.021710579  -0.028879207  0.031802384  0.71698231  -0.055242160  -0.012396155  0.025158932  -0.69071114  
0.00064299867  -0.017062629  -0.023207323  -0.0042794549  0.0016900055  -0.062541631  -0.99343805  0.070434289  -0.0065852632  0.012366175  
-0.0045761556  -0.013185706  -0.12420324  0.013159997  -0.13794942  0.043199281  0.069321247  0.97743851  0.019544297  0.011532755  
-0.0037559647  0.011327176  -0.018675127  0.024529155  0.055886761  0.021224432  0.0077452975  0.023965488  -0.99568916  -0.014160512  
-0.00035243149  0.091866432  -0.021339883  -0.040001110  -0.016006783  -0.68793678  0.036057462  0.033238760  -0.0038230858  -0.71428062  
