0.99834842  0.0019643239  0.0023804879  -0.0013009098  0.0034478426  0.0012539650  0.00086944079  -0.0069155767  0.011575524  0.0077967215  
0.00086251376  -0.90642958  0.019847149  0.068646931  -0.012197036  -0.36652929  0.013807191  -0.021244321  0.16722178  -0.082634042  
0.0035126500  0.024139413  0.078015494  0.68373265  -0.67095319  0.097742481  -0.17934232  0.16841737  0.046388547  0.0057840454  
-0.0037041468  0.031392679  0.34422970  0.64959643  0.62523477  0.017866647  0.080742980  -0.22359335  -0.055314585  0.063882367  
0.0049418939  -0.034440319  -0.82279888  0.29590224  0.22551913  0.0093717031  0.21527714  0.34034128  -0.12611020  0.044355532  
-0.00057361482  -0.31891378  0.021348771  -0.080144399  -0.064062744  0.41552582  -0.061948589  -0.10030842  -0.45331512  0.70137501  
0.00049353243  0.098949471  0.26528007  -0.011646732  -0.19401220  -0.30813803  0.82036743  0.21051925  -0.10429157  0.23565742  
0.0031976797  -0.080995848  0.33479566  -0.087978848  0.24388071  0.16553048  -0.19664990  0.85965526  0.072367974  0.019386553  
-0.012820816  0.16002419  -0.10795760  0.0090077471  0.056245083  -0.24534882  -0.15777791  -0.017984466  0.67320894  0.64594086  
-0.0064663370  -0.16910751  -0.011034068  -0.013740346  -0.017028866  0.70534582  0.41351249  -0.090308900  0.52206340  -0.13605347  
