0.99802279  -0.00082796294  0.0043571863  0.0082585090  -0.0055911412  -0.0013169585  -0.0019224821  -0.011644168  -0.0015426714  -0.00090368190  
0.00078980474  0.99796652  0.0018676866  -0.0051161318  -0.0015602990  -0.0088203266  0.012987112  -0.0025415983  -0.0022473624  -0.0014536971  
0.0089863184  -0.0032236318  0.11070704  -0.91047207  0.37992769  -0.0068681726  -0.097846935  -0.0056671792  0.0097394231  0.026273635  
0.0047837660  0.0033031363  -0.95935346  -0.00041504193  0.24793882  -0.0086777316  -0.10693880  -0.041830167  0.013906198  0.023771701  
0.0031069662  -0.010904310  0.0035225182  0.073352066  0.41602027  0.0012285103  0.87607075  4.3862497e-05  -0.084273217  -0.20769573  
-0.0017006300  0.0067890792  -0.023539366  -0.046579056  -0.080933905  0.95693445  0.052594658  -0.24978545  -0.042912228  0.065448157  
0.00099494092  -0.0081381024  -0.23189429  -0.37708853  -0.73916349  -0.093675078  0.40342213  -4.1936081e-05  0.28501812  -0.032358773  
0.012011238  0.0043602043  -0.045589555  -0.015255968  -0.0042278666  0.24909854  0.0054119649  0.96524501  0.0076088561  0.0079522170  
0.00044254572  0.0042927094  0.061014031  0.090789201  0.18059903  0.095324349  -0.13943849  -0.020829879  0.80724930  -0.52045515  
0.0017618089  0.00082655047  0.056976979  0.094072688  0.17756454  -0.021022281  0.15108125  -0.0012707544  0.50376279  0.82191912  
