0.99835728  0.00041785910  0.0063716243  0.00047835402  -0.0011023031  0.0017335256  -0.00092588215  -0.0093901509  0.0042590434  -0.0029941754  
0.00041488413  0.92796370  -0.014695746  0.014664311  0.0037013200  -0.28433525  0.19472418  -0.010674986  -0.078275686  -0.10127675  
0.0024788802  -0.0089742011  -0.077231997  0.94416538  0.20929508  -0.011160913  -0.042487002  0.23098228  -0.0023148581  0.0017738043  
-0.0031065864  0.0032013141  0.94711314  -0.020547636  0.12541349  -0.044045956  -0.010588529  0.28344342  -0.034133940  -0.0064200325  
-0.0087323641  0.0063939301  0.19651794  0.12004239  0.47388959  0.073559217  0.038195751  -0.84358478  0.0085710849  0.015791279  
0.0024975188  -0.28948687  0.0047035278  0.050890423  -0.068046976  -0.40719112  0.81521623  -0.028792662  -0.18026261  0.20527636  
-0.00090174652  0.18309360  0.035468431  0.030155709  -0.059596743  0.82055377  0.47593315  0.077880337  0.18108802  0.13712876  
-0.0062155958  0.023609628  0.22979225  0.29322393  -0.83812641  0.0031382699  -0.10184689  -0.37911048  -0.0023261031  0.032783429  
-0.0049390002  -0.096466230  0.027289671  0.022641265  -0.031063525  -0.15491000  0.20205513  -0.017163101  0.72881304  -0.62373337  
0.00014099649  -0.092089432  -0.0070856914  0.016709485  -0.032260242  0.21303606  0.11529465  -0.014409342  -0.62671835  -0.73154589  
