0.99910269  -0.00032798621  -0.0030631865  -0.0020826106  0.0032821423  -0.0026250620  0.00093950511  -0.0043234479  -0.00026299784  0.00054220660  
0.0013208538  0.92428515  -0.014384422  0.0092191736  0.00025564623  0.35204339  -0.00035110208  0.0064990189  0.0018547312  -0.14018377  
0.0037529204  0.015446735  0.15294202  0.011400124  -0.98587768  -0.029053248  -0.038034608  0.00021839404  -0.0084926783  0.011990065  
0.0020997533  -0.012552319  0.023437238  0.99653775  0.016863739  0.010109706  -0.046255341  -0.0099860231  -0.038449410  0.0051644477  
0.0026211602  -0.00037874106  0.98562722  -0.023534362  0.15010836  0.037051520  0.028026513  0.026917315  0.025018013  -0.010489864  
0.0020209596  -0.35140734  -0.026170115  -0.0075278153  -0.036683213  0.65791374  -0.0036067889  0.017467862  -0.028655472  -0.66242684  
-0.00062730690  0.012787443  0.028002503  -0.045599033  0.018230991  -0.019204086  -0.13028903  -0.084015430  -0.98497180  0.013623657  
0.0042173638  0.0023996776  -0.022137880  0.0040240229  0.0014351825  -0.022452295  -0.082341326  0.99236145  -0.073998511  0.0070128056  
-0.00038091123  -0.0030535412  -0.019700396  0.041849218  -0.039578194  0.015234036  0.98448038  0.070901424  -0.13984988  0.021732169  
0.0014330227  -0.14094134  -0.014662419  -0.012999062  -0.014106636  0.66196713  -0.027950892  0.0074304394  -0.0016080974  0.73397438  
