0.99751329  -0.0015175954  0.0036456800  0.0043265478  0.010156630  -0.0022989076  -0.0054953191  -0.0090536132  2.4481202e-05  -0.0037809341  
0.0026277994  0.93392914  0.021035330  0.0056974406  -0.013893689  0.20277183  0.20870383  0.016582930  -0.13787672  -0.13584264  
-0.0041874411  -0.0076896813  0.99577927  0.014642508  0.0028749141  -0.018988282  -0.018933294  -0.037879111  0.030196473  0.011343949  
-0.0042633405  0.014095478  -0.015523670  0.99167688  -0.0033315222  -0.070476855  -0.011417323  -0.014988197  -0.048060663  0.060833503  
-0.010373322  -0.0064651153  -0.0038943456  0.0033598036  0.98995574  0.0078036707  0.089932164  -0.081307781  -0.0067514862  -0.00023595010  
0.0013999333  0.21728213  -0.015973860  -0.083434911  0.016668286  -0.21608485  -0.23262262  -0.089270772  -0.10762736  0.90579087  
-0.0018878472  0.20303940  -0.034695534  0.035845390  0.025301442  -0.057978485  -0.22704788  -0.040380461  0.94551504  -0.010146891  
0.0078667466  0.020870843  0.033609327  0.0054662041  0.082764664  -0.10043533  -0.0074444596  0.98523871  0.029110905  0.069484489  
0.0065469479  -0.12270282  0.0050361612  0.0052806087  -0.082251344  -0.011993742  0.90923297  -0.012756213  0.24851536  0.29060056  
0.0027620663  -0.13687920  0.012241099  0.057017380  0.0077834697  0.94246414  -0.10338679  0.076750193  0.066848037  0.25203926  
