0.99794250  0.00063880443  -0.00027898388  -0.0030644131  -0.0023652315  -0.0040792056  0.0070636293  -0.00089653789  0.0078378052  0.0023944383  
-0.00062779057  0.99681559  0.030964032  -0.019143896  -0.0029175059  0.015586892  -0.00042684599  0.026428224  0.0015233864  -0.00010816414  
0.00032699496  -0.022209066  0.96621193  0.10693301  0.011076671  0.0076507679  0.0051741212  -0.22299352  0.012559651  -0.0020296620  
0.0028981616  0.020449775  -0.096676442  0.99089975  -0.0060230203  -0.0031500772  0.024042669  0.056147624  0.0046835045  -0.017856854  
0.0025522204  -0.0034735066  0.033694759  0.00065219409  0.96853978  -0.0051491420  -0.11239174  0.19594822  0.073672177  0.010370275  
0.0040154922  -0.018362211  0.011897794  -0.00032583765  -0.012998129  0.99396569  0.0010423533  0.086844005  0.0038266776  0.0025330005  
-0.0077925005  -0.0010617413  0.0040149338  -0.025168383  0.097759349  -0.0036855754  0.98526525  0.039176572  0.11252507  0.026686679  
9.5435338e-05  -0.031914174  0.22421284  -0.032088976  -0.20191449  -0.088683925  -0.019782145  0.94592358  -0.00060819941  0.00092286898  
-0.0073225278  -0.00091936216  -0.014861168  -0.0028385785  -0.083518950  -0.0032329418  -0.10449789  -0.016315995  0.98851835  0.015071000  
-0.0019096855  0.00058196035  -0.00023574440  0.018815911  -0.011301745  -0.0021387439  -0.023074425  -0.0033635149  -0.018334702  0.99732911  
