0.99883421  0.00016409105  0.0065954644  -8.7673910e-05  -0.00055992080  0.00029398316  0.0015417538  -6.7161278e-05  8.6440275e-05  0.00060327030  
-0.00014535727  0.99870808  -0.00032506552  -0.010415829  -0.0093795940  -0.0057297678  -0.00068049032  0.0023216844  -0.0015404905  0.0010700084  
-0.0065503287  0.00031914524  0.99863308  0.0031211716  0.0024073608  -0.0022354819  -0.018064821  0.0013949090  0.0010788817  0.0017409097  
0.00022818976  0.010671024  -0.0031600476  0.99831571  0.016317965  0.0061727808  -0.0067949049  -0.0040554911  0.0016968306  -0.0042960006  
0.00058843533  0.0094557933  -0.0019401050  -0.016419553  0.99772311  0.040216020  0.016553612  -0.0019645221  0.0012239542  -0.0026927011  
-0.00038456669  0.0053299163  0.0023296482  -0.0056438455  -0.040288829  0.99798109  -0.00065796571  -0.0013115503  -0.0062256073  -0.0012760931  
-0.0016534204  0.00057517555  0.018109404  0.0070998086  -0.016453822  -5.1290761e-05  0.99835755  -0.0014787948  -0.0085545444  -0.00067407375  
-1.7894098e-05  -0.0022511046  -0.0013838139  0.0041141010  0.0020144326  0.0015145297  0.0015210100  0.99861435  0.0060240212  0.017634342  
0.00017332437  0.0018103318  -0.00023491583  -0.0030289806  -0.0025017113  0.0053515606  0.0075526126  0.00051736962  0.93956866  -0.33834037  
-0.00064524489  -0.00038270955  -0.0019205115  0.0033866203  0.0019686771  0.0034154972  0.0032726107  -0.018795179  0.33836455  0.93947317  
