0.99849432  -0.0021113987  0.00026670388  -0.0011497340  0.0066481080  -0.00031805377  0.011009616  -0.00037487034  -0.00055790808  0.00035415232  
0.0019721021  0.99759657  -0.0087683216  0.024824896  0.017967022  0.029369135  0.00016921124  0.0011428019  -2.0872621e-05  -0.00061967124  
-0.00020108454  0.0088445243  0.99846051  -0.0015448647  0.0026385376  -0.0014900090  -0.0012687762  -0.0041398339  -7.8696171e-05  -0.00058103410  
0.00089274937  -0.025137656  0.0017597398  0.99770519  0.0056404966  0.0050198227  0.022953750  0.0085702134  0.014643447  -0.010502437  
-0.0059178423  -0.017757191  -0.0024996513  -0.0044339912  0.99581410  -0.0029851683  -0.071269716  0.0075671587  0.0058506304  -0.0031456467  
-0.00016642477  -0.029389231  0.0020348615  -0.0063176349  0.0039208202  0.99741554  0.023917547  0.021887199  -0.017465193  -0.0056008559  
-0.011529840  -7.2719304e-05  0.00098066705  -0.023172698  0.070984112  -0.024346027  0.99533835  0.0010533393  0.00065959463  0.0010694703  
0.00037733977  -0.00012234176  0.0040925277  -0.0088854672  -0.0079796378  -0.021523628  -0.0011930996  0.99786686  0.026555227  -0.0065110248  
0.00062123606  -4.2885634e-06  1.9730357e-06  -0.014425749  -0.0056792289  0.018073773  -0.00030014097  -0.026184896  0.99793444  0.0080454126  
-0.00036673846  0.00013720838  0.00063693085  0.010588526  0.0031691652  0.0054119267  -0.00095103314  0.0069529084  -0.0077688991  0.99843869  
