0.99868858  0.0016288985  0.0053947357  0.0049454160  0.0081092812  0.0021750566  -0.00057527465  -0.0053372502  0.00082032931  -0.00090758899  
0.0013093783  -0.99106060  0.021482674  -0.015812700  0.016743975  0.043603241  -0.045760730  0.0077871696  0.053111467  0.085791985  
-0.0083191618  0.016743155  0.94073702  0.14102589  0.13514070  0.0022656837  0.019488949  -0.27133248  -0.0040609030  -0.0060741765  
0.0014289043  -0.0064994980  0.11967629  0.70187435  -0.25006082  0.0020039454  -0.040222146  0.65220709  -0.025779094  0.0096373645  
-0.0012666743  0.024742110  0.13024621  -0.34819248  0.69203004  -0.0096515178  -0.0062141185  0.61615855  0.00028750125  -0.0012986034  
0.0023375701  0.026251017  0.0071094484  -0.012685048  -0.013245280  -0.64894042  0.062847130  -0.0027075130  -0.12956837  0.74462354  
0.00067179827  -0.053301887  -0.00071408583  -0.029861988  -0.00074146635  0.052442312  -0.13536118  -0.013982569  -0.97968872  -0.11212675  
-0.0086316886  -0.0065967367  -0.28378315  0.60122000  0.66116216  -0.0054970595  -0.0058465070  -0.34264850  -0.014704121  0.016836286  
-0.0010002999  0.068967643  0.014350040  -0.024854661  0.0031749177  0.072669592  -0.97228584  -0.031864595  0.11736701  0.16272729  
-0.00095735143  0.077301479  -4.5687469e-05  -0.0078332535  0.0012445870  0.75268599  0.16002201  0.0057447525  -0.057864397  0.62929589  
