0.99903356  -0.0015253230  0.00097061124  0.0032157088  0.00021613078  -0.0032343109  0.00028444931  -0.00043644406  -0.00022561217  -0.00062780347  
0.0015615215  0.99832991  0.025517475  0.0048782490  0.00054872284  -0.00041160265  0.00048960068  0.026264926  0.00050561298  -7.3783233e-05  
-0.00040448706  -0.023966541  0.98100157  -0.18192886  0.044662223  0.00085953885  0.0072279233  -0.0085033255  -0.00029707122  0.0019670715  
-0.0032979760  -0.0090265544  0.18075199  0.98176038  0.025439546  0.00059169910  -0.024290981  -0.0092869890  -0.00025077415  0.0012213951  
-0.00012962300  0.0012724179  -0.048540251  -0.012593815  0.97889775  0.0044681345  0.16768174  -0.022464031  0.012934602  0.092147591  
0.0032804698  -0.0020732092  -8.3746250e-05  3.7125031e-05  0.0015521107  0.99456703  -0.0091264641  0.090217986  -0.0037324378  -0.025592141  
-0.00022468859  -0.00095814230  0.0056590779  0.027729397  -0.16838585  0.0087549193  0.98049503  0.0095495126  0.084566417  0.0017299111  
8.0258511e-05  -0.026498820  0.0082553371  0.0069353142  0.024468586  -0.090237850  -0.0050046561  0.99415138  -0.00095779405  0.0019476103  
6.8280736e-05  -0.00048068951  0.00010262510  -0.0021108427  0.015640535  -0.00097955606  -0.081821556  0.00036630198  0.98332286  -0.15535838  
0.00079263948  -6.2504792e-05  0.0024582520  -6.6520340e-05  -0.089232923  0.025453628  -0.030614614  0.0025553302  0.15412404  0.98229157  
