0.99912580  0.0013002817  -0.00091500343  -0.0027928417  -0.00036291732  0.0028835073  0.00023482989  -0.0033095269  -0.0010846961  8.6861379e-05  
-0.0013791783  0.99875146  -0.021516952  0.0057502373  -0.00041468325  0.0065872591  -0.0011162123  0.012008158  -0.00064646139  0.00058796726  
0.0011028374  0.020954235  0.99447668  0.089356169  0.023230605  6.2253577e-05  -0.0030597619  0.00078490011  -0.0081513677  0.0012653825  
0.0028265634  -0.0075893323  -0.089211313  0.99484170  0.0079246362  0.00041625090  0.0099838353  0.00070761613  -0.0027900222  -0.0088769510  
0.00024066158  -0.00015802234  -0.021998390  -0.010865193  0.99514060  0.0016083481  0.080441030  0.020975016  0.0028813087  -0.016641757  
-0.0027318338  -0.0067351388  0.00028223665  -0.00023178762  -0.0012429771  0.99861953  -0.0089266702  0.017461098  0.023647747  0.0047812886  
-0.00034566200  0.0012191633  0.0049794304  -0.0098286166  -0.080420382  0.011800894  0.98644938  -0.0074297089  -0.10896592  -0.079607705  
0.0033674838  -0.011887450  2.3647320e-05  -0.00071417258  -0.021459242  -0.017502224  0.0057119222  0.99864888  -0.0019849100  -0.0013270834  
0.0011315202  0.0010846861  0.0084765866  0.0023392653  -0.011672702  -0.022496135  0.10687544  0.00068485142  0.99262566  -0.026029728  
3.3652213e-05  -0.00054239833  -0.0017838029  0.0077945579  0.0098747671  -0.0044763670  0.083258064  0.0010088054  0.017325035  0.99529361  
