0.99873229  0.0010315904  0.00072386222  0.0039836934  -0.0014001279  0.0046009764  0.0068711012  0.00087272000  0.0072587265  0.0029931308  
-0.00093920014  0.99810033  -0.018216447  0.017300452  0.0085884396  -0.0041823573  0.00080397428  -0.023096458  0.0010220471  -0.00089657891  
-0.00083708037  0.018650469  0.99776291  -0.032797242  0.0014278876  0.00051053992  -0.0011813037  -0.0095067671  0.0049719378  0.0011634686  
-0.0036939311  -0.016439991  0.033187897  0.99734944  0.015226239  -0.00053678283  -0.026515531  0.020061981  -0.0093253071  0.0036946914  
0.00099585926  -0.0087982836  -0.0020117811  -0.014137171  0.99737593  -0.0010195732  0.015242004  -0.013725755  0.041841435  -0.00022152225  
-0.0046604846  0.0050186765  -0.00018130491  -6.7072032e-05  0.0016055811  0.99776412  0.0096827077  0.042931404  -0.0021662304  0.00015778989  
-0.0070542563  -0.0014362510  0.0019227295  0.026701765  -0.015116059  -0.0091208251  0.99723824  -0.013570726  0.0057362642  0.041865161  
-0.00079182031  0.023240438  0.0084135287  -0.019796282  0.013340642  -0.043216402  0.013894270  0.99714415  -0.0014670984  -0.0015496884  
-0.0073419045  -0.00086111015  -0.0046866240  0.0098192074  -0.041517781  0.0022650297  -0.0069014758  0.0024680841  0.99759784  0.0053252399  
-0.0026837266  0.0010196784  -0.0013138168  -0.0047551765  0.0010779274  0.00019992221  -0.041693015  0.0020042763  -0.0053769569  0.99788980  
