0.99833535  -0.0013071372  -0.0048160197  -0.00097344679  0.010764513  0.0040112313  -0.011283257  0.0066232896  -0.0018606702  -0.0041092438  
-0.00077435656  0.91596980  0.0051801490  0.030323165  0.010406532  0.37087680  -0.087351381  -0.012283082  0.059352254  0.088514523  
0.0086425522  0.0028039645  0.77600667  0.50023103  -0.21112824  -0.047628233  0.014277967  -0.29340909  -0.10357899  0.022385016  
-0.0060541853  0.031998098  0.57237668  -0.41589816  0.39180026  -0.069309844  -0.089865032  0.56344776  -0.081737843  0.066452990  
-0.0087302155  0.013244463  -0.14273900  0.44644512  0.84732147  -0.086354230  -0.039942919  -0.15756578  -0.15630820  0.023384273  
0.0034626465  0.34553977  -0.057720507  -0.082210638  -0.088333799  -0.59478653  0.24896776  0.00088067037  -0.44245545  -0.49815671  
-0.010968093  -0.14167558  0.0054215071  -0.070519220  -0.024289262  0.39125917  -0.62659732  -0.082441986  -0.39762548  -0.51007112  
-0.0040074878  -0.0099487611  -0.16803268  0.59501002  -0.21840525  0.010223599  -0.077071558  0.74460102  -0.072706009  -0.031928658  
0.00017739102  0.046706787  -0.12165172  -0.071602752  -0.15656044  -0.27674666  -0.38724082  -0.072671781  -0.51077918  0.67630886  
-0.0035251163  0.12206616  0.011800504  0.048661627  -0.0042382413  -0.51104905  -0.60714164  -0.041014605  0.57566418  -0.12863657  
