0.99860161  0.00021311821  -0.0061813614  0.0037317602  -0.0051866329  0.00014455440  -0.0019217573  -0.00086237153  0.0060546233  -0.0023630763  
-0.00051701027  -0.91387511  -0.0072882132  0.011641638  -0.015778611  -0.25826659  -0.25034274  -0.039655193  -0.048309977  -0.16847660  
0.0054881293  -0.0017333051  0.59345624  -0.20528442  0.32140760  0.024502847  0.046898075  -0.70439106  0.017648432  -0.0070675128  
0.0022171798  -0.0096247153  -0.24675335  0.27510281  0.91085377  -0.074170122  0.076500033  0.13133001  0.023742779  -0.041003854  
0.0035006901  -0.0026536731  -0.19781709  -0.92961383  0.18082080  -0.10292468  0.092377333  0.18961474  -0.018809899  -0.076628033  
-0.0035552785  0.25633482  -0.015112406  0.00027752440  -0.021429363  -0.70998903  -0.39929493  -0.064097538  0.48402055  0.17039710  
0.0037070113  0.24411611  -0.019271943  0.056178509  -0.024641298  -0.45434729  -0.099531304  -0.085107717  -0.81353251  -0.21934772  
0.0055683614  0.012792928  0.73439656  0.0010364253  0.10465689  -0.059316783  -0.081631048  0.65864136  -0.030458553  -0.044547439  
0.0011521391  0.052036660  -0.061082129  -0.10858398  0.13806612  0.40303928  -0.80090512  -0.0047693793  -0.21099135  0.33385631  
-0.0044143139  0.18403443  -0.033202103  0.012328622  -0.0086094913  0.19378916  -0.31714942  -0.035767633  0.22808246  -0.87785449  
