0.99831722  0.00029973152  -0.0057625323  0.0017666835  -0.018043674  0.0044872252  -0.00018898400  -0.0098409700  -0.00084774663  0.0015613555  
0.00032056634  -0.99838333  -0.0068570705  0.0079232828  -0.0025665025  -0.0085404001  -0.0033159556  0.012090799  -0.0073749821  -0.0024280181  
-0.014608838  0.0056237762  -0.25174087  -0.20156714  -0.90152427  -0.015149111  0.035225959  0.27770059  0.0088440010  0.036433382  
0.012609264  0.0038896463  -0.32824868  -0.59861946  0.40986586  -0.014304969  0.0085271285  0.60108768  0.0049575412  -0.031187858  
0.0040555022  -0.0095781909  0.84480999  -0.51247104  -0.10852410  -0.0026426351  0.072244065  0.026683052  -0.013324170  0.053152622  
-0.0040534687  -0.0079028373  0.018362903  0.0052910693  -0.013427008  0.98115623  -0.15548563  0.048935579  0.082624897  -0.012450522  
0.0014950348  -0.0060673209  0.025792839  -0.0084824776  -0.0049895121  -0.099670899  -0.096651025  -0.0065721984  0.98002465  -0.12829058  
-0.0085902037  -0.011519737  -0.32374665  -0.57861949  -0.011702944  0.036403533  -0.062344781  -0.74296577  -0.0035370445  0.0025959500  
-0.00076315161  -0.0054137671  -0.064218198  0.013023513  0.031842558  0.14943335  0.97576350  -0.057631113  0.10623511  -0.051162703  
-0.00078027783  -0.0031421015  -0.045449881  0.017360435  0.053008110  0.0074110520  0.031235173  0.0060819521  0.13450827  0.98602354  
