0.99848608  0.00056295873  -0.0042102216  0.0040890958  -7.8652718e-05  0.00034101910  0.0010234651  -0.0029636205  -0.0048672690  -0.00060674287  
0.00078104718  -0.90205992  0.0060355765  -0.011597695  -0.0034152326  -0.38865521  0.13976609  0.024851472  0.043410510  -0.099849225  
0.0041078947  0.021742015  0.62368546  -0.65409975  -0.20960629  -0.039627792  0.0010109478  -0.36506928  -0.014471814  -0.017559275  
-0.0029383536  0.015265420  -0.76173090  -0.40524849  -0.31259560  -0.056909590  -0.022164923  -0.38559779  -0.018717426  -0.040180655  
-0.00016031554  0.0022084398  -0.10548280  -0.23406120  0.92095900  -0.029100260  -0.0095391841  -0.28553886  -0.017383985  -0.0089269273  
0.00010033150  -0.37974896  -0.024443801  -0.079904491  0.0011840325  0.91635798  0.070105850  -0.020088604  0.0090895921  -0.030534325  
-0.0012524266  0.15445708  -0.018949782  -0.0073491843  0.0028627930  -0.011966284  0.98578580  -0.0086720290  -0.0032341029  0.026748412  
-0.0041316669  -0.039175251  0.12230134  0.58373763  -0.083293871  0.020889489  0.0057057710  -0.79487897  -0.0066512890  0.022222209  
-0.0048955304  -0.040530760  0.0069682907  0.017430471  -0.0066570924  -0.0060244130  0.0042063809  0.024090846  -0.99661747  -0.033067417  
-0.00074492712  0.10625117  0.022945498  0.046109070  0.0068181121  0.014401568  0.011351895  0.0039080139  0.029310504  -0.99086591  
