0.99862219  -6.0277488e-05  -0.0072739299  -0.0039832965  -0.0024031833  -0.00071780304  -0.0054130416  -0.0055416251  0.00058529029  0.00067585944  
-0.00013895242  0.99828031  -0.0039604307  -0.013779513  0.0071105900  0.0027411993  -0.0072267173  -0.013988071  -0.0039575811  0.014422866  
-0.0098444714  -0.012894650  -0.82868859  -0.38962984  -0.095698769  -0.046620198  0.0081735307  -0.37990793  -0.046538174  -0.022203052  
0.00068192380  0.0088998359  -0.39398127  0.90419327  0.11223037  0.010994642  0.025294712  -0.091172395  -0.049708737  -0.0040269618  
-0.00057846245  0.012600589  -0.14778997  0.091653997  -0.87840261  0.057579169  -0.019725983  0.43216059  0.064595844  0.026152780  
0.00059401897  -0.0043787452  -0.012984652  -0.028008199  0.028710096  0.98472814  0.099614329  -0.081086746  0.069761903  0.066358246  
-0.0051923964  -0.0067794313  -0.039130975  0.0067413883  0.051895196  0.10294249  -0.98967443  0.032859169  0.010750642  -0.039871894  
-0.0030068093  -0.0048982609  0.34938328  0.13452463  -0.43177065  -0.048820825  -0.066187598  -0.80370675  0.13381618  0.012385037  
-0.00079508995  0.00058061355  -0.098149921  0.0031400902  0.11843739  -0.082623459  0.0054255679  0.061528538  0.95686743  0.21758378  
0.00089838385  0.015430916  -0.00029405266  0.0075851473  -0.00097205258  0.046428075  0.046929958  0.017152878  0.22345655  -0.97067990  
