0.99791885  0.0012953416  -0.0050345548  0.0040991532  -0.0092293612  -0.0051994690  0.0014743454  0.0098210894  -0.0035774593  -0.0011786925  
0.0013051955  -0.98969720  0.049555815  -0.046534865  0.020979828  -0.033258277  0.0077825092  0.062335412  -0.0036251076  0.080691795  
-0.0080779309  -0.036580555  -0.92362219  0.16506494  -0.11443589  -0.021300825  -0.19319601  0.23556453  0.043063934  0.075104623  
0.0084173422  -0.025495514  -0.27860854  -0.69582251  -0.011076429  0.072793798  -0.039338960  -0.64981154  0.057737494  -0.0010101876  
0.0068020020  0.053523781  -0.028511552  -0.27229897  0.87750842  -0.019799953  -0.20896164  0.30441661  0.080997514  0.068138420  
0.0028366023  0.039686875  0.00086062555  -0.069095480  -0.041424556  0.69302048  0.31589663  0.14177434  0.12899712  0.60948347  
0.00078136042  0.042016932  0.23319467  -0.043692669  -0.24723872  -0.083044469  -0.80194433  -0.0017703578  0.11628614  0.46135040  
0.0081814062  -0.059559009  -0.059901356  0.63283733  0.37763906  0.13621650  -0.099102043  -0.62785711  0.084999150  0.12609550  
-0.0025222929  0.034665313  -0.051568570  -0.018117456  0.078253369  -0.16227791  0.057192682  -0.063907083  -0.90567305  0.36265655  
0.0016546722  -0.060828035  0.029876257  0.0035520929  -0.020972923  0.67613211  -0.39597246  0.055042215  -0.35523650  -0.49753808  
