0.99839820  0.0019385782  0.0029762902  -0.00022859522  -0.0043687111  0.0012622595  0.00044459065  0.0044904960  0.0017971587  0.0012766819  
-0.0011647230  0.91129790  -0.021790116  0.0023428254  -0.0034413362  -0.40022841  -0.010233288  0.0052238353  0.0045187098  -0.074497114  
-0.0033451894  0.0029104363  0.99308309  -0.014248145  -0.020552984  -0.052999416  0.049653347  0.027001047  0.054356365  0.028861259  
0.0033625098  -0.010173829  0.030389335  0.72436164  0.038399592  -0.020272388  -0.032938346  -0.68218921  0.021137599  -0.043240620  
0.0044676886  -0.016092871  0.015382191  -0.092480513  0.99110393  -0.051741687  0.011860236  -0.041587976  0.018593992  0.024306749  
0.0018769279  -0.40098422  -0.049862712  -0.039151797  -0.057744552  -0.90995690  0.028065558  -0.015214572  -0.0016996640  -0.0050245849  
0.00064967376  -0.025572428  0.050016270  -0.034476557  0.0092294208  -0.021143339  -0.99269453  0.019797366  -0.00055648896  -0.077601141  
-0.0025549697  -0.024041789  -0.0096003777  0.67613853  0.092074088  -0.036033266  -0.0049201085  0.72687424  0.011754168  -0.028693436  
-0.0017147565  -0.0047207877  -0.054876779  -0.021366921  -0.019190663  0.0052114836  -0.0022223827  0.0053309409  0.99638619  -0.0083733772  
-0.0012733273  0.063699480  -0.026700751  0.051113560  -0.019362702  -0.035362849  -0.081775298  -0.0066417339  0.0079767106  0.99034013  
