0.99854097  0.0023775710  0.00048503434  0.0035194924  0.0026056934  -0.00046089835  0.013204103  0.0048879425  -0.0010590067  -0.0061747919  
-0.00045893618  0.92516997  -0.021828532  0.027021771  0.044840816  -0.27499379  -0.19186051  -0.028392562  0.085874744  -0.13187012  
0.0012789488  -0.0030478824  -0.97188308  -0.20494941  -0.050390505  0.020581738  -0.0091240335  0.040001983  -0.076716948  -0.0066688589  
0.0037503868  0.039954736  0.20592257  -0.97329392  -0.041021590  0.045671600  -0.027259111  0.010758523  0.036648286  -0.0011552548  
0.0019496003  0.031885736  0.049616794  0.048965057  -0.98753654  -0.053167989  -0.028886618  0.062454232  -0.088056027  -0.028020558  
-0.00028816242  -0.25950484  0.031868290  -0.034807112  0.076863919  -0.45220582  -0.29632477  -0.042997767  -0.39999959  -0.68380478  
0.00046263658  -0.19289190  -0.074657999  0.0016116941  -0.078819325  -0.21477533  -0.0031995499  -0.15989987  0.88558740  -0.30378902  
0.0058250418  0.012834080  -0.022995409  -0.013655141  -0.057222112  0.069864590  -0.030373230  -0.98025627  -0.13211460  0.094251161  
-0.013068748  0.081815630  0.00077576686  -0.042752279  0.0025094876  -0.33510032  0.91784755  -0.048483012  -0.11457808  -0.13454843  
0.0060699327  -0.16490740  -0.010098718  -0.040379979  0.019615627  -0.74040852  -0.16505863  0.0099376149  0.0015393416  0.62626805  
