0.99828861  -0.00050024750  0.010798697  0.0046337339  0.00079456567  -0.00090782057  -0.0019705519  -0.012216939  0.0023074443  -0.00013400722  
0.00040559921  0.99803397  0.017951726  -0.013650451  0.00070152928  -0.014704539  -0.00045484650  0.0052527269  -0.00038123797  0.00080789374  
-0.010899875  -0.018562188  0.99516314  -0.064120349  0.026834781  0.00062139215  -2.5090023e-05  -0.033000773  0.012699255  0.0039305806  
-0.0057680483  0.012747817  0.062512551  0.99482434  0.026454403  8.0976441e-05  -0.0035592855  -0.034995432  0.0036630811  -0.016293539  
-0.00055006503  -0.00034537293  -0.029612212  -0.024675985  0.99419519  0.0032390022  0.060007436  -0.015471826  0.049526721  0.026539858  
0.0016057801  0.014359829  0.0021157810  0.0015434070  -0.00097414850  0.99620871  -0.00091933724  0.062677888  -0.011490220  -0.021117581  
0.0019272205  0.00059728990  0.0015442060  0.0059876036  -0.061410775  0.0032438618  0.99231772  -0.014202222  -0.017577993  0.083424083  
0.011654271  -0.0063065887  0.034831964  0.032710417  0.016677469  -0.062478325  0.014687600  0.99482822  -0.0019050659  0.0045312560  
-0.0020123071  0.00074105532  -0.011469497  -0.00064349380  -0.051935719  0.012201374  0.010750256  0.0036582068  0.99595702  0.047717224  
0.00016063213  -0.00027230977  -0.0018278367  0.016674223  -0.018727197  0.020580970  -0.085797342  -0.0022433634  -0.047731406  0.99277562  
