0.99820062  0.0011961728  -0.0071683383  -0.0021043933  -8.6641440e-05  -0.0022251345  -0.0070370746  -0.0087802855  0.0059189133  0.00069428953  
-0.0010176614  0.99817398  0.011137275  -0.00029592099  0.00098795686  -0.0037236272  -0.00042092598  -0.010482528  7.0307370e-05  0.00067181971  
0.0067362190  -0.011360151  0.99501333  -0.071089379  -0.026056210  0.0030148339  0.0053157418  -0.026316063  0.0010591207  -8.9569689e-05  
0.0023367594  -0.00014083564  0.071235601  0.99566538  -0.0015188698  0.00027400793  -0.011100832  0.0087822392  0.0067524066  0.0032191098  
1.1467491e-06  -0.0012349787  0.026512117  -0.00095169799  0.99556582  -0.0028707573  -0.061816021  0.0080323864  -0.027623295  -0.0015567478  
0.0025482201  0.0040549036  -0.0023198552  -0.00040237172  0.0030855560  0.99779631  0.00057261111  0.025019223  0.010809776  -0.00020837569  
0.0069698263  0.00036364871  -0.0030454410  0.011307362  0.061576450  -0.00061523926  0.99571435  -0.0023221489  -0.011149072  0.029824157  
0.0089658539  0.010052554  0.025473418  -0.010597203  -0.0088022102  -0.024802601  0.0031197531  0.99731657  -0.0062108231  0.00022039437  
-0.0059608467  -0.00012178289  -0.00053107802  -0.0068061304  0.028276649  -0.011015197  0.0077486420  0.0061824326  0.99583095  0.060795484  
-0.00039955938  -0.00068217419  1.9144679e-05  -0.0031905557  -0.0020101021  0.00063762928  -0.030482765  -0.00052269895  -0.060414393  0.99593314  
