0.99839978  -0.00047705898  -0.0010035799  -0.0025531356  0.0065330476  -0.0035755296  0.0011961433  0.0062017111  -0.0062964826  -0.0012735950  
-0.0011160091  -0.98606145  -0.10208149  0.031023920  0.049852705  -0.025320127  -0.052697151  -0.038964180  -0.072173605  -0.021100120  
0.0023860090  -0.094171342  0.34006439  -0.11133210  -0.82857963  -0.068786292  0.051636579  0.39968100  -0.058351944  0.050111271  
0.0079073633  0.053954852  -0.43640473  0.46964964  -0.52257059  0.055851106  -0.013555760  -0.55318147  0.013943205  -0.015512601  
-0.0022585956  0.039617977  -0.67114406  -0.71789840  -0.14744230  -0.024640871  0.029591466  0.058292538  -0.050396793  0.011969697  
0.0010827891  0.0049709495  -0.058061630  0.031276751  -0.015433763  -0.74094229  -0.36542258  0.037837057  0.54823703  -0.087475159  
0.00017594108  -0.030106404  0.046494877  -0.027169467  0.045384223  -0.31247784  0.42672101  -0.17048382  0.013735253  0.82584950  
-0.0053249296  0.045191544  -0.46811166  0.49562894  0.096729907  -0.086696828  0.13476980  0.68535658  -0.13769889  0.080278957  
-0.0063369094  0.076009914  0.068224470  -0.0095972229  0.032418665  -0.55835263  0.0035510045  -0.15473775  -0.77089120  -0.23529223  
0.00011540845  0.048410885  -0.015857687  0.010702385  -0.0055853002  0.14819584  -0.81033083  0.045714260  -0.26704761  0.49201378  
