0.99780231  -0.0012930655  -0.00010913067  0.0054081367  -0.00094184368  0.0030228943  0.0013247550  -0.00048007080  0.00029879651  0.00045478819  
0.0011905718  0.99598193  -0.033446890  0.019372356  0.029726768  0.0035043815  0.00032148356  -0.021634862  0.022841550  0.0041925915  
-0.0017871601  0.029738984  0.11189314  0.11752176  -0.98201587  0.022266539  -0.029665329  -0.045057503  -0.0091804625  0.012506098  
0.0039241989  0.0068679004  0.039899292  -0.80872896  -0.064644549  0.013349759  -0.0020970255  -0.57808263  -0.016955284  0.026924472  
-0.00084023071  -0.034172134  -0.98097690  0.050578871  -0.099116438  0.011509800  -0.053806191  -0.12705651  0.017408901  0.016404586  
-0.0033077743  -0.0035816411  0.0029754192  0.026515295  0.021938804  0.98244180  0.15566314  -0.017363278  -0.056048576  -0.032087149  
0.00080398744  -0.0018642117  0.062015858  0.053931326  0.049681797  0.15031239  -0.97910772  -0.069344013  -0.014214881  -0.0027086653  
0.0033284902  0.026160077  -0.11437024  -0.56455676  -0.11273419  0.051990324  -0.093303679  0.79578316  0.071048948  0.026499316  
0.00063095091  0.024383828  -0.030416634  -0.032270649  -0.0028509945  -0.056718062  -0.0025706474  0.066664875  -0.98768166  -0.098280211  
-0.00071297195  -0.0026943577  0.014165135  0.032545433  0.019234415  0.024601607  0.0058558067  0.0030492307  -0.10146051  0.99139992  
