0.99872177  0.00056060251  0.016267402  -0.00081394057  -0.00020209251  -0.0014559052  -0.0016509689  -0.0011162339  -0.00024990131  -0.00073983758  
-0.00044784519  0.99833545  -0.0071509007  0.017610401  -0.0048892981  -0.018504321  -0.0059622363  0.0014273272  -0.0068402046  0.015544572  
-0.016248416  0.0076766577  0.99523954  -0.051959683  -0.061757313  0.00050667337  -0.0078111112  -0.0031790893  0.0010072652  0.00087496597  
-0.00011396174  0.015919838  -0.053672930  -0.99434183  -0.028209874  -0.066365210  0.0077365606  -0.0013170353  0.011389640  -0.0053363865  
0.00085544677  -0.0055968997  -0.059898955  0.031190890  -0.99612899  0.0081347147  0.025550834  0.011884554  -0.0071792491  0.00025089165  
0.0015317041  0.019792147  -0.0037670304  -0.066010124  0.0060040345  0.99625159  0.0049003584  -0.017977771  0.0013182696  -0.0069059112  
0.0015049761  0.0060115099  0.0098516345  0.0068029777  0.025594207  -0.0041622339  0.99770595  0.033400944  -0.0016156850  -0.0080084307  
-0.0011889149  0.0019325172  -0.0034263219  0.0035197143  -0.010858713  -0.018227298  0.033172061  -0.99666844  -0.0052348078  -0.051388856  
-0.00028879574  -0.0073280338  0.00078500131  -0.012071038  0.0067348940  0.0010014890  -0.0011135738  0.0024725752  -0.99744157  0.047970992  
0.00068338905  -0.014852920  -0.0011798758  -0.0052343954  -0.00045206052  0.0057673326  0.010136036  -0.051376079  0.047873937  0.99607093  
