0.99904545  -0.00040893313  -0.0055896967  -0.00034295707  0.0011918117  -0.0028677710  -0.0011391108  0.0077618468  0.00084252600  0.0031543511  
0.00034344317  0.99836052  0.014727378  -0.010257431  0.012141398  0.016232313  0.00084511991  0.014480906  0.0021383269  0.023592434  
0.0056997685  -0.014464389  0.66344476  -0.39604939  0.52222608  -0.016598962  0.011081709  -0.35719124  0.0056106268  -0.014587521  
0.00038984151  0.0094315466  -0.39192756  0.53515370  0.61883262  -0.017365017  0.0086641779  -0.41684258  0.012750681  0.026047615  
-0.0012763153  -0.011762316  0.52312834  0.61096578  0.18367914  0.028713406  -0.0098630479  0.56186523  -0.016931822  -0.020188409  
0.0044343391  0.014114515  -0.029476138  0.0028589729  0.0063712260  0.46641813  0.052006929  -0.035494515  -0.12912825  -0.87110937  
0.0011034827  0.00014938544  0.017822809  0.024495400  -0.033765064  -0.063903147  0.99558967  -0.010757428  -0.0053056597  0.025545827  
-0.0075205370  -0.014728019  -0.35959755  -0.42499825  0.55436189  0.0058949072  0.042830678  0.61527143  -0.012159353  -0.0030040379  
-0.00055014883  0.0012741146  0.0015671683  0.0022179503  -0.00092322688  -0.0079312497  0.0088536770  0.021417577  0.98728961  -0.15097909  
-0.0011774917  0.025472494  -0.0067697583  0.013482451  -0.0062478811  -0.88019343  -0.045204069  0.019388111  -0.077770279  -0.46256504  
