0.99790580  -0.0027755493  -0.0054365838  -0.017604347  0.016541310  0.0033525977  0.0051944919  -0.013961099  -0.0016472261  -0.0044446853  
0.0031708547  0.98450989  -0.040370254  0.0044731598  -0.040979104  0.043487047  0.077202952  0.047347759  0.097296371  -0.066046296  
0.023736837  -0.0031733292  0.45699288  0.57819338  -0.66867585  -0.029366789  -0.0017368373  -0.0055671860  -0.065415135  0.0085216117  
-0.0020487774  0.044461559  0.53878239  0.41744659  0.72623838  0.0050738496  0.033347807  -0.0048784408  0.022125936  -0.017345921  
0.0047807415  -0.030782204  -0.69910840  0.68972472  0.11974659  -0.045177732  0.051495691  -0.076131569  0.0037399164  -0.076924959  
-0.00022511119  0.039421239  -0.045176949  0.058910782  0.023042521  0.83445934  -0.32089470  -0.0046754184  -0.36473576  0.23684634  
-0.0022708886  0.055142562  -0.023725863  -0.025401774  0.032882068  -0.17909103  0.59210753  -0.0050626594  -0.60281100  0.49502480  
0.014220541  -0.053847551  -0.045897796  0.057364593  0.0094106276  0.017836558  0.030288483  0.99308412  0.010021906  -0.0014269175  
0.0082133058  0.10063750  -0.040441451  0.053013132  0.038034346  -0.40050870  -0.60835534  0.025930276  0.078217035  0.66573729  
0.0010294863  -0.081807906  -0.0037417550  0.039042151  -0.044594536  0.31997204  0.40212459  -0.030774426  0.69221695  0.49141338  
