0.99884979  -6.7769046e-05  -0.0042062722  0.0010786067  0.00040191047  0.0024092254  -0.0056794469  0.0043092868  -0.0051951015  -0.0013701161  
9.6158782e-05  0.99860193  -0.011085582  0.012469032  -0.00016054308  -0.0051202714  -0.00043486474  -0.012572119  0.00036160803  0.00035264157  
0.0040498088  0.011768400  0.99642692  -0.026738454  0.050638962  -0.0012481863  0.0017771820  0.035294639  -0.0020777886  -0.00083889161  
-0.0010324306  -0.012228638  0.027481760  0.99803324  -0.0071296166  0.00012249270  -0.013365826  -0.0085624234  -0.0022222658  0.0061826713  
-0.00056958738  -0.00010309990  -0.051564532  0.0091713352  0.99643509  -0.00094529617  0.022413309  0.033189627  0.022514023  -0.00033439919  
-0.0025501216  0.0054349903  0.00049844732  -6.7491576e-05  0.00090004261  0.99867848  -0.0086914828  0.018188502  -0.014937065  0.00096480083  
0.0059542953  0.00017896669  0.00024556104  0.013660744  -0.023806816  0.010142422  0.99257525  -0.0099475960  0.081352578  -0.067988128  
-0.0043459627  0.012001237  -0.033411710  0.0094934515  -0.035181451  -0.018139797  0.0092174698  0.99737624  -2.2956027e-05  -0.0011756551  
0.0049193551  -0.00031930932  0.0033767529  0.00032796705  -0.020473751  0.014022967  -0.074687495  0.00051859846  0.99030648  0.10470000  
0.0013169609  -0.00021338711  0.00027422275  -0.0054132667  0.00089453630  -0.0018256518  0.076110613  0.00053280761  -0.098852157  0.99100446  
