0.99743470  -9.5622276e-05  -0.0017756890  0.020590983  -0.00047094461  0.0076580720  0.011387683  0.0097456911  -0.0018323734  0.0051211036  
-0.00063874381  0.91551067  -0.038208760  -0.028639436  0.034177015  -0.27964829  0.25046169  -0.025540074  0.0040669684  0.10963054  
0.014103065  -0.00091102379  -0.035694661  -0.58037039  -0.61565506  -0.17508580  -0.29261941  0.14519965  0.24576508  0.28289107  
-0.0036990850  0.024217331  0.82595700  0.062625230  -0.40395161  0.078650102  0.27088361  0.035040724  -0.18644196  -0.17189445  
-0.0029120410  0.027490906  0.29905520  0.55830037  0.0015570454  -0.23802490  -0.45238705  -0.23829134  0.36272805  0.37846386  
-4.4388476e-05  -0.31782443  0.21293737  -0.24376251  0.37749121  -0.35975915  0.49844390  0.060353167  0.12511349  0.50015145  
0.00027879208  0.22310295  0.29804179  -0.23603443  0.39750280  0.55033891  -0.34612343  0.31915209  -0.10430301  0.32799542  
-0.017737144  -0.035453306  -0.14529145  0.41689019  -0.15462022  -0.13011888  0.078276855  0.86101719  -0.038551128  0.093441047  
-0.011026222  -0.029593733  -0.24351142  0.20912662  -0.33698353  0.31529689  0.20953994  -0.26120092  -0.44928155  0.60309318  
-0.0092578696  0.053703293  -0.076776954  0.092623763  -0.11989452  0.52416398  0.38792546  -0.0017229416  0.73365636  0.0099842997  
