0.99870328  -0.0010876234  -0.0061242772  0.0013015053  0.00033837647  -0.00031523943  0.0042970623  -0.0070033067  0.00066939181  0.0030298897  
0.0010198595  0.99858149  -0.0026304416  0.011624218  0.00012298147  -0.010604994  0.0039587259  0.0039628284  -0.00064899655  -0.0034641375  
0.0063668320  0.0060383221  0.94808508  -0.30049288  0.087631750  0.0027947662  -0.0026596615  0.016514708  -0.0040842883  -0.0082943777  
0.00064636024  -0.010306717  0.30471466  0.95008453  -0.038949056  -0.0013586635  -0.0020572755  -0.0020780487  0.010841120  -0.0054093817  
-0.00042347211  0.00084458068  -0.067095588  0.059740012  0.94398766  0.0067732863  -0.28619201  -0.058121144  0.032534909  0.10928309  
0.0013033108  0.010223363  -0.0030271984  0.0022202168  -0.015868684  0.99011024  -0.049434646  0.11972577  -0.013507198  0.010672380  
-0.0049824276  -0.0015184774  -0.0069466545  0.017056763  0.19508347  0.035031561  0.81794900  0.0075351484  -0.19357830  0.50112563  
0.0067618719  -0.0052046448  -0.018604992  0.010004087  0.052411526  -0.11971416  -0.020674492  0.98968669  0.0036064307  0.0078179279  
-0.00098316060  -0.0026621751  -0.014885728  0.0012975859  0.16363304  0.038957425  0.43628089  0.0061576397  0.72932219  -0.49685576  
-0.0014159756  0.0039222310  0.018822188  -0.016999116  -0.17131878  -0.012159495  -0.23095915  -0.0045835163  0.65331739  0.69803901  
