0.99846569  0.00022471569  -0.0019934375  0.0040373407  0.00032222328  -0.0014719973  0.0016094884  -0.0022756406  0.00038834518  0.00033753560  
-0.00016555805  0.99806023  0.019652312  -0.0047588036  -0.0054075590  -0.0026671986  -0.0097878676  -0.016300203  -0.00090372861  -0.0037319920  
0.0042259071  -0.0043092280  0.015458353  -0.99593771  0.016423928  0.047033998  0.014352383  0.023272750  -0.025569224  0.0012234662  
0.0018130431  -0.018367582  0.98842861  0.020822299  0.12427600  0.048019895  0.015195872  0.0078028123  -0.025655399  -0.0069856474  
-0.00054356974  0.0084612340  -0.13151529  0.021643280  0.97918203  0.12516021  0.027980149  -0.0055664085  -0.055939637  -0.0025385286  
0.0016689908  -0.0082657851  0.0088041571  -0.0085189587  0.012583978  0.22581209  -0.93640955  -0.017293783  0.22797396  0.12972822  
0.0010713167  0.0024640384  -0.038057679  0.048990509  -0.14403528  0.90665493  0.11250611  -0.017897457  -0.32025013  -0.18558658  
0.0022283929  0.016474217  -0.0090561848  0.023866537  0.0017240194  0.018483079  -0.015655412  0.99771871  -0.0029152174  -0.0031479294  
-0.00025190422  0.0048518443  0.0042092220  -0.0042728167  0.0053323940  0.29856278  0.30275814  0.0021453902  0.89920544  0.084413033  
-0.00028370560  0.0049445587  -0.0020629660  0.012396342  -0.026295414  0.11806033  0.12066593  0.0018805149  -0.17033341  0.96874036  
