0.99871530  -0.0024650201  -0.0042662218  0.0010479564  -0.00066978319  -0.00011882678  -0.0052790475  0.00032708594  -0.00094146669  -0.0013193393  
0.0026757530  0.99821389  0.0078372194  -0.023176722  -0.013380793  -0.012118002  0.0016972873  0.00098079037  -0.0014028907  0.00042556392  
0.0042159963  -0.0080241591  0.99843905  0.0047316418  -0.018185969  0.0033767122  -0.0056103967  0.0012054970  0.0019884588  -0.00044145976  
-0.00088435187  0.022500467  -0.0047702172  0.99749767  -0.015472703  -0.034177554  -0.0019460312  -0.0035989727  -0.012806804  0.0020778678  
0.00083889716  0.012737433  0.018489321  0.012821114  0.99554224  -0.074934496  0.0084193526  -0.0021527684  -0.0033494413  0.0036029992  
0.00015790460  0.013930642  -0.0021953279  0.034850040  0.074246322  0.99500276  -0.0050690472  -0.018802791  -0.0021225387  0.0037749723  
0.0053254717  -0.0017352054  0.0054015016  0.0019517193  -0.0081807046  0.0055725631  0.99846148  0.0039244629  -0.011065169  -0.0036241084  
-0.00044961962  -0.00071638878  -0.0010230411  0.0035052085  0.0031102484  0.018238174  -0.0044972478  0.99618899  -0.057839641  0.035288547  
0.0010375406  0.0017030371  -0.0020848683  0.013083992  0.0032260425  0.0023996017  0.010650192  0.056660082  0.99638279  0.031893831  
0.0011842112  -0.00064232140  0.00062111884  -0.0027226177  -0.0042986886  -0.0040789296  0.0036838901  -0.037045746  -0.029855678  0.99748575  
