0.99840484  -0.00046075708  0.014832652  -0.0042072049  0.00082459002  0.0030748165  0.0014169179  0.00080075110  0.0080865277  -0.00094828910  
0.00047364709  -0.99499741  -0.073072894  0.010593887  0.031936846  0.0092976327  0.0081265684  -0.0063643536  0.0087040236  -0.0048201410  
-0.0010734144  -0.041048493  0.10767170  -0.074919442  -0.98802670  -0.033129996  -0.012770548  0.023797159  0.0047518169  -0.00032291092  
-0.0026278653  -0.0098753422  -0.011479726  -0.97660157  0.075120612  -0.0024553432  -0.11850730  0.038314952  -0.14559081  0.0094249342  
0.014657962  0.069311960  -0.98945759  -0.0013511388  -0.11053122  -0.0020366990  0.012340864  -0.0086222942  0.012356354  -0.0019228304  
0.0031734271  -0.0076906449  -0.0016940359  0.0024181941  0.032463155  -0.99703776  0.032804235  -0.015853616  -0.013315597  -0.0037095514  
-0.0019067316  0.0071065187  0.015540833  -0.12184434  -0.010389703  0.035754243  0.93722419  -0.31259810  -0.039586484  -0.049661778  
0.0029943915  0.00097375293  0.0039555218  0.031301265  -0.021285653  0.0065700147  -0.31316640  -0.92354878  -0.21085658  0.0035200638  
-0.0084986971  0.0071091165  0.012292624  -0.14523135  0.012476511  -0.011179806  -0.047125217  -0.20935196  0.96366782  0.021239071  
-0.0012125366  0.0044344436  0.0015965313  -0.0060281039  0.0016834202  0.0015520523  -0.050073919  0.0082510293  0.020351482  -0.99663735  
