0.99830362  -0.00086683342  -0.0030832201  -0.0021855550  -0.0027074332  -0.0013187789  -0.0033460726  0.0030818285  0.00024573473  -0.00054127268  
0.0018559496  0.93027560  0.0078003407  -0.0096561055  -0.015854314  0.31747674  0.13161637  -0.044113264  -0.049307394  -0.091173895  
0.0028820126  -0.010673013  0.98176157  -0.049683599  0.051904167  0.016281465  -0.024377960  0.038594908  -0.14808366  0.054985015  
0.00028598750  0.010669579  -0.0099549214  0.67503052  0.26561245  0.056402728  0.055028508  0.67824414  -0.042128858  -0.039138227  
-0.0045292984  -0.0050066171  -0.020006566  -0.39761704  -0.64771716  0.035409222  0.058710832  0.64026192  -0.054019148  0.028798320  
0.00087612210  -0.32251743  -0.0033429350  0.017317863  -0.038624893  0.93727079  -0.032915145  -0.072882223  0.048265337  -0.062252916  
0.0034997969  -0.12386182  0.016252047  -0.056300416  0.082991618  -0.00029430146  0.97433325  -0.043020449  0.041733091  0.13267860  
-0.00078184298  0.0082718960  -0.072656582  -0.61232869  0.69907297  0.059461970  -0.071414070  0.33508522  0.050284896  -0.063722529  
0.00016836285  0.066726495  0.15002148  0.032197398  -0.054399663  -0.025774388  -0.028928906  0.056478749  0.98007799  0.010996048  
0.00022297819  0.083919380  -0.063136384  0.0091406124  0.057711556  0.093522258  -0.12430615  0.024417163  -0.0070067058  0.97838730  
