0.99847126  -0.00072840460  -0.011819509  -0.00049131863  -0.00049261172  0.00091263980  0.0012336139  -0.012205502  0.0014817565  -0.00048360355  
0.00085734069  0.99845789  -0.0038711213  -0.0098094674  -0.00022411499  -0.0088492963  -0.0026911297  0.0085685821  0.00037438089  -0.0070401032  
0.010993150  0.00057488834  0.94224155  -0.32725915  -0.035443189  0.0014775660  0.011405620  0.0029716262  0.0018883927  0.011596535  
0.0043504349  0.010568060  0.32550186  0.94267667  -0.041571543  0.00059627006  0.021614929  0.0037666770  -0.0067225611  0.0068755777  
0.0014341971  -0.00064449053  0.051126986  0.031258160  0.95527264  -0.0033673684  -0.27235433  0.0039307284  -0.0065215473  -0.080737609  
-0.0015509852  0.0091330315  -0.00067006551  0.00033771900  -0.018777512  0.99140056  -0.072537751  -0.070548657  -0.058857594  -0.017870598  
0.00048600898  0.0054472844  -0.0078322324  -0.0097029750  0.21180063  0.023555721  0.60538324  0.0077564018  -0.57757119  0.50121131  
0.012088755  -0.0079470968  -0.0045152543  -0.0025174565  -0.0064099597  0.070532041  -0.0099069509  0.99595102  0.0025528628  -0.0011882117  
-0.0012448688  -0.0028595510  0.0036987221  -0.0046028909  0.13288404  0.047341225  0.67231918  0.0029972238  0.13807851  -0.71143596  
-0.0014409918  0.0047384390  -0.0053501164  0.0028291622  0.13605273  0.081421460  0.31378447  -0.0031800960  0.80052656  0.48218369  
