0.99870766  0.0020929277  0.0044343724  -0.0018758849  0.00054644062  -0.0021859832  0.0099559244  -0.0041862330  -0.00089665769  -0.0052733592  
0.0010417278  -0.91729605  -0.0019195965  0.014753166  0.023128052  -0.37277401  0.062438347  0.038272573  0.051581814  0.090519090  
0.0048148107  0.0062287248  -0.97637918  0.069318685  -0.027923824  -0.012124287  -0.059333403  -0.045764467  0.17371259  -0.049246333  
0.0015691175  -0.012614717  0.071387026  0.97542565  -0.19307750  0.051245011  0.0049591608  0.0021693355  -0.018726089  -0.018445070  
-0.0010131058  0.016174122  0.048168187  0.17863834  0.89615134  -0.0099048489  -0.080002243  -0.32365473  0.21169613  -0.063471670  
-0.0039383769  0.38819930  0.018722433  0.054424837  0.014103541  -0.83836884  0.27373829  0.14207185  0.17749017  0.11823726  
-0.0065488915  -0.025170668  -0.11393609  0.017448017  0.12946259  0.24260489  0.86351449  -0.095773375  -0.25516756  0.29647033  
0.0039464434  -0.017854491  -0.053845762  0.058005287  0.33146991  0.14710987  0.012052042  0.92504062  -0.028910121  -0.051616895  
-0.0043808805  0.00047043656  -0.098581658  0.016166184  0.11022711  -0.24511561  0.019390527  -0.064084122  -0.74078946  -0.60156212  
0.0074258708  0.062880080  -0.10316668  0.045447117  0.12969385  -0.11031842  -0.40304268  -0.0076437647  -0.52280236  0.71822646  
