0.99909506  0.0016012692  0.0031485782  -0.00038004042  0.00079825989  0.00097092021  -0.0014572795  -0.0013104048  0.0010659642  0.0012289298  
-0.0015715253  0.99893636  -0.0010234169  0.0047421178  0.014615738  -0.0098211268  8.1855146e-05  -0.0017001996  0.00027462831  0.00035281206  
-0.0030295803  7.7479734e-05  0.98441547  -0.016361341  0.091521506  0.0069001162  -0.0088828245  0.14148861  -0.018625374  0.0017677211  
0.00029599771  -0.0051180467  0.015966589  0.99843241  0.024637458  -0.0022182901  0.011140891  -0.010309295  0.0026406980  0.0097630144  
-0.00024042112  -0.014149846  -0.10904627  -0.021553189  0.98565207  0.0095824992  0.0016319039  0.11854830  0.0045092281  0.0013330258  
-0.00091317027  0.010060793  -0.0076130216  0.0028819308  -0.011680218  0.99886063  -0.0020842234  0.011147277  -0.0056042992  -0.0042078010  
0.0014932303  7.4546282e-05  0.0069001601  -0.010838987  -0.0029674728  0.0019111277  0.99870020  0.015186873  0.0014159451  -0.014975985  
0.0017594386  0.0032379414  -0.12871962  0.015553721  -0.13169167  -0.013578193  -0.014290339  0.98165691  -0.0069572163  0.00038427175  
-0.0010848684  -0.00011509237  0.017958748  -0.0024983548  -0.0037948604  0.0055391961  -0.0020493792  0.0090278701  0.99867730  -0.021663953  
-0.0012621977  -0.00024765157  -0.0012614805  -0.0099852208  -0.0018633895  0.0043476987  0.014890609  -0.00021427685  0.021557848  0.99862368  
