0.99882323  7.3200994e-07  -0.0012753510  -0.00055564855  -0.0038338799  -0.0041027432  0.012094690  -0.0043138769  0.00080444138  0.0020422733  
0.00093886522  -0.91544365  -0.034741298  -0.013844252  -0.013997287  0.37855794  0.067472890  0.010689227  -0.031026520  -0.095304821  
0.0035753792  -0.034273023  0.090008583  0.21395352  0.95534978  -0.023884263  -0.036497114  -0.16541207  0.017480033  -0.019502322  
0.00016330440  -0.013679671  0.25419473  -0.94641253  0.17376339  -0.029894991  -0.0085311871  -0.075372479  0.00060720814  0.017894857  
-0.0014865576  0.017735589  -0.95222262  -0.22952088  0.14939973  -0.064856945  0.059219373  0.030840372  -0.083641705  0.0026264850  
-0.0018870195  -0.38096799  0.013444529  0.027327381  -0.050269151  -0.88815239  -0.15676719  0.018102973  0.18452242  -0.038669720  
-0.012074689  -0.043746294  0.065606165  0.026487146  0.028017687  -0.15706136  0.89623889  0.017415845  -0.0033859152  0.40194897  
-0.0052466426  -0.012105587  -0.062477540  0.030881507  -0.17019936  -0.012975507  0.017466548  -0.98115174  -0.019164012  0.016870822  
0.00025412140  -0.031873103  0.091199728  0.026037542  -0.0019116878  -0.18157482  0.011933238  0.015061087  -0.96875718  -0.12635330  
0.0032714853  -0.098628097  -0.018764245  0.015086275  0.0035996810  0.047186720  -0.39971365  0.012460560  -0.12895368  0.89925103  
