0.99897452  0.00016375287  -0.0074857196  0.0029510773  -0.0048302366  0.0015496289  -0.00049083765  -0.0046462164  -0.00053555049  0.0010012144  
-0.00074882853  0.93904767  -0.022345296  0.0085267960  -0.00070431768  0.26963700  0.12619426  0.037396532  -0.069049472  0.14439928  
-0.0071430476  -0.026104900  -0.49180898  0.39910479  -0.70486855  0.033481823  -0.097998223  0.28261115  0.075568430  0.053078590  
0.0034825534  0.0091650472  0.41267750  -0.67097207  -0.55588779  0.025016507  -0.031558256  0.24320325  0.085677310  0.00042413747  
0.0055727010  -0.00078689684  0.67781912  0.56518326  0.0051242581  -0.043641364  0.087799335  0.45183251  -0.041908533  -0.056423781  
-0.00082548896  -0.26438433  -0.021587235  -0.032677521  -0.037693645  0.20641151  0.60181609  0.030697638  -0.29746472  0.65646846  
-0.00040163110  -0.13137068  0.10211947  0.027225224  0.097604300  0.56058142  -0.70341970  0.032693526  -0.14934187  0.35694069  
-0.0040253772  0.022245011  0.33484121  0.25493707  -0.40734663  0.034228490  0.0043406756  -0.80699512  0.020453568  0.041651879  
0.00059545124  -0.061168888  0.026266317  0.043401258  0.11601887  0.28491497  0.15242241  0.0093522896  0.91875436  0.17175746  
0.0010799033  0.15505237  0.043192711  0.0054846901  0.040507042  -0.69455835  -0.28885108  0.0082403365  0.15139905  0.61774690  
