0.99821550  0.0016212423  0.00015150515  -0.0018197191  -0.0060579880  -0.0015580465  0.00087449623  0.0016181876  0.0014429848  -0.00072894098  
0.0015270373  -0.99460380  0.046774358  0.011166266  -0.028551013  -0.0063511909  -0.024853679  -0.0079995663  0.0053610875  -0.057630451  
0.0063445804  -0.033397169  -0.17355740  -0.033906166  0.95031485  0.046845876  -0.048833592  -0.23094257  -0.053288533  -0.0030535934  
-0.0015563851  -0.020855248  -0.13786339  -0.76530196  0.087266268  -0.0063657525  -0.080822566  0.60972504  -0.071451582  0.0010618100  
-0.00027841428  -0.040058913  -0.89253973  0.33798737  -0.081447067  -0.028475134  0.092921635  0.25231522  0.064362957  0.0079081889  
0.0015289199  -0.038778235  -0.0099381046  0.00093384989  -0.036737401  0.80476783  0.0029502209  0.012384074  0.015490997  0.58791995  
-0.00042704334  -0.018488973  0.10242499  -0.039605726  0.085209724  0.065010783  0.97777364  0.090841748  -0.0039995229  -0.090008241  
-0.0016614005  -0.012955058  -0.36790526  -0.53561451  -0.25318746  -0.0056547201  0.10481047  -0.70622340  -0.0033398532  7.4967892e-05  
-0.0011988210  0.0025586115  0.039371886  -0.081315731  0.065170569  -0.042399624  -0.0039597075  0.012931912  0.99023379  0.036841403  
0.00010671609  0.045144127  -0.028885112  0.0028326784  -0.035968564  0.58295682  -0.10523052  0.0042355387  0.057992705  -0.79869351  
