0.99776367  0.00036220660  -0.0044038960  0.00027316949  -0.0028060858  0.0033324953  -0.0015475480  0.0072036370  0.00017679794  0.0018036030  
0.0016996594  -0.92080887  -0.010578708  0.025530932  -0.0099347149  -0.37654842  -0.026069245  -0.00088727011  -0.026839549  -0.060095141  
0.0023893354  -0.0079424727  0.95980001  0.13813492  0.026960868  0.0044337963  -0.0052959302  0.23150746  -0.025757124  -0.0077315464  
0.00046094823  -0.011828942  0.14034486  -0.97862371  -0.10866244  -0.030573518  0.0074968053  0.015559506  0.024616917  -0.062176321  
0.0053888767  -0.012364758  0.063479298  -0.10208356  0.93411289  0.0040977501  -0.039647961  -0.31943633  -0.066140016  0.0090482353  
-0.0030176893  -0.37438443  -0.013439835  -0.020849204  0.026583473  0.89789326  0.059459521  0.058123203  0.20147912  -0.016463799  
-0.0023102669  -0.020108399  0.0031258437  -0.022991546  -0.051818730  0.068404805  -0.94582713  -0.0096608415  -0.029765239  0.30212977  
-0.0065854730  0.022503099  -0.22271392  -0.051116753  0.31973550  -0.056299795  -0.035015997  0.91391580  -0.024311357  -0.015300637  
0.00050754482  0.037073354  0.024931535  0.011932027  0.067096078  -0.19613647  0.020699042  -3.4183367e-05  0.94975999  0.21807413  
0.0012964960  0.069358793  -0.0053746769  0.058799577  0.010015514  -0.012758453  -0.30505633  -0.025491228  0.21162120  -0.92097666  
