0.99828546  0.00023045722  0.0012560680  0.0010715771  0.0020499141  0.0013407305  0.0047202243  -0.0046556040  -0.00078712734  -0.00013770875  
-0.00067432164  0.99427422  0.061721184  0.027454581  0.050419024  0.017082271  0.019830529  -0.0046755842  -0.0095533488  -0.010515191  
0.0040995031  0.052436580  0.022161150  -0.39225777  -0.80437977  0.0056767723  -0.011237022  0.43793716  -0.015197661  0.013201071  
-0.0011025817  0.034443550  -0.40720134  0.57352254  -0.53787692  0.018834369  -0.012035312  -0.45861982  -0.012288071  0.0054056507  
0.00042498408  0.055615431  -0.78892444  -0.55975083  0.15656399  0.0077844213  -0.0011254462  -0.17935425  0.025473686  -0.018480284  
0.0023476927  0.0085759633  0.0089783063  0.0050246726  0.015196422  0.56899624  -0.58042393  0.012403778  0.43801689  0.37921714  
-0.00051372558  0.013276965  0.0094028841  -0.0066020080  -0.021722857  -0.47011042  0.34607609  -0.028176601  0.60493053  0.53726320  
0.0033462432  0.011313596  -0.45063317  0.44618965  0.17786728  -0.042321153  -0.0058174563  0.74870321  0.017096060  0.0073050320  
0.0034249140  0.022319634  -0.0022391260  -0.017457488  0.013001220  -0.57754371  -0.63666973  -0.026362544  -0.38151751  0.33245814  
0.0025419228  0.010792876  0.024351957  0.0055480999  -0.025556875  -0.34040568  -0.36594607  -0.010659554  0.54052159  -0.67321558  
