0.99802456  0.0015751251  0.010276451  1.3078374e-05  -0.0022529338  0.0028808028  0.00070726543  -0.011191726  -0.00082861590  0.00064007874  
-0.0015626944  0.99741868  -0.028425101  0.0057532413  0.0021237880  -0.0041882490  0.0015985833  -0.022409475  0.0013701975  0.00010375468  
-0.011146951  0.025916699  0.98535318  0.12437410  -0.058506434  -0.0022049597  -0.0057652891  -0.072930074  -0.0079626054  0.0015822573  
0.0014249300  -0.0091132018  -0.12609661  0.98869737  -0.033997224  -0.0012205409  0.029622582  0.0045303357  0.0027604036  0.0024138524  
0.0012025962  -0.0021892429  0.048304820  0.042789425  0.99068588  -0.0046646818  -0.075653419  -0.060225646  -0.035304208  0.0058993006  
-0.0026900319  0.0052911670  0.0048622165  0.0020059495  0.0059722181  0.99722295  -0.00010605258  0.039252138  -0.022815100  -0.0022627083  
-0.00087676448  -0.0013882742  0.013313103  -0.025397401  0.076687429  0.00015182749  0.99395591  -0.0060568119  0.014980758  -0.027584123  
0.010473815  0.024125844  0.075491201  0.0071602144  0.056518872  -0.039691075  0.00076096714  0.99245067  0.0052604523  -8.7672465e-05  
0.00055063551  -0.0011884100  0.0096424073  0.00036369155  0.033574155  0.022751178  -0.019388054  -0.0069933949  0.99539683  -0.059893221  
-0.00067985139  -0.00020835012  -0.00059777146  -0.0036118910  -0.0015284961  0.0035775946  0.026814294  7.3784183e-05  0.060398597  0.99577729  
