0.99841038  0.0012012867  -0.013233336  0.0054433737  -0.00082209602  0.00019264084  0.0047037406  0.013378791  0.0047734235  0.00050872572  
-0.0012174428  0.99777287  -0.016493191  -0.020990564  0.00095720597  0.026826311  -0.0013827525  -0.011598392  -0.0031657144  0.00065094579  
0.011302942  0.013222841  0.95467445  -0.19584824  -0.13833779  0.019206536  -0.015646507  0.16132136  0.035165515  0.0058559130  
-0.0022882237  0.023643318  0.20993565  0.97406587  0.046883360  -0.00093098262  -0.0085855965  -0.020406058  0.00034667158  -0.026311315  
0.0047442711  -0.0011607748  0.15007353  -0.079582313  0.94864780  -0.018405062  0.18721001  -0.12187842  -0.13120316  -0.028623865  
0.0020717799  -0.028512939  0.0038690199  -0.0015689664  0.0024256425  0.98763073  -0.027550944  -0.13403144  -0.036229609  0.028580069  
-0.0043831857  0.00085232398  -0.0081714869  0.017402460  -0.20455361  0.028420036  0.96265413  0.014471340  -0.11748950  -0.11377384  
-0.014753386  0.0061621177  -0.13486266  0.042207008  0.14642953  0.13102371  0.0066246315  0.96799977  -0.030366232  -0.0019750340  
-0.0056300582  0.0018572614  -0.019251279  0.00067311201  0.11217367  0.039467977  0.14601615  0.0046210726  0.97984557  0.034685911  
-0.00096955990  0.00072930991  0.0036757064  0.027107863  0.0022897028  -0.026994338  0.11154524  0.0022743505  -0.050902446  0.99008886  
