0.99816237  -0.0021642934  -0.0088653161  0.00071485404  0.0049905806  0.00054601913  0.0037526932  -0.010281359  0.0049639455  0.0014560941  
0.0020956910  0.99783303  -0.0030094664  0.013772617  0.023963826  -0.0058142200  0.00093746397  0.0079089729  0.0035530502  0.0011624644  
0.0093800952  0.0039370332  0.98424939  -0.12055455  -0.00060644264  -0.023837323  -0.085714431  0.055630778  0.044582483  -0.0058057774  
0.0014156528  -0.012507978  0.11423077  0.98781514  -0.049375665  -0.0090514112  -0.033752250  0.057892648  0.0074061362  -0.0098434810  
-0.0048111642  -0.024966481  0.0010674368  0.046605875  0.99547148  -0.029167457  -0.028366433  0.023226477  0.021454079  -0.0017987813  
-0.00010567637  0.0047901405  0.023093002  0.0053364001  0.028349784  0.99623036  0.0032060988  0.050003972  -0.018108858  0.0091757923  
-0.0038044580  -0.0015758533  0.090584082  0.027739124  0.026838895  -0.0039777958  0.98783436  -0.044813000  0.040170959  0.083820928  
0.0099081472  -0.0071222440  -0.057327692  -0.050884346  -0.019819747  -0.048478242  0.053061628  0.99175539  -0.036104068  0.0048756403  
-0.0046927835  -0.0030374153  -0.049732003  -0.0066294586  -0.022212017  0.019202706  -0.023462649  0.035163352  0.98902877  -0.11513218  
-0.0016992554  -0.0015442445  -0.0064633400  0.0062956599  -0.0037595454  -0.0066118531  -0.087726939  0.0035070004  0.11252129  0.98784515  
