0.99711020  -0.00097023842  -0.0090560162  0.0038783777  -0.0081461983  0.00018097224  0.00066114430  -0.0011691818  -0.0015678439  -0.0018064014  
0.00084995530  0.99655853  -0.014237579  -0.020505359  0.013286193  0.021418025  6.7888868e-05  -3.1623315e-05  0.00042758138  0.0016032863  
0.0082045105  0.010576418  0.95072038  -0.24575347  -0.16986728  0.0081751085  -0.0099312613  0.016765294  -0.025910020  0.0060880594  
-0.0017124146  0.023234977  0.24584186  0.96451864  -0.018724362  0.0043788597  -0.017065435  -0.030198089  -0.0071719719  -0.018779481  
0.0095748846  -0.0089178654  0.16834089  -0.020322935  0.97361721  -0.098091464  0.027918080  0.083683779  0.00036865179  -0.0036415856  
0.00072540939  -0.022918845  0.0084183219  -0.0035526055  0.098047681  0.99229758  0.0018606312  0.0043127548  0.011352975  0.020272387  
-0.00098078325  0.00047519873  0.013436162  0.0043483608  -0.010647744  0.0024104403  0.96579914  -0.22174981  -0.014740839  -0.10372757  
-5.3382334e-05  0.0015705774  -0.017723574  0.037079642  -0.085054392  0.0035146549  0.21955159  0.96356072  0.091768542  -0.022013044  
0.0015038523  0.00028989396  0.027868040  -0.0072324370  0.0017354609  -0.0067588005  -0.028713403  -0.089875083  0.97034896  -0.21023942  
0.0015829669  -0.00067348497  0.0063339759  0.020353839  -0.00042267640  -0.021930822  0.10228020  -0.021840636  0.21050206  0.96856271  
