0.99863802  0.00049637877  -0.0051027870  0.0025415849  0.0020159844  0.00071855175  0.0030099245  0.0054113984  -0.0080520263  -0.0090654604  
-0.00047426454  0.99839921  0.0081670942  0.013920771  -0.00057146449  0.012380465  -0.0023921574  0.0011772982  -0.0018234246  0.00019140672  
0.0051633309  -0.0068093113  0.99448860  -0.090230432  0.0057763417  -0.0015985596  -0.0039107088  -0.0016197973  -0.0048581367  -0.0094517858  
-0.0020601216  -0.014745349  0.090213538  0.99415848  -0.012880386  -0.00024665680  0.0025703999  0.0062865603  0.010424634  -0.0051036229  
-0.0021697164  0.00017583527  -0.0052548848  0.013312643  0.99173058  0.00075286970  -0.10961188  -0.0011890232  0.0069466645  -0.043068723  
-0.0012106429  -0.012449614  0.0014948172  -0.00066967707  -0.0023921516  0.99499138  -0.012486413  0.084363509  0.0018067333  -0.0084239861  
-0.0052233388  0.0022140786  0.0012190250  -0.0017743329  0.10008994  0.0097974765  0.97514433  0.013716857  -0.047083114  -0.18409106  
-0.0053028593  -0.00015749546  0.00093954938  -0.0064268769  -0.00010902675  -0.084641712  -0.012663173  0.99499891  0.0040248934  0.0010205452  
0.0061539038  0.0020458739  0.0020710996  -0.011551101  -0.013067467  -0.0029792975  0.014388862  -0.0039073364  0.98138596  -0.18321158  
0.0095870383  0.00037675149  0.010523627  0.0024511540  0.060911984  0.010152889  0.18424121  0.0015705273  0.17790950  0.96330659  
