0.99838043  -0.00068576806  0.0032841250  -0.0019046798  0.0011422861  0.0044069669  -0.0023839167  0.0060567571  0.0052526983  -0.0029266826  
0.0015341176  0.98949636  0.011544778  -0.0079422968  -0.0081215408  -0.059934411  -0.026602769  -0.035905831  -0.040984226  0.10053586  
-0.0043205672  0.0080691842  0.81576321  -0.49402010  0.085272679  -0.0011327662  0.17446600  0.16604059  -0.071139852  -0.12949232  
-0.00033161549  -0.0017045238  0.51627736  0.83052319  0.16168924  0.073588700  -0.051856102  -0.034221289  0.020598951  0.064582855  
-0.00079837382  -0.014676389  -0.085887505  -0.16219520  0.92787116  0.011601056  -0.21841450  -0.14602443  0.097571149  0.15300181  
0.0021375971  -0.064082264  0.051680261  -0.10474596  -0.11565757  0.46431395  0.17289559  -0.10525904  -0.16034467  0.82683629  
0.0036372966  -0.0076069604  -0.084059424  0.052683479  0.11953803  0.14297309  -0.074931686  0.011588007  -0.94772356  -0.21884959  
-0.0056917287  0.037516528  -0.14488859  0.085794443  0.13780032  0.11762532  0.028091266  0.96013426  0.038920599  0.10018712  
-0.0036494173  -0.022890406  0.14932520  -0.12253398  -0.23287525  0.15560978  -0.93289701  0.068060606  0.034003828  0.063563318  
-0.0052647533  0.10605410  -0.063453584  -0.012002554  0.039768475  0.84464218  0.091944606  -0.087577961  0.23079270  -0.44374086  
