0.99727627  -0.0027853440  0.014693455  -0.015635794  -0.0029833443  0.0077892372  0.0012464373  0.020250569  0.00080952464  -0.0013127886  
0.0029512173  0.99699631  0.024901255  0.0010628853  -0.0046257662  0.014855699  -0.0015380315  -0.022257163  -0.00063801471  0.0013159923  
-0.012527090  -0.024636387  0.98815964  0.12479061  0.044815167  0.00027905004  -0.0088299697  -0.0052120602  -0.010301571  0.0077329684  
0.016729348  0.0022052705  -0.12180657  0.98765703  -0.047684058  0.00055379273  0.041169233  0.012941933  -0.0026594210  0.0054865885  
0.0049203606  0.0052887376  -0.050766946  0.044110139  0.99308462  0.00030753024  -0.056067763  -0.020791094  0.028244222  0.0087318583  
-0.0081735228  -0.014743500  -0.0011075858  -0.00032917646  -0.00069614348  0.99671920  -0.011010278  0.013060420  -0.0048526160  0.031897317  
-0.0019958791  0.0015180800  0.010395557  -0.036496911  0.061471256  0.013588297  0.98496267  0.0023151725  -0.097569147  -0.099220639  
-0.020159563  0.022504128  0.0056323630  -0.010521691  0.021447369  -0.012718528  -0.0040974630  0.99663182  0.00082451588  0.0010115911  
-0.0013296265  0.00039175993  0.013168023  0.00072932172  -0.021641793  0.010718228  0.082387468  0.00016294211  0.98117669  -0.15735426  
0.0014632977  -0.00053608113  -0.0035126458  -0.010701471  -0.0061283087  -0.029160475  0.11332022  -0.00091109749  0.14783087  0.97932930  
