0.99873652  -0.0020003456  0.0016368348  0.0034206913  0.014155886  0.0012264877  -0.00014850722  -0.0048461597  0.00048405469  -0.00059367639  
-0.00071911807  -0.90190641  -0.031778271  -0.018540518  -0.029829484  -0.41049644  -0.066905093  -0.0060381669  -0.052426561  0.078700878  
0.013600555  0.020024295  -0.13422389  0.10867657  -0.97982993  0.041677170  -0.055404050  -0.027308295  -0.029629118  -0.021817068  
0.00013708227  0.017035253  -0.025512590  -0.73754710  -0.056740526  0.0067097687  -0.033579504  -0.66755961  0.014927072  -0.045912840  
0.00045640292  0.043906469  -0.98156540  -0.034064358  0.12121242  -0.040938200  0.091443350  0.058830235  0.037110475  0.038550564  
-0.0024061975  -0.41507838  -0.030751779  0.026356569  0.020435528  0.87102702  0.17698287  -0.040075362  0.17078328  0.049952675  
-0.00037555248  -0.038912380  -0.055301744  -0.023077143  0.051507697  0.20076934  -0.12433562  0.019361641  -0.95492503  -0.14716031  
0.0071150283  -0.014145321  0.059086482  -0.65984541  -0.10511527  0.032730188  0.078106727  0.73422331  0.022724392  -0.025244474  
-0.00086277991  -0.029718092  -0.082347079  -0.014168539  0.064793089  0.14868513  -0.92988709  0.081037973  0.19914297  -0.22881637  
0.0010844047  0.082206192  0.012897069  -0.055955737  -0.0079204870  0.058478130  -0.25063128  0.0092477560  -0.10485508  0.95389135  
