0.99817340  -0.00028627938  -0.00053202421  -0.0035691437  -0.0030097821  0.00095479606  0.0065382058  -0.0041180559  0.00039343588  0.00035839959  
0.00056042586  -0.98523943  0.030900486  0.038039690  0.035473839  -0.00028226949  -0.093063754  -0.011467884  -0.10262138  0.051905339  
0.0051766470  0.047648918  0.38697335  0.85152114  0.23243291  0.00093957382  -0.0093492422  0.25187594  0.031523870  -0.011972139  
-0.0019493235  0.0076147762  0.86319747  -0.22572089  -0.27251042  -0.0045686053  -0.068143166  -0.32757354  0.11354062  0.018935960  
0.0012409634  0.029857523  0.19945713  -0.32573031  0.91631172  0.013936684  0.050971925  -0.045411162  -0.069512719  0.0067148154  
0.0042017994  -0.013767632  -0.047019478  -0.015642061  0.062137692  -0.34834967  -0.51985066  -0.012418176  0.23706086  -0.73641930  
-0.0046669787  -0.096709402  0.049570104  -0.011222428  -0.037862776  -0.53944202  0.78041377  0.023383573  0.078505725  -0.27569282  
0.0023841737  -0.021662698  0.20919704  -0.33391264  -0.11149057  0.0058124073  -0.048525326  0.90647399  0.061373021  0.020668250  
-0.00091557725  -0.099970776  -0.099950405  0.0043094134  0.086741762  0.21353282  0.10384258  -0.029775324  0.94347820  0.14582154  
0.0024679506  0.049506433  -0.042584137  0.010528816  0.041991086  -0.73349566  -0.29605004  -0.011559247  0.10316804  0.59429478  
