0.99851267  -0.00041365040  0.0068346070  0.00056888514  -0.00095281884  0.0031612442  0.0064446221  -0.0066668475  -0.0036436040  0.0018159364  
0.00041395386  0.99833719  -0.0050543340  0.012409575  6.9852584e-05  -0.011520198  0.0038055464  -0.0097008466  0.0046746135  0.0017305843  
-0.0064555097  0.0052884321  0.99577084  0.013587036  0.051322224  -0.0020646693  -0.0086036802  0.048017705  -0.0046233242  -0.0047854866  
-0.00054695726  -0.012403235  -0.012692201  0.99795421  -0.0090967184  0.00041245810  -0.0088538693  -0.0039680648  0.0023448613  0.011493245  
0.0014731782  -0.00028543625  -0.053246348  0.0085184441  0.99521755  -0.0060871248  0.031219782  0.045654247  0.014958030  0.023331435  
-0.0027312034  0.011670345  0.00025873239  -0.00032246632  0.0022419476  0.99589215  0.016597315  0.043808721  0.053601294  0.023604952  
-0.0053521276  0.0035042768  -0.0020491555  0.0085240591  0.0084557727  0.048338576  0.37049399  -0.014122631  -0.88763330  -0.26247342  
0.0069635457  0.0091131319  -0.045659401  0.0031944566  -0.047949093  -0.042571810  0.0023354016  0.99533883  -0.015344989  -0.0078737161  
-0.0055492017  -0.0055738122  0.012591980  0.0024068081  -0.040510788  -0.037466772  0.88018327  0.0020584003  0.24740835  0.39769958  
-0.00093130549  0.0015813183  0.00031390836  -0.011907587  -0.0056880076  0.0043035900  -0.28962191  0.0017119251  -0.37989498  0.87669521  
