0.99877925  0.00042167306  0.0011540953  -0.00048524212  0.00019729525  -0.00079784245  0.00032495946  0.0010765389  -0.00056223323  -2.3885179e-05  
-0.00042699489  0.99854485  0.0055952602  0.014012634  -0.00055237074  -0.012295700  -0.0027444351  -0.0058871434  -0.0017311938  -0.00043911587  
-0.0012567756  -0.0022054977  0.96775199  -0.23739013  0.065512053  0.0016554096  0.0091070785  -0.013494313  -0.0092478220  -0.00056011622  
8.7290989e-05  -0.014876517  0.23893477  0.96848544  -0.012860974  0.0020188511  -0.0093808550  0.034486298  -0.00091453081  0.016269179  
-3.2465942e-05  -0.00042254628  -0.059149710  0.026647692  0.97546103  -0.0063692380  -0.18057178  -0.032620892  -0.088691640  0.014247687  
0.00074236551  0.012861213  -0.0021461749  -0.0045129005  0.011053352  0.99247957  0.0059876056  0.10800010  -0.0061094510  -0.028337781  
-0.00036879544  0.0026905038  -0.017427884  0.012812800  0.17472894  0.0023457820  0.95175193  -0.026824359  0.048069248  0.23913426  
-0.0011970001  0.0049933717  0.0027211570  -0.034965992  0.037740979  -0.10870486  0.021418204  0.99122545  0.0034873432  0.00014628839  
0.00051886616  0.0016597604  0.0049995075  -0.0041905847  0.063505176  0.012360916  -0.11549179  -0.0021275843  0.96527766  0.22024391  
0.00010507451  4.2267420e-05  0.00054801248  -0.019563916  -0.073225365  0.026547237  -0.21107035  0.010289642  -0.23628549  0.94359955  
