0.99840332  0.00082916080  0.0010169878  -0.0020646647  -0.0023292134  -0.0057990992  0.00014093343  -0.00022923465  -0.010855461  0.00066972633  
-0.00085233692  0.99635433  -0.0056705777  0.0041438386  0.011271153  0.023171712  0.028344148  0.0016545643  -0.026476109  0.043232032  
0.0018379211  -0.011204476  0.089588769  0.55118257  0.80506248  -0.0076418711  -0.13895981  -0.084145209  -0.086665373  0.051946250  
0.00052723360  0.0080608682  0.32376211  0.76596078  -0.53971555  0.014719154  0.014205630  0.081725087  0.048253373  -0.067637048  
-0.0025112152  0.0039177643  0.90864257  -0.30839647  0.053031764  -0.026381053  -0.12212920  -0.20505776  -0.070800969  0.10306373  
0.0068846051  0.028293390  0.057202841  -0.053395237  0.072729791  0.61308486  -0.17303526  -0.069576122  0.25468043  -0.71362918  
-8.7868966e-05  0.010358275  0.15460838  -0.0094987506  0.16894943  -0.39721430  0.74892755  0.069230778  0.17078463  -0.43776482  
2.6755367e-05  -0.0023169308  0.16642469  -0.085220982  0.11907450  0.075507369  -0.095433768  0.96454599  -0.049050609  0.0082035557  
0.010270272  -0.0044005381  0.044307666  0.011814074  0.077200698  0.17665551  0.12418175  0.022618709  0.86540725  0.43882875  
0.00033819950  0.054330414  -0.039867997  -0.027495794  -0.023152701  -0.65193248  -0.58849347  0.021402955  0.36857234  -0.28926069  
