0.99897761  0.0024809181  -0.0012542226  0.0076836557  -0.00042458295  0.0040192907  0.0029493996  0.0015815595  -0.0013119424  0.0064545133  
-0.00078305569  0.89845250  0.038285131  0.10853146  0.085126253  -0.31863160  0.16649406  -0.054682262  0.093807800  -0.17119829  
0.00028314104  0.079776878  -0.94519888  -0.28477673  -0.077501269  0.029742047  0.080638151  0.029541922  0.044328505  0.026816534  
0.0072651084  0.087818061  0.29219670  -0.94602319  0.072548153  -0.0099119469  0.036480725  0.042058853  0.029340007  0.018869573  
0.00049443414  0.084820896  0.087324226  -0.046315590  -0.98016793  -0.071588839  -0.076340752  -0.0042595257  -0.088353192  -0.039710896  
0.0064973820  -0.34439386  -0.044808405  -0.032351484  0.013609086  -0.82750455  -0.11704805  0.031600427  0.35927223  -0.21856469  
-0.00080878286  0.10418206  -0.062267735  -0.028546894  0.10835715  -0.36539646  -0.47928988  -0.039169706  -0.63830460  0.44554575  
0.0022597339  -0.058430459  -0.018156747  -0.055133261  -0.0019711785  0.0090680857  0.0019802180  -0.99462184  0.029266155  -0.027631846  
0.0056967148  0.068448822  -0.058456878  -0.049610177  0.076775507  0.20902845  -0.63458156  0.016868556  -0.11546339  -0.72212816  
0.0016887149  -0.17878451  -0.011408939  -0.023455119  0.030450786  -0.16881398  0.55702847  0.0045303586  -0.65402221  -0.44455876  
