0.99767032  0.00042737954  -0.0017953903  -0.0025945572  -0.00051559550  -0.0028731760  0.00099522239  -0.00089766981  0.0022364472  -0.0032931202  
-0.0010100469  -0.93623948  -0.0060821846  0.013969987  -0.0054267958  -0.28686719  0.097802423  -0.013581594  -0.054433373  -0.15300155  
-0.0022215518  0.0074106039  -0.51971388  -0.33226803  0.52332957  -0.0088124731  0.0084630890  -0.58301007  0.0097183927  -0.0027966500  
-0.0025434725  0.018206225  -0.30234431  -0.36424219  -0.83195677  -0.052928914  -0.048486440  -0.26820433  0.028228207  -0.019804638  
0.0012345509  0.013946973  -0.55290221  0.81324763  -0.13064487  0.017911592  0.014351532  -0.088391875  -0.047614513  0.015498987  
-0.0040369690  0.28594521  0.0090470258  0.033823006  0.028452420  -0.46618770  0.095519457  0.014960448  0.035945150  -0.82681128  
-0.0020053440  -0.092226241  -0.061736270  0.027187927  0.018051954  0.12148446  -0.082139131  0.068523351  0.97537440  -0.064697542  
-0.0010031885  -0.0014220464  -0.56840965  -0.29561923  0.088425952  -0.0077030592  0.042236212  0.75461954  -0.077585691  0.0034594089  
0.00077653778  -0.051852023  -0.016374921  0.017715657  0.049390644  -0.11556765  -0.98166890  0.034461206  -0.082595524  -0.066787933  
0.0010108048  -0.15885667  -0.0084930551  -0.025110723  -0.026056222  0.81533122  -0.041158799  -0.016460668  -0.15334422  -0.52781286  
