0.99829948  -0.0011434475  0.0087427609  -0.0057057104  0.0024266526  -0.0012234050  0.0019234103  0.0015679291  -0.0012534875  -0.00038593695  
0.0010969805  0.99830863  0.00081925186  0.0014376031  -0.0091620757  -0.0033781698  0.00042102779  -0.00028385868  6.0998548e-05  0.00014803677  
-0.0085558687  -0.00035803750  0.99651763  0.031612845  0.043675241  0.0025682435  0.0016899543  -0.021412315  -0.00029480103  0.00063273816  
0.0060353259  -0.0015445373  -0.030606799  0.99702295  -0.022132789  -0.0023799918  -0.010522560  0.011626898  -0.00090221384  0.0028233017  
-0.0018715435  0.0092220900  -0.044864852  0.020779824  0.99683159  0.0058664675  -0.0029354663  -0.018762136  0.0015076811  0.00048788021  
0.0013116347  0.0033791139  -0.0023236328  0.0021124177  -0.0059763186  0.99853309  -0.0021697354  -0.00092755422  0.0028008010  0.0016633631  
-0.0019391196  -0.00039356087  -0.0018165671  0.010436510  0.0030316567  0.0022113928  0.99748036  0.015678663  -0.0050248565  -0.014591605  
-0.0019056357  0.00049078036  0.020877062  -0.010650719  0.019885634  0.0011288440  -0.015548563  0.99765757  -0.0068664988  2.6831150e-05  
0.0011614868  -8.3376735e-05  0.00059115905  0.00088313563  -0.0013483378  -0.0027135651  0.0045574969  0.0068684798  0.99820133  -0.024422884  
0.00028249075  -0.00016395297  -0.00054405453  -0.0027434084  -0.00044542799  -0.0018227849  0.014618216  0.00036756953  0.024401872  0.99762442  
