0.99869127  0.00035136973  0.0066776471  -0.0031984652  0.016910855  0.0019060220  -0.0026415236  -0.011070369  -0.0013232951  0.0014737055  
-0.00030552336  0.99012927  -0.023744967  0.041087438  -0.017389356  -0.026462805  -0.078313032  -0.023964983  0.027202977  0.082521038  
0.0086869074  -0.021633772  -0.24103128  -0.095772208  -0.79199224  0.060284177  0.042286657  -0.54446161  -0.019116254  -0.021699191  
-0.0039365859  0.039871337  -0.091239514  -0.98594034  0.10901728  0.0092909740  -0.010018906  0.052778719  0.0056725348  0.016741556  
0.014207360  -0.017195405  -0.81791318  0.088438290  -0.14126420  -0.051212806  -0.031662135  0.54471094  0.0030306512  0.0076826330  
-0.0022125148  -0.061277713  0.044301753  0.0093404161  -0.053207543  0.63956957  -0.67386913  0.065968267  -0.072736041  0.34105962  
-0.00082326439  -0.071861961  0.041245056  -0.013543763  -0.053604282  -0.70093782  -0.42451786  -0.045374389  -0.42253785  0.36797770  
-0.013365317  -0.027485185  -0.50803505  0.077708486  0.57573335  0.050106204  -0.057392759  -0.62558583  -0.030177657  0.055803318  
-0.00072907347  0.047495928  -0.0036004533  -0.0087110557  0.015758622  -0.0078859460  -0.40898073  -0.0090146169  -0.32475170  -0.84970294  
-0.00049779523  0.056836945  -0.0038822119  0.0037852650  0.022496281  0.29625319  0.42825471  0.057049068  -0.84016471  0.11501104  
