0.99834105  -0.00019180572  -0.0092431609  -0.0030429702  -0.0019418366  0.0014042227  0.00012902705  0.0076789198  -0.0015585573  0.00017447418  
0.00019005115  0.99824327  0.0022910217  -0.0090532258  0.0023007814  -0.0089467618  0.00064527742  -0.00010877023  -0.00058835443  0.00029975523  
0.0045207425  0.0011140763  0.37442842  -0.043157936  -0.84692752  0.047351204  0.035945683  -0.36333623  0.043590046  -0.0041491566  
0.00014038137  0.0094236286  -0.28130022  0.94392602  -0.15859716  0.0095370254  0.0089656086  -0.029127331  0.0060241483  -0.010101784  
0.0043297489  0.00021838010  0.78918045  0.27007110  0.10118664  -0.024859901  -0.093005273  0.52043575  -0.10325893  0.0094061001  
-0.00040488211  0.0088661460  0.045056568  0.017787551  0.095404736  0.99128861  -0.0031855297  -0.049233809  -3.8181368e-05  -0.0081918022  
-5.7047026e-05  -0.00063860401  0.054856602  0.013041336  0.029801155  0.00070164404  0.98185923  0.086925238  0.022867085  -0.14262152  
-0.011004066  0.0014635624  -0.38358057  -0.17257682  -0.48304944  0.10464519  -0.026829641  0.75666395  -0.044827543  0.0038866235  
0.0013336501  0.00060679994  0.048424117  0.015291978  0.026121381  -0.00069139075  -0.047031448  0.10207007  0.98739838  -0.077786109  
3.0880272e-05  -0.00018004270  0.0047896138  0.010994389  0.0029047083  0.0081821122  0.13955479  0.010435644  0.082769698  0.98482942  
