0.99830281  0.00050376635  0.0051125565  0.0017085199  0.0051522634  0.00060808988  -0.0087063688  -0.0067483401  0.00061374785  -0.0017688300  
0.00079709111  -0.90982016  0.0029905161  0.0024174489  0.019327848  0.38367844  0.087806964  -0.032576460  -0.010332110  0.11132849  
0.0011870322  0.0090643168  0.043657192  -0.87998870  -0.34412236  0.046533995  -0.20815110  -0.077804695  -0.19200543  0.11612042  
0.0096928861  -0.0022919461  -0.80305978  -0.085863689  -0.31286928  -0.0025197300  0.29823203  0.24252329  0.30617921  -0.069860993  
0.00072504208  -0.019225898  -0.054752542  0.45839069  -0.72107793  0.010675914  -0.32204544  -0.042870312  -0.37538858  0.12779486  
-0.0012305629  -0.20437574  0.34018941  -0.033076929  -0.34711003  -0.23881529  -0.016970803  0.043093571  0.33920341  -0.73703171  
0.0024820849  0.31787620  0.19399281  0.018114958  -0.20534935  0.68122835  0.52285387  -0.17448483  -0.10310006  -0.19314704  
-0.0050467943  -0.052032781  -0.25702583  0.017880918  0.028631740  -0.18190502  0.035309563  -0.93882828  0.046011968  -0.094167625  
0.00048989405  -0.076889731  -0.28487879  -0.046781444  0.26137070  -0.048267743  0.015234717  0.11805121  -0.72641305  -0.54303391  
-0.0072322691  0.13070499  -0.21523586  0.028975031  0.16757152  0.53931600  -0.69124696  -0.034578312  0.26385239  -0.25495517  
