0.99836273  -0.0011614081  -0.0028503124  -0.0012959426  -0.0024505856  -0.0010766946  0.0035585069  0.0020838104  -0.0026975221  -0.0010881811  
0.0011670737  0.99809021  0.0026403549  -0.0073766558  -0.020592742  0.0058531664  0.0011360207  0.0025292706  -0.00040529506  -0.00041475415  
0.0034401015  0.0020120596  0.96203518  0.14455145  0.18012201  0.022449054  -0.081577442  0.095434795  -0.031435348  0.0021779412  
0.00075768448  0.0071955845  -0.14540420  0.98676295  -0.020746124  -0.010238993  0.014666253  0.028485830  0.0099956332  -0.0082079282  
0.0017740991  0.020253938  -0.18893914  -0.0079509310  0.97796747  0.032279162  -0.021246863  0.045234007  -0.014927674  0.00039183701  
0.00094680057  -0.0065251130  -0.019679754  0.0059484619  -0.037516221  0.99688978  -0.010258674  0.024948763  0.024317257  0.0080453764  
-0.0035007166  -0.0010349285  0.069942062  -0.0063511264  0.030370485  0.011259495  0.99074234  0.087668278  -0.014900774  -0.041671921  
-0.0024281731  -0.0037202665  -0.087161016  -0.041164231  -0.064775959  -0.028510479  -0.079585759  0.98704898  -0.040859327  0.0041912913  
0.0025662629  0.00061686077  0.026674216  -0.0083136161  0.018931468  -0.022738733  0.0032739257  0.044271788  0.98771187  -0.12928557  
0.0013662197  0.00056853478  0.0037037324  0.0065995702  0.0033571728  -0.010618557  0.042864439  0.0051062286  0.12872060  0.98911182  
