0.99851387  -0.00047849506  -0.0021913907  -0.00014975468  0.00038248561  -0.0021303742  -0.0023049369  0.0011077785  -0.0010702417  0.0020281372  
-0.0014746723  -0.91485046  -0.031220162  0.0032003965  0.027828441  -0.37703351  0.010094950  -0.014840602  0.010534427  0.12549983  
0.0010175922  -0.035783136  0.23079090  0.086704397  -0.88016947  0.013628752  -0.024373406  -0.39749587  -0.030403631  -0.012363578  
0.00034999906  0.0048414525  0.093817689  0.98661609  0.11363260  0.0035504780  -0.020279550  0.018956389  -0.0063918914  0.024633389  
-0.0013657334  0.021901428  -0.89250685  0.096015607  -0.028062282  0.029040851  -0.021198547  -0.43303627  -0.020864817  -0.018557604  
0.0022893366  -0.37685473  0.0066637605  0.0046497446  0.020598637  0.82984297  0.22347773  0.033342836  -0.22787797  -0.25150679  
0.00089749399  0.0090746001  -0.032266424  0.0060805056  -0.050384566  0.21287136  0.49849933  0.0078359759  0.55797099  0.62285376  
-0.0017086139  -0.0069578005  -0.36795776  0.070380774  -0.45097767  -0.016125139  -0.047049375  0.80592041  -0.036320635  0.0094102213  
0.0025271202  0.014114631  -0.020058974  0.037341034  -0.033855783  -0.24377023  0.53783490  0.020986959  0.39023886  -0.70153277  
-7.7514167e-05  0.12676116  -0.0048179244  0.0049806857  -0.0038188701  -0.24567329  0.63663668  -0.0048556894  -0.69160343  0.19173265  
