0.99900097  0.0010833663  0.0021923762  -0.0050972619  -0.0011090468  0.0021428562  -0.0015183640  0.0031686231  -0.00017349263  -0.00069089028  
-0.0010628764  0.99886068  -0.0014933112  0.0064294307  0.0045261551  0.0086844588  -0.00039515414  -0.0051445588  -0.0070885594  0.0099123429  
-0.0043857729  0.0083623782  0.042022298  -0.46114620  -0.82297608  0.021470092  -0.015690798  0.32411173  0.020309927  0.0029156843  
0.00098864794  -0.0016038541  -0.41216990  -0.44372061  -0.082645026  0.032111980  -0.0087848585  -0.78783461  -0.032460310  -0.037496953  
-0.00022121807  0.0011656844  -0.81973466  -0.15911160  0.24130004  -0.00089743095  0.0045830222  0.49178900  0.014142172  0.018078309  
-0.0020902591  -0.0092827175  0.021369882  0.0041169270  0.029500606  0.98443145  0.13695158  0.025124435  -0.089609472  0.011625557  
-0.00017639478  0.0076795669  0.012396408  -0.023757184  0.031902027  0.098699060  -0.059341346  -0.023682360  0.97565700  -0.17433501  
-0.0046163834  0.0041090175  0.39183532  -0.74917305  0.50348377  -0.026673622  -0.0081547562  0.16533372  -0.036003039  -0.014128184  
0.0017232358  0.0016688773  0.0022481131  -0.020693760  -0.012478302  -0.12942000  0.98494093  -0.010659441  0.083144803  0.058674655  
0.00059987048  -0.0087619084  0.0066922684  -0.026572400  0.0081108881  0.014255025  -0.071473937  -0.041561870  0.16756390  0.98080562  
