0.99823862  -5.9153431e-05  0.010857512  -0.0052051965  -0.011904613  0.00029121305  0.00083791773  0.014531525  -0.010867555  -0.00033703853  
0.00048343565  0.99803303  -0.012815443  -0.0059482634  0.0042970324  0.0050964759  -0.0072528633  -0.017778083  -0.0073735042  -0.0065827705  
-0.012474025  0.014627592  0.99172434  -0.0011581448  -0.027009021  -0.028590706  0.0022225435  0.10140033  -0.0078963509  -0.034893994  
0.0051815181  0.0063828480  -0.00082129618  0.99729228  -0.00017078524  0.0050461259  0.0039597351  0.022150900  0.033332595  -0.0083780670  
0.0092694266  -0.0014722690  0.0082085854  -0.0040827741  0.98347355  -0.026807974  -0.015260695  0.16516258  0.0061492355  -0.036039101  
-2.3085273e-06  -0.0041044268  0.030817694  -0.0055959784  0.028728923  0.99647549  0.032320152  -0.0057886988  0.024121760  0.014482364  
0.010680275  0.0051828465  0.0049052216  -0.032807605  -0.010995650  -0.017311122  -0.15690803  -0.013511460  0.97933619  -0.10459092  
0.015235175  -0.016975248  0.10459040  0.022688042  0.16236967  -0.012074741  -0.035043008  -0.97807409  -0.017534243  0.00048987303  
-0.0012288688  -0.0069100102  0.0020064530  0.0086969140  -0.015550032  0.034447840  -0.98044522  0.035340476  -0.14451854  0.10821849  
-0.0014753318  -0.0084854092  -0.035124410  -0.0042000973  -0.035045688  0.022456735  -0.089981047  -0.0050042280  -0.11946738  -0.98531680  
