0.99863558  -0.0011280346  0.0036343147  0.0025249195  -0.0015406205  0.0049402467  -0.0054846417  0.0014404793  0.0051058823  0.0013702100  
0.00097654941  0.99802828  -0.016718172  0.013770285  0.0011422475  -0.0083158858  -0.0051269639  0.023278089  0.0010686257  0.00029454231  
-0.0028978338  0.019901649  0.96662516  -0.23700443  -0.076357856  0.0010799051  -0.011018308  -0.010914842  -0.012286736  -0.0019391495  
-0.0030134603  -0.0089077977  0.24180671  0.96663970  0.054695049  -0.0010986534  0.033119028  -0.0077798965  0.0019982585  0.0095455481  
0.00083754028  4.0195297e-05  0.059282750  -0.064853692  0.98134007  0.0057765909  -0.15725477  0.00038907821  -0.042904392  -0.0020503704  
-0.0043566552  0.0076513235  -0.0010683712  0.00030726753  -0.00040030791  0.99370816  0.052811924  0.044294558  -0.069808773  -0.015481171  
0.0060280424  0.0054978117  0.011873746  -0.045509013  0.15354892  -0.052707634  0.98397899  -0.0099386271  -0.016168762  0.011759272  
-0.0013608948  -0.023434898  0.012989866  0.0041746505  0.00081548893  -0.044473517  0.0078778714  0.99728326  0.0016302169  -4.2517260e-05  
-0.0054876078  -0.00015178392  0.013851615  -0.0099893146  0.043053317  0.071036915  0.010508605  0.0013048292  0.97912108  0.17717583  
-0.00067440571  -8.8957819e-05  -0.0029869832  -0.0077214371  -0.0082423003  0.0034119066  -0.013599008  0.00066567403  -0.17757645  0.98264167  
