0.99812112  0.0013488326  0.0044275576  -0.0033369528  -0.0039810856  0.0039917051  -0.015943046  0.0033935363  0.00085450976  0.0038509979  
-0.00019428824  0.99538954  -0.00052102972  0.00069945199  0.017969488  -0.018958782  0.042361157  -0.042237604  -0.032866973  -0.012163396  
-0.0036407324  0.0099844801  0.062220417  0.22728637  -0.95447837  0.0076814497  -0.041799044  -0.12513324  -0.10998067  -0.0082454176  
-0.0053817322  0.0047406530  0.36309372  -0.90718215  -0.19774468  -0.028303721  0.017968810  0.022624383  0.015106252  -0.0090323335  
-0.0018519113  0.00015372913  0.91918697  0.34303748  0.12678532  0.00068783065  0.039350941  -0.011186528  0.12677145  0.0091571182  
0.0019900892  -0.017639975  0.0020977891  0.023090132  0.017035843  -0.98561116  -0.13596638  -0.057806272  -0.051328360  -0.010654919  
0.016854540  -0.046816348  -0.036917332  0.017188082  -0.034399564  -0.12473937  0.94437365  -0.020226559  -0.014164980  -0.28771896  
-0.0032180878  0.044656536  -0.00095909195  0.054728470  -0.12407906  -0.062867093  0.0016314206  0.98293906  0.072212922  -0.029020205  
-0.00033996194  0.029557276  -0.11841564  -0.0073846523  -0.11071553  -0.049294455  0.0035160352  -0.089827820  0.97908437  0.015056219  
-0.0011575652  0.00051493185  0.014279899  0.0025252724  0.023341075  0.050254666  -0.28344944  -0.023377471  0.020612666  -0.95493893  
