0.99831118  0.00025951272  -0.0014369683  -0.0093880566  0.0039075566  0.00082143778  -0.00067638631  -0.0064177088  -0.0011121184  -0.00072094408  
-0.00032949505  0.90651366  0.0087556702  -0.016546401  0.0085809918  -0.29987461  -0.22555391  0.010940230  -0.12865718  0.13129745  
-0.0083897058  -0.0028998625  -0.22562930  -0.45119742  0.72031158  0.23029756  -0.22133577  -0.025512608  -0.28389039  -0.19996612  
-0.0030387091  0.0056704287  0.73469946  0.078743286  0.29498673  -0.015626477  0.047601223  -0.59916170  0.025568477  0.025142112  
-0.0023208891  -0.028229127  0.42428607  -0.69835450  -0.049405162  -0.16776643  0.16226253  0.43774090  0.22916249  0.16534966  
-0.00058701656  -0.37219713  -0.027981603  -0.025147217  -0.0091103671  -0.54889569  -0.18768574  -0.051318947  -0.56505610  0.44544424  
-0.00073299239  -0.026645532  0.20676851  -0.17029165  -0.40941886  -0.12970376  -0.14296405  -0.027008555  -0.39444621  -0.75012648  
-0.0079574835  0.037958757  -0.38447803  -0.50328905  -0.30308370  -0.054759245  0.17307331  -0.66153815  0.15100823  0.093578285  
-0.00059821365  -0.020550141  0.17038095  -0.12418122  -0.34356890  0.58160437  -0.61711653  -0.030676756  -0.083302851  0.32625802  
7.2544874e-05  0.18164959  0.069618816  -0.020101208  -0.10214416  0.40781134  0.63402416  0.057020028  -0.58453633  0.18686441  
