0.99801230  0.0012823148  -0.00099201602  -0.014808162  -0.0030645060  -0.0048270513  8.6351969e-05  -0.011771379  0.0072303777  -0.0010514864  
-0.00085368879  -0.93810785  -0.0084760123  -0.015609435  -0.020273456  -0.28986157  0.091833212  0.0091566374  0.029361388  -0.14876502  
0.014724149  -0.024576644  0.23090296  0.59385753  0.68236292  -0.0038645121  -0.029178374  0.34377095  0.065529560  0.010050553  
0.0039936293  0.00092517818  0.54855073  0.56633940  -0.54264341  0.0034340445  0.079394466  -0.26874388  0.033702037  0.0097633525  
-0.0090210964  -0.013456205  0.73389626  -0.51049392  0.33150011  -0.0087266408  -0.099011221  -0.27649063  -0.0033490605  -0.010095014  
0.0054822780  -0.27773984  -0.0048467635  0.031002152  -0.044429810  0.84473068  -0.40779232  0.016156008  -0.099168643  -0.16239916  
-0.0018063875  0.10028503  -0.036446776  0.073342334  -0.081356758  -0.42794634  -0.83529387  -0.011519411  0.056475034  -0.29775078  
0.0056862508  0.022606343  0.31566831  -0.22864044  -0.33988712  -0.013350804  0.0010270453  0.85269340  0.032528847  -0.0050926492  
0.0075089445  0.031769735  0.041340009  0.051562091  0.019351737  -0.11102370  0.049338889  0.039633896  -0.97473103  -0.15421033  
0.0021861069  -0.16389493  -0.0057561917  0.015901350  -0.034388430  -0.055410556  -0.32304052  0.0080830170  -0.15958860  0.91390531  
