0.99874173  -0.00015404469  0.0014339925  -0.00096390282  -0.0018257730  -9.0218474e-06  -0.0075606159  0.0026143163  -1.0769695e-05  -0.0063449053  
0.00054393982  0.94700024  0.029628013  0.016149144  -0.038162948  0.25157034  -0.076841954  -0.023367597  0.026357739  0.16628010  
-0.0016285101  -0.026578731  0.92913914  -0.33882853  -0.029081766  -0.040149134  -0.034701073  -0.0035189654  0.11811301  0.036623561  
-0.00045391453  -0.022224440  0.32277666  0.84345495  0.061981934  0.048458987  0.021898799  0.41091461  -0.076640159  0.0083163948  
-0.0029328747  -0.025192898  -0.057187430  -0.15894285  -0.85073698  0.078127814  0.027755447  0.45853174  -0.15945306  -0.042765807  
0.0031573735  -0.25881316  -0.049809197  0.070990066  -0.11809824  0.60727807  0.026616774  -0.076002683  0.58352959  0.43959945  
-0.0079939186  0.060617087  -0.036898504  0.050979541  -0.048422280  0.032159131  -0.46963907  0.068269061  0.52790136  -0.69461800  
-0.0010929822  -0.0011285824  -0.12198710  -0.36462148  0.48468486  0.10682202  -0.040430333  0.76828446  0.052073763  0.093156563  
0.00048064457  -0.025123388  0.076218357  -0.068990560  0.11649783  0.62304864  0.48748416  -0.074146611  -0.25849239  -0.52387489  
-0.0047250882  -0.16585510  0.039862968  -0.022636793  0.052951183  0.39298400  -0.72691746  -0.10688353  -0.51273669  0.087699213  
