0.99929613  0.00035332662  -0.0039417221  -0.00095428648  -0.0033349130  0.0021239915  0.0037970551  -0.0048991050  -0.0014810868  -0.0017766222  
0.00033183742  -0.99858035  -0.012252117  0.022514557  -0.0082524835  0.0081471581  0.010621909  0.024554413  0.00050643774  -0.0031689654  
0.0038921915  -0.0089545366  0.98705065  0.079868606  0.015277781  -0.0093188321  0.084410284  0.024430970  0.098963340  0.0024239659  
0.0036773795  0.033373057  -0.080702461  0.75241420  -0.025844124  -0.071591411  0.010503479  0.64504002  0.027596589  0.043927266  
-0.0029513412  0.0066326015  0.028934483  -0.058161118  -0.99354824  -0.0047966687  -0.065973331  0.034133713  -0.039572180  -0.0063741004  
-0.0019021732  0.010772208  -0.0010176000  0.057467825  -0.0090213814  0.99577663  0.012973866  0.041525011  0.038958571  -0.013712544  
-0.00026319346  0.0019505886  -0.10877575  0.040601776  -0.055898446  -0.039424097  0.13205182  -0.10582054  0.97209711  -0.082298963  
-0.0030499333  -0.0045359543  -0.013901402  0.64349783  -0.052915150  -0.0010460412  -0.10559001  -0.74880868  -0.098273832  0.0040012330  
0.0044987220  -0.010249267  0.069345652  -0.040233819  0.066439501  0.0053410740  -0.97283393  0.077190681  0.14394861  -0.12016450  
-0.0021547550  0.0055849984  -0.00070860795  0.037273831  0.0018292651  -0.014288132  0.10792198  0.024267615  -0.097806259  -0.98754529  
