0.99853113  0.0017947680  -0.0018767346  0.00025879671  0.00032099439  -0.00080229539  -0.00044709519  0.00024375654  0.0043461984  0.00013573292  
-0.0016739397  0.93339875  -0.050790019  0.028252025  -0.031507739  0.25505178  -0.16163416  -0.0071205836  -0.0063309491  0.17396707  
0.0012430186  -0.021304360  0.40349481  0.59357141  -0.68636402  0.033505937  0.058788671  0.031657597  -0.064563937  0.015318234  
0.00045600576  0.051675350  0.48997259  0.20765992  0.49237698  -0.022949418  -0.022458123  0.68276376  0.010603880  -0.036693385  
-0.0015623754  -0.031015168  -0.76119613  0.38532306  -0.10101849  -0.053598447  -0.011450335  0.49826505  0.065214778  -0.046617204  
0.0026423332  0.21266779  -0.047341896  0.043393091  0.062123508  -0.36062189  0.21797511  -0.057665965  -0.74895739  -0.44985673  
0.0029760620  -0.21966848  -0.072720884  0.087130015  0.12426303  0.29871957  -0.026202637  0.0079736289  -0.60414513  0.68210864  
-0.00093028817  -0.014644961  -0.054883266  0.66242707  0.49114084  -0.024714046  -0.13127521  -0.52544891  0.12801453  -0.059267576  
-0.00084481269  0.023891440  0.040717875  -0.039094251  -0.090273203  -0.69231838  -0.65181946  0.016917534  -0.032840566  0.28214607  
-0.0015464337  0.16576401  -0.0027682749  0.047841547  0.058849729  -0.47810762  0.69022089  -0.039328658  0.21250417  0.46067800  
