0.99830511  -1.3162151e-05  -0.00025807591  -0.00094169526  0.0016974891  -0.0038140091  -0.00037305825  -0.00064709951  -0.0015945402  -0.0018126989  
0.00014687696  -0.99602642  0.011516634  -0.022294920  -0.018314978  0.028029202  -0.044941431  0.0097543166  0.014256939  -0.020509134  
-0.0017581765  0.0029572666  -0.26194612  -0.68181684  0.43055211  0.051822424  -0.10018077  -0.49561219  -0.13512331  0.029105908  
0.00074033254  0.016068642  0.10350082  -0.36388199  -0.82461581  -0.070118443  0.13624224  -0.35085969  0.15683769  -0.042761824  
-0.00011547737  0.021759970  0.90590153  -0.29690461  0.12872654  0.070984859  -0.14786836  0.12524045  -0.16510387  0.025042369  
-0.0014550130  0.043514829  -0.090216853  0.075666864  -0.16317738  -0.078201161  -0.83836793  -0.029183535  -0.12970412  -0.47746757  
-0.0028389871  -0.016717365  0.082994127  -0.065412062  0.17133408  -0.86581569  -0.090077755  0.0096659812  0.43493687  0.095079050  
1.0188746e-05  -0.019460182  0.27199139  0.54200848  0.13169521  0.0078934527  0.017232150  -0.78146281  0.013150859  0.00058517357  
0.0026572411  0.015819816  -0.046596017  0.034521604  -0.10941856  0.22970684  -0.48254820  -0.014898440  0.24074974  0.79828801  
0.0018443030  0.030776706  0.070730485  -0.074881608  0.16948188  0.41833696  -0.015217866  0.017746738  0.81378732  -0.34452221  
