0.99911695  0.00076224577  0.0015853745  0.00011172707  0.00041516158  -0.00047365585  -0.00025088011  0.00032281244  -0.00022062232  -0.00039808662  
0.00059782744  -0.98309003  0.028966593  -0.010580155  -0.015488699  0.0094770878  -0.10613911  -0.026537377  -0.13597836  -0.0093672829  
-0.00076817610  0.028921087  0.53237139  -0.84056321  -0.054843972  0.026018153  0.0068485368  -0.021841982  -0.019279443  -0.052413448  
0.0014374416  -0.010137715  -0.83855855  -0.52550937  -0.022181671  -0.0084096557  -0.059616580  -0.11299737  0.0082161900  -0.039241122  
0.00020350220  -0.017591718  -0.064312862  -0.016847711  -0.65724843  0.063686901  -0.067363764  0.73546837  0.10480340  -0.028462499  
0.00018259596  0.023130688  0.042888862  -0.011501889  0.064510322  0.27999583  -0.71573717  -0.065114018  0.39314636  0.49215060  
0.00028791710  -0.10489109  -0.0015133068  -0.060266071  -0.064332495  -0.59189355  0.37468559  -0.010518377  0.39916980  0.57375634  
0.00041924117  0.026002943  0.046369967  0.099274834  -0.73631048  0.066582484  0.011333173  -0.66098030  0.025333804  -0.035569915  
-0.00052658883  0.13556556  0.0091959213  -0.0022881464  -0.10675403  -0.45306556  -0.37848447  0.028378560  -0.72763247  0.29925899  
-0.00061525321  -0.0010991041  0.048419856  0.036173028  0.020440510  -0.59571351  -0.42754482  -0.036758113  0.35243168  -0.57527200  
