0.99808265  -0.00076559584  0.0092978589  -0.0041920334  0.0018393507  0.0019924374  0.0021858553  -0.010545954  0.0017444213  0.0016150383  
0.00083694406  0.99775293  -0.012299137  -0.019276803  0.00044788671  -0.017460029  -0.0040625507  -0.0067048361  -0.00054379165  0.0010462254  
-0.010146322  0.0048932510  0.93095142  -0.34476121  0.099297212  -0.00044513886  -0.0015805987  0.010259877  -0.021085951  -0.0036851884  
0.00079126014  0.022472675  0.35038088  0.93276468  -0.045850865  5.6991631e-05  0.0060966857  -0.0019602567  -0.0031016265  0.019326719  
-0.00079201452  -0.00087441834  -0.070151570  0.074128100  0.94588980  0.0029697497  -0.25581995  -0.0099476349  0.15402776  0.043950580  
-0.00071066710  0.018152120  -0.00063925597  -0.0014998313  0.00048990159  0.98577039  0.038827270  0.13177198  0.032328615  0.067624307  
-0.00083970278  0.0036919226  -0.026244041  0.026426186  0.27795774  0.010556102  0.80216829  -0.020853781  -0.27331902  -0.44577478  
0.010742380  0.0044146879  -0.0099311052  0.0063610215  0.014960797  -0.13312106  0.020468724  0.98883142  0.0015700679  -0.0029915866  
0.0023746857  0.00098678201  0.010974378  0.012929000  -0.087735695  0.074284811  -0.44368397  0.017739754  0.052413443  -0.88457626  
0.0024977217  -0.0012882319  -0.025070831  0.0097065750  0.066663644  0.034987443  -0.29683088  0.011270363  -0.94538721  0.089360101  
