0.99839910  0.0023894545  0.00046486298  -0.0010760087  -0.0036367250  -0.0014632308  0.00017630082  9.5631691e-05  -0.0014085197  0.00056826796  
0.0022386800  -0.99701015  -0.039695487  0.0021175332  -0.0040654735  -0.0024771848  0.026210166  0.0085120187  0.011041520  -0.015749610  
-0.00065922512  -0.039584346  0.99263273  0.037075962  -0.083487018  -0.027844733  -0.011854609  -0.017036239  0.0073203702  0.0096167188  
-0.0011163293  -0.0031351743  0.035791117  -0.99543413  0.0036751472  -0.065769096  -0.0011361056  0.0091207805  0.0088463764  -0.0096655860  
-0.0033095293  0.0083689927  -0.076169531  -0.017385728  -0.97859775  0.17120298  0.059031435  -0.00094022732  0.016235886  -0.0097172037  
-0.0019825200  0.0060464222  -0.042620152  0.062692351  -0.16699888  -0.98054616  0.037516758  0.010753759  0.0059824245  0.0024057845  
0.00010496701  -0.025514962  -0.020834276  0.00092177231  -0.062583846  -0.028048077  -0.98202409  -0.15386381  -0.025848580  -0.047965260  
-0.00012629512  0.0034700439  0.014253139  0.0089743800  -0.010767020  0.0066033781  -0.15424644  0.98589896  -0.019736538  0.0074454785  
-0.0015558499  -0.012201469  0.0048174592  -0.0096043555  -0.016685926  -0.0030697797  0.025686810  -0.016952302  -0.99283478  0.097950131  
-0.00029007943  -0.015474864  -0.012097239  -0.0094287186  -0.0097206976  0.0025238744  -0.047559762  -0.012835034  0.097348569  0.99208875  
