0.99843995  0.00045664076  0.0079710162  0.0027775165  0.00047806297  0.00068069410  -0.00088862292  -0.00035760926  -0.0095316745  0.00019479272  
-0.00049615292  0.99796768  0.00066334245  0.010280659  0.012514533  -0.0028428875  0.023615555  0.0012638932  0.013384429  -0.0023225790  
-0.0081492468  -0.0014366552  0.99449089  0.079936950  0.0055737563  0.037426952  -0.0026994979  0.00025808879  0.0026731315  5.0052813e-05  
0.0021728030  0.010898199  0.079944698  -0.99163566  -0.082398687  0.0055461852  0.0026061766  -0.0057087083  0.0058263661  -0.00073716779  
-0.00013996167  -0.012135310  0.0030152872  -0.082583231  0.99331270  -0.051235025  0.016908502  -0.020049243  0.0027542924  -0.0022601491  
-0.00029246110  0.0032313327  -0.037726090  -0.0020894631  0.052044534  0.99551427  -0.043647346  0.0017683176  0.0030341658  0.00084533545  
-0.0010266788  0.023268196  -0.00073008701  -0.0030814613  0.012602575  -0.044048291  -0.99071012  -0.10545851  0.010175185  0.038720654  
7.1789619e-05  0.0014474687  0.00033060289  -0.0079078355  0.020874117  -0.0073581981  -0.10513462  0.99219455  -0.029533444  0.0047394998  
0.0095334898  -0.013384403  -0.0028623198  0.0054386240  -0.0020290612  -0.0026753926  0.010344852  0.030221448  0.99266176  0.10073322  
-0.0010199924  0.0027412006  0.00036664569  -0.0011780169  0.0018075157  0.00094633130  0.038145058  -0.0036985258  -0.10093113  0.99257282  
