0.99914488  -0.00012595593  0.0031754379  -0.0013346255  0.0018600823  -0.0032351693  -0.00057349720  0.0022276171  0.00015909328  -0.00094635560  
1.8481569e-05  0.99747244  0.034348780  -0.017206260  0.037919116  0.0083523584  0.0021069857  -0.0086823436  0.016203323  0.0028186534  
-0.0013809663  -0.025375871  -0.31775125  -0.63211517  0.69513517  -0.0030372068  -0.011711326  0.10782172  -0.012588670  0.043740738  
0.0024454316  0.032734926  -0.47778837  -0.53261268  -0.68645889  0.047999349  0.021986813  -0.097481891  -0.040323029  -0.0034217739  
0.0032976196  0.033363366  -0.77720293  0.54811507  0.12509693  0.063726772  0.16447460  0.072525047  -0.15263035  0.13184418  
-0.0019545083  0.0019227324  -0.11093901  0.019283263  -0.00022404512  -0.73771930  0.36848973  -0.034825291  0.49268126  -0.24796838  
0.0014563660  -0.0079758530  -0.15665163  0.078979323  0.021947450  0.48227629  -0.28530934  0.059629540  0.73571287  -0.32872968  
-0.0022878604  0.013390054  0.046636428  -0.025963905  -0.15377832  -0.064178317  0.0031551385  0.98300144  -0.027896435  -0.020170484  
0.00072243003  -0.0060098860  0.099400858  -0.055667889  0.037014920  0.39357098  0.71954527  0.0069524450  -0.18810884  -0.52514180  
-0.0011893502  0.015081858  -0.12166598  0.062219503  0.035432141  -0.23664773  -0.48536045  -0.027233919  -0.39056446  -0.73018422  
