0.99871814  0.00059606123  0.0020474760  0.00090940147  -0.0074106710  -0.0022541587  0.0034705655  0.0067624056  0.00050125352  -0.0018098164  
0.00022014975  0.90179532  0.024845034  0.00056604271  -0.019441690  0.41227847  0.039211217  -0.012644144  -0.028857400  0.10365984  
0.0029123793  0.016489127  -0.29963383  -0.49872036  0.67128805  0.029458260  0.0086619353  0.45285322  0.045231620  0.0046735809  
-0.0054176761  -0.018620770  -0.42646736  0.55643219  -0.23022481  0.058837968  -0.00060440471  0.66640424  0.015608086  0.068871512  
-0.0076303257  -0.037084348  0.61343859  -0.37759361  -0.39217098  0.042807605  0.0042118061  0.56485083  0.047591146  0.013858735  
-0.0031671325  0.40844654  -0.0011777249  -0.0026858036  -0.024354197  -0.90358080  0.0061494267  0.083781854  -0.078036261  0.022077018  
-0.00043571291  0.074174034  -0.064281575  -0.016131766  -0.065463617  -0.057185809  -0.13451255  -0.055972187  0.97411803  -0.099395258  
-0.0016720513  -0.0045801997  -0.58695730  -0.54289389  -0.57808983  0.012629642  -0.011455105  -0.11993688  -0.095177788  -0.012226842  
0.0038989459  0.0084604000  0.017672709  -0.0058837997  0.019985159  0.011453719  -0.96838481  0.0016181256  -0.10926421  0.21637927  
0.0015595535  -0.099085849  0.0024417119  -0.039219785  0.0029014072  -0.037098111  0.19944542  -0.066302550  0.12688571  0.96147426  
