0.99867140  -0.00056183806  -0.00058766468  0.0017737155  0.00095259362  -0.00048975467  0.00019267742  -0.00014271089  0.0016069977  0.00094157126  
-0.00089162860  -0.91269018  -0.0031505303  0.0043245737  0.015023530  -0.37250784  0.090687192  -0.032460485  -0.034276444  0.12226889  
-0.0011981173  0.0079367669  -0.11755723  0.15782448  0.96934890  0.014355395  -0.095604247  0.065783948  -0.051808460  0.048833816  
-0.0014851255  0.0094214497  0.28578775  0.94890654  -0.11643438  -0.014086214  0.0090820583  -0.035287035  0.0013771735  0.00055548038  
-0.00091147761  0.013976640  -0.94606221  0.26444980  -0.14269142  -0.024243273  0.073290552  -0.045359933  0.046755492  -0.039472927  
-0.00013656915  0.38718762  0.012834652  -0.021364733  0.012171523  -0.69782707  0.32056239  -0.048419884  -0.22976332  0.44940144  
0.00028621302  -0.052488499  -0.073143904  0.014827304  -0.12203777  0.22805626  -0.60737444  -0.056311980  -0.35286830  0.65222402  
-9.8182345e-05  0.010727832  0.029320041  -0.035240294  0.081851357  0.050808101  0.024643456  -0.99112506  0.024195577  -0.047145060  
0.0015553963  0.037280268  -0.020437521  0.00058851521  -0.038172305  -0.31427178  -0.36666746  -0.016277254  -0.64402686  -0.58794689  
0.00092395928  -0.099211905  -0.0014640025  0.0060360758  0.014542682  0.46617340  0.60641107  0.020721118  -0.63132017  0.056358515  
