0.99869458  -0.00062423221  0.00046295108  0.0056382208  0.0081618519  0.0022612304  -0.00077352596  -0.0097708912  -0.0044874311  0.0016601306  
0.0013374332  0.98773112  0.017221199  -0.014275434  -0.013785030  -0.015018690  -0.091984869  -0.0055177031  0.11180290  0.0024555858  
-0.0033566151  -0.013831577  0.97282939  0.054340644  0.11012202  0.025038758  0.022231888  -0.18533070  0.0046470387  -0.0083795648  
-0.012182260  0.012372881  -0.18294268  0.73828221  0.31895659  -0.012818303  -0.029270698  -0.56167183  -0.0015169000  0.015473024  
-0.00045816215  -0.020724609  -0.052998063  -0.31296993  -0.59872285  -0.029831408  -0.028215058  -0.73170015  0.013970109  0.020568433  
0.0036856672  0.027404004  0.0012776687  0.047602393  -0.042226065  -0.62910933  0.67261366  0.0090307446  0.23590769  -0.29816138  
-0.0017887124  0.089012635  -0.036026180  0.013045919  -0.033818202  0.68169262  0.53244632  -0.042652554  -0.24736392  -0.41914974  
0.0055323694  -0.0034241870  0.11303201  0.59002908  -0.72193200  0.017646596  -0.062300607  0.33147372  -0.034192064  0.0022161458  
0.0036490683  -0.11157221  -0.0092009584  0.010672022  -0.0037941964  0.24937409  -0.23858199  0.0054146273  0.83392780  -0.41259228  
-0.00070950622  0.0037057824  0.0087805646  -0.024468546  0.024483396  -0.26970670  -0.43606552  -0.011400121  -0.41372562  -0.74966451  
