0.99918047  0.00067294383  -9.2757488e-05  0.0022288106  -0.00020309993  -0.0019423160  -0.00082280268  -0.00037913975  -0.0062462335  0.00043544136  
0.00018596986  -0.99554317  0.020108876  -0.0031050953  0.0049933617  -0.022990958  0.032628710  -0.0019507314  -0.037444134  -0.059374629  
-1.3346833e-05  -0.015068575  -0.71569708  0.11485811  0.25790791  -0.0061751222  -0.0015735499  0.63726119  0.0049790576  0.0043704007  
0.0022220827  0.0061717622  0.11525003  -0.95178526  0.11437001  -0.0076177772  0.024753666  0.25483037  0.017221925  -0.0039228699  
-0.00048280387  -0.00073688649  0.22925368  0.080459477  -0.78467238  -0.0060962232  -0.076193720  0.56051170  -0.060108750  -0.0022615835  
-0.0016243628  -0.017610736  -0.0072078687  8.0351698e-05  -0.018657511  -0.76480874  0.10531657  -0.012601768  0.018359642  0.63333867  
0.0010530196  0.031055888  0.034809820  0.038574584  -0.043671463  0.12059138  0.98740039  0.054369258  -0.0049424069  -0.017217526  
-0.00026963171  0.012785792  0.64678205  0.26580171  0.54604488  -0.020499924  -0.031867841  0.45746870  -0.0022447686  0.013458826  
0.0061616215  -0.034577258  0.017696649  0.021876799  -0.049103108  -0.010592862  0.0012057593  0.027568037  0.99556924  -0.043633334  
0.0013479271  -0.063724160  0.0032872042  -0.0080058242  -0.00075899585  0.63040639  -0.061454180  0.0042898224  0.038253600  0.76900344  
