0.99858711  0.00029144142  0.0019276127  0.00046591288  -0.00086886314  5.9065315e-05  0.0051009957  -0.0015935097  -0.00060480563  -0.0051471125  
-0.00032145948  0.99826931  0.011178281  0.013463159  4.4686349e-05  0.012281508  -0.0016528156  0.012104648  -0.0010899228  0.0018588835  
-0.0019875336  -0.010230276  0.99494430  -0.079842148  -0.0069318945  0.0015834844  0.0093204516  0.0078801352  -0.013547204  -0.0055924757  
-0.00063195297  -0.014056875  0.079879094  0.99466812  0.011288516  -0.0012697348  -0.017702313  -0.0089911369  -0.0025576629  -0.0043271617  
0.00056764512  0.00032641438  0.0066020141  -0.011199850  0.99623060  0.0023756429  0.036713635  -0.016860120  0.052579538  0.00088401345  
-0.00010010380  -0.012776012  -0.0028874107  0.0020956178  0.0010340031  0.99435926  0.028753501  0.034822158  -0.073291683  0.034497603  
-0.0032097080  0.0011153410  0.0058000240  0.0078029913  -0.058058480  0.063102996  0.38579729  0.014285604  0.84084419  -0.36509904  
0.0016841469  -0.011678426  -0.0072120322  0.0091396014  0.017707532  -0.036052508  -0.0029802570  0.99767837  -0.010332846  0.0034342479  
0.0019870541  -0.00088257289  0.0065142202  -0.017531715  0.021912660  0.054988319  -0.85673711  0.0028078700  0.18487907  -0.47417489  
0.0061872853  -0.0018828670  0.014095560  -0.0021080926  -0.014704411  0.018618396  -0.33365172  0.0024481344  0.49745215  0.79847637  
