0.99822705  0.00063622120  -0.023394945  -0.0018705876  0.0056244526  -0.0022812709  -0.0083306350  0.0013300594  -0.00036256819  0.00065600923  
-0.00092050361  0.99804829  -0.0098040072  -0.0049375259  -0.0041052463  0.027391348  -0.00027735187  -0.0026431486  0.00059026676  -9.5281458e-05  
0.023567256  0.0097895471  0.99768296  -0.0012492362  0.0063506557  0.0010136068  0.020494422  -0.0010749991  -0.00092855991  -0.00037871598  
0.0020795499  0.0048201620  0.0010282584  0.99791825  -0.019786873  0.0065777643  0.013943430  0.0056141483  0.0067358886  0.0096764553  
-0.0059966361  0.0036245875  -0.0053609444  0.020178076  0.99719805  0.021954720  -0.038134479  0.0025972822  0.0046872217  0.0061823670  
0.0023563183  -0.027397760  -0.00058505476  -0.0071772125  -0.021816336  0.99740167  -0.00038473584  0.030351619  0.0052666614  0.00026538961  
0.0076453482  0.00013349505  -0.021034657  -0.013254412  0.038323688  0.0011118959  0.99728290  -0.0018872327  -0.0026728198  0.0044358920  
-0.0013398684  0.0034338140  0.0011752009  -0.0056437578  -0.0019240159  -0.030439261  0.0019524785  0.99773856  0.019533443  0.0090698323  
0.00071189378  -0.00053792455  0.00082949714  -0.0061994393  -0.0038944979  -0.0047722174  0.0028949718  -0.018945994  0.99609429  -0.064104997  
-0.00079543111  -6.6575397e-05  0.00052150227  -0.010071526  -0.0063723999  -0.00041364417  -0.0041874393  -0.010603724  0.063901547  0.99621140  
