0.99886331  0.00054790066  -0.00058713288  -0.00084910899  -0.0015153674  -0.00049373240  -0.0019295645  0.00097137965  -0.0015898111  -0.0010941721  
-0.00050658537  0.99878728  -0.0060366682  -0.0074456085  -0.0011408563  -0.0048597407  0.00022560245  -0.0019659714  -0.00013037751  -8.6582561e-05  
0.0019537154  0.0036417923  0.41970154  0.11725729  0.82345114  -0.0074578808  0.0077048345  -0.35978620  -0.013792877  0.0012296975  
0.00050215056  0.0077140436  0.057175502  0.98474105  -0.13524363  0.0028471763  0.0016382958  0.078222083  0.0028050936  0.0049215181  
0.00036335675  -0.0050591705  -0.83879543  0.11479080  0.19587043  -0.011630291  -0.0015743118  -0.49238319  0.00033003539  0.00057331104  
0.00038089600  0.0048308231  -0.0034171795  -0.00094696594  0.0035297155  0.99880051  -0.00036196199  -0.016698994  -0.0054501715  0.0076005581  
0.0019562424  -0.00027634740  0.00088411828  -0.0028814470  -0.014270931  9.3507021e-05  0.99834936  -0.011019791  -0.00074982997  0.016928942  
-6.7513522e-05  0.00031931555  -0.33881458  0.027492500  0.51232394  0.010124798  0.016330683  0.78683397  -0.010465149  0.00058318454  
0.0016372170  0.00019102263  0.0023605622  -0.00082962546  0.017124191  0.0056272354  0.0012718981  0.0031280297  0.99879006  -0.015749043  
0.0010732049  1.8437814e-05  -7.2857469e-05  -0.0050670024  -0.00028024316  -0.0075334546  -0.016997025  0.00024703984  0.015842256  0.99858965  
