0.99853347  -0.0025402174  -0.0015611929  -0.0074771638  -0.0018718649  -0.0056626891  0.0019571708  -0.0017473108  -0.00055497153  0.0016733602  
-0.0022698050  -0.98620994  0.037419618  -0.014953759  0.038018714  0.026859094  -0.095631191  -0.013077266  -0.10359300  0.027702729  
-0.0012599881  -0.041526653  -0.97650401  0.086170232  -0.12811602  -0.00033134997  0.056956269  0.088373895  -0.082896507  -0.0075527268  
-0.0037854048  -0.011622906  0.065237088  -0.59218489  -0.42690590  0.015419044  -0.016905382  0.67745839  -0.0061092161  -0.013318055  
0.0057074938  0.0036983630  0.039652778  0.46761720  0.50384928  -0.016768916  -0.0070691757  0.72280909  0.0048704387  -0.0095111630  
0.0058094852  0.018623742  0.0019929893  0.019036233  0.011612716  0.99523442  0.061974368  0.0023953123  0.013814152  -0.042203746  
-0.00085563320  0.089197575  0.088695945  0.021299490  -0.015313590  0.010321818  0.19593812  0.0036198329  -0.93045824  0.27619053  
0.0037235267  -0.035405446  0.15880702  0.64724782  -0.73665969  -0.0028177305  -0.017659787  0.085836174  0.036594796  0.0044217936  
-0.0018899826  -0.11049962  0.053653261  -0.0041160476  -0.0047790943  -0.070148576  0.94007847  0.0066078139  0.10680791  -0.28608964  
0.0020030167  0.031057895  0.018550726  0.012568896  -0.0040979583  -0.020082298  -0.24080685  -0.019170589  -0.31734640  -0.91440212  
