0.99900493  0.00019328676  0.0044869359  -0.0022168798  -0.00078679148  0.0026434562  0.0027981819  -0.0040963877  -0.0022714133  -0.00097049496  
-0.00018955662  0.99885379  -0.010533778  -0.00013734440  -4.3290949e-05  -0.0080364686  -0.00054572277  -0.011848675  0.00026371978  -0.00012973736  
-0.0043040083  0.010425823  0.99553920  0.076718792  0.027740126  -0.00048717369  0.0022176167  -0.0090145161  0.0092503013  0.00084143268  
0.0025071829  -0.00063768013  -0.076883271  0.99548423  -0.0013250400  -0.00031913818  0.011516648  -0.0072271242  -0.00070698239  0.0082616158  
0.00068694123  -0.00055315253  -0.028365671  -0.0018547258  0.99485244  -0.0012381093  0.069032021  -0.026418710  0.045193859  0.0032596089  
-0.0027849583  0.0073894090  -0.00010553380  -1.1266714e-07  -0.00034404264  0.99807234  -0.00091376972  -0.045585112  0.0096237276  0.0020078028  
-0.0028755265  0.00055687134  0.00059455925  -0.011905637  -0.069141110  0.00081282423  0.99504903  -0.00012285877  -0.0041604031  0.045506663  
0.0039521371  0.012267186  0.0076011880  0.0078355428  0.026572857  0.045521362  0.0019168213  0.99745928  0.00097433152  0.00011447297  
0.0023526043  -0.00040907131  -0.0078754273  -0.00050587928  -0.045509528  -0.0097334423  -0.0020482514  0.00073143570  0.99583994  0.067098226  
0.00085511268  0.00011463699  0.00039988174  -0.0076546847  0.0029546653  -0.0015058604  -0.045654441  7.8495730e-05  -0.067180704  0.99542231  
