0.99852133  -0.00071181735  -0.00039358394  -0.0041066069  -0.0076902254  0.0042240317  0.0048247081  0.0077566814  -0.0053340823  -0.0022086145  
0.00072462958  0.99814722  0.00070690299  -0.013310976  -0.0068575872  -0.016350245  0.012060530  -0.011531674  -0.0067522073  -0.0015009396  
-0.0055506641  -0.010311964  0.73636997  -0.48615395  -0.46637744  0.0012146638  0.028762246  0.012907389  -0.0034586565  -0.00064003644  
0.0047581648  0.011189657  0.59908343  0.78875470  0.12191596  -0.00038505670  -0.024457966  -0.019377505  -0.0059812095  0.0065588835  
0.0040690019  -0.0028613604  0.29282241  -0.34276468  0.83717237  -0.010006056  0.30143179  -0.024917952  0.037068379  -0.0012505949  
-0.0031638445  0.015883370  -0.0026147560  0.0028592145  -0.0046525036  0.98287453  0.036027519  -0.039111489  0.10468324  0.13023476  
-0.0068915118  -0.011892332  -0.094808496  0.13778421  -0.23532963  0.0092511478  0.91723618  -0.0060347053  -0.12395428  -0.23766817  
-0.0076636295  0.012461728  0.0087440462  0.013927197  0.027696532  0.037711612  0.013989613  0.99694938  0.0052826778  0.0053374075  
0.0049345507  0.0018391504  -0.026576699  0.042177280  -0.081609287  -0.15117251  0.18718100  -0.0016850191  0.89172068  0.36756222  
-0.0010301292  -0.0047937761  -0.017372194  0.012428078  -0.028728692  -0.079633117  0.16328063  -0.0010413473  -0.41733843  0.88794806  
