0.99847871  0.0012512228  0.00074705017  -0.0017198060  -0.00047711877  0.013577767  -0.00053374028  -0.00010313816  -0.00055953309  0.0021344718  
0.0010690789  -0.91503994  -0.0082205375  0.0050223591  -0.0084138753  0.017831785  -0.051620007  -0.36012255  -0.15592728  -0.051566777  
0.012536731  -0.015399846  -0.15469889  -0.060632165  0.39107395  -0.90208584  -0.023999343  0.0037875259  -0.015496756  -0.037502922  
-0.0024365057  0.0055984656  0.19494156  -0.97755659  0.013833244  0.038872204  -0.030495124  -0.022647165  -0.010775027  0.0081372730  
0.0049823519  0.0081827443  0.049186018  -0.019882061  -0.91076769  -0.40273412  0.041491377  -0.023989302  -0.0031755223  -0.010499864  
-0.0014643729  0.012210932  -0.96384761  -0.18962063  -0.10339621  0.13155738  0.057282026  -0.0010163909  -0.025277185  0.0071971662  
0.0017682836  0.0078123720  -0.0056592112  -0.012586735  0.0010104905  0.030933023  0.079699912  -0.069498102  0.39280684  -0.91121216  
-0.00073984700  0.36166620  0.0085854175  0.027532769  0.0090163800  0.017949107  -0.14236577  -0.56871470  -0.67481236  -0.25679153  
-0.00059891472  0.15503927  -0.037549497  0.014992995  -0.0011698964  -0.012071598  -0.37324803  -0.63615904  0.59396205  0.27262291  
-0.00026133761  -0.066498729  -0.046980714  0.0096818020  -0.059331183  0.016237820  -0.90657754  0.36520453  -0.095869448  -0.14844229  
