0.99866057  -0.0016238319  0.0051060059  0.0054443543  -0.011975723  -0.0012555056  -0.0047066551  0.0034077241  0.00067577979  0.0014430589  
3.4646511e-05  0.92071184  0.025743727  -0.0084654713  -0.015925472  -0.016987243  -0.088212612  0.32061871  -0.12354377  -0.15047599  
-0.0078362139  -0.021647877  -0.20588567  -0.14655885  -0.74501433  -0.61413051  0.016540129  0.0018145152  -0.019944474  -0.00088983314  
0.0092459724  0.00016939577  -0.44386402  -0.86506203  0.17929580  0.13774823  -0.011243002  0.016783432  -0.010639590  -0.0099673818  
0.0025860126  -0.020604820  0.60254560  -0.32308226  0.39822234  -0.60749033  -0.025280940  -0.018643422  -0.025855852  0.019098287  
-0.0065915441  -0.022009551  0.62753055  -0.34934372  -0.50026700  0.48023539  0.0031573281  0.0031367998  0.0066010874  -0.0093419441  
0.00036790749  0.045822794  0.010160203  -0.016544276  0.0075342682  -0.036007203  0.12369316  0.094907124  0.92320465  -0.34187777  
-0.0013991532  -0.34693277  0.0074698869  0.021509914  0.017075971  -0.0053228373  -0.050137389  0.53917925  -0.29264743  -0.70514147  
-0.0048128873  -0.053678850  -0.013410859  0.012093019  -0.024772767  0.0026675842  -0.98460910  -0.070697568  0.13687701  -0.014826974  
0.0040233682  0.15179180  -0.0035520677  -0.0044115724  -0.0010372408  0.0027244913  0.034277097  -0.76754442  -0.15532275  -0.59980324  
