0.99905466  -0.0017979018  -0.0015399007  0.0036327475  0.00057695579  0.0018487055  0.0020717576  0.0012071705  0.0014979255  0.00023940385  
0.0017133411  0.99898880  0.00078355168  0.0049833763  -0.0037286466  -0.0098804171  -0.00014598223  0.0011988866  0.00025730294  -0.00045908060  
0.0015781048  -0.00091093797  0.99851409  -0.022206262  -0.019237714  -0.0066193216  -0.0029278320  0.0049296086  0.010616466  -0.0048416938  
-0.0035717982  -0.0049716706  0.022389022  0.99846837  0.00011265839  0.0072663472  -0.0044338403  -0.020684152  -0.0036146978  -0.0076060579  
-0.00046238105  0.0036694185  0.019194519  -0.00066666762  0.99877408  -0.0079417514  -0.00082184340  -0.0076666158  -0.0064980043  -0.0029562367  
-0.0017794039  0.0098241255  0.0066381659  -0.0074886179  0.0077280177  0.99886531  -0.0037421996  -0.0053848053  3.3399482e-05  0.0018592125  
-0.0020437027  0.00015316480  0.0029723946  0.0044467152  0.00075326692  0.0037990217  0.99890230  0.0073228666  -0.0016721324  -0.010021020  
-0.0013982739  -0.0011984316  -0.0044334645  0.020750531  0.0078677541  0.0054901315  -0.0073447555  0.99870698  0.010972887  0.00044312539  
-0.0015506424  -0.00022293411  -0.010253410  0.0036122516  0.0065247327  1.0476375e-05  0.0017839097  -0.011159535  0.99889633  0.0026337433  
-0.00021806360  0.00041082896  0.0050470426  0.0074272238  0.0027984265  -0.0019302209  0.0099616606  -0.00048181949  -0.0026801654  0.99890145  
