0.99858175  0.0015622434  -0.0010809073  -0.0017768884  0.0014499000  -0.0018606200  0.0039345165  -0.0012330286  0.0014067740  0.00073755037  
-0.0015116479  0.99828787  -0.0020121357  0.012743371  0.0045019243  -0.011529093  -0.00076721337  -0.0066054059  0.0023715976  0.013341775  
0.00078531278  0.0032027269  0.99416897  -0.083638541  0.010035958  0.0065059621  0.025439761  -0.011776328  -0.023312592  -0.0067870545  
0.0019104291  -0.012395650  0.083713701  0.99440657  -0.023858555  0.0091450865  0.0091115955  0.0059721949  -0.0089129808  0.0087402485  
-0.0014812639  -0.0046128502  -0.0087644668  0.024089273  0.99764080  0.010302027  0.0059205594  0.0032326817  -0.029633703  -0.0012697371  
0.0016735268  0.012131011  -0.0084635230  -0.0085768971  -0.010020466  0.99616517  0.054188716  0.00038285228  0.014939029  -0.039292733  
-0.0039703531  0.0011259839  -0.025905047  -0.0060329384  -0.0056913049  -0.056885398  0.99435001  0.018500046  -0.0010013606  -0.064098715  
0.0012619224  0.0066699577  0.012031229  -0.0069286497  -0.0025282435  0.00048932238  -0.017969668  0.99831651  0.011985413  0.0049888454  
-0.0012675837  -0.0012329886  0.023072099  0.0089576351  0.029566033  -0.018649020  -0.0068843655  -0.011521609  0.99011894  -0.12175966  
-0.00096872962  -0.012973708  0.0068740487  -0.0091282487  0.0043928416  0.033651848  0.066169286  -0.0052703329  0.12242358  0.98810926  
