0.99907180  0.00085241888  -0.00061425821  0.0012880980  9.9407273e-05  -0.00020325914  0.00041313570  0.00046229847  -0.0016455946  6.5510711e-05  
-0.00086005652  0.99898111  0.0019781198  0.0054948443  0.0011204497  0.0091638689  0.0032914692  0.0010306986  0.0018605338  -0.00084796979  
0.00017302382  -0.0037693352  0.94698979  0.28218910  0.14663329  4.0782547e-05  0.010439519  0.0072864529  0.00047009499  0.00040119180  
-0.0013391794  -0.0048509481  -0.29493159  0.95159029  0.072997583  0.00040207848  0.010529953  0.0039804821  -0.0067373438  -0.0054666805  
0.00020882000  0.00014213972  -0.11558235  -0.10736892  0.96605158  -0.0041666614  -0.17317321  -0.0060137825  0.098471257  -0.015312826  
0.00038008040  -0.0090419110  0.0011049937  0.00060215866  -0.0026036715  0.99313474  -0.020579904  -0.094277007  0.020919045  -0.043052008  
-0.00023029088  -0.0035789119  -0.025784622  -0.030716344  0.15605670  0.014103349  0.97504839  0.0012212700  0.10382727  -0.10190240  
-0.00043012601  -0.0017581229  -0.0062812685  -0.0063787394  0.0037145442  0.094009074  -0.0043866638  0.99453388  0.0041563578  -0.0042506399  
0.0016169916  -0.0013070569  0.013207474  0.019276190  -0.11679504  -0.035505142  -0.11067721  -0.0016899398  0.94009362  -0.29420911  
0.00044388461  -0.00033880639  -0.0026188442  0.0063271831  -0.0036121563  0.036057400  0.066729719  -0.00028797189  0.30531967  0.94809488  
