0.99877590  -0.00015957255  -0.0044307361  -0.0028297965  0.0016857585  0.0019188940  -0.0010296237  -0.0040760317  0.0016324976  0.0010078113  
0.00020386041  0.99864953  -0.0079119594  0.0089274467  -0.0013365894  0.0070994286  -0.0037956152  0.0058423535  0.0020478883  -0.00034479712  
0.0032960873  0.0099355025  0.95734735  -0.26404597  0.099587222  -0.00031546949  -0.028063876  0.019274148  -0.011400726  0.0029498167  
0.0036782588  -0.0065554625  0.25332182  0.95990662  0.10514649  -0.00030174334  -0.022458483  -0.00071957914  -0.0075645109  -0.0091477409  
-0.0024934990  0.00028263524  -0.12794211  -0.076763825  0.97473359  -0.00035794486  -0.15489886  0.026715176  -0.022541373  -0.0011283397  
-0.0020445234  -0.0069672629  0.0010565993  0.00014622796  0.0022992128  0.99806136  0.0031518436  -0.019811768  0.031783786  0.0092792617  
0.00083275180  0.0040653582  0.013253687  0.0024397417  0.15926037  -0.0043360280  0.98540822  -0.0046618241  0.020087140  0.015219684  
0.0041063117  -0.0061818903  -0.014810879  0.0077794459  -0.027145057  0.019851461  0.0093551736  0.99796577  -0.00083211005  -0.00040552285  
-0.0012927934  -0.0018602256  0.0096435979  0.00085519134  0.020490624  -0.029766612  -0.021025099  0.0022351597  0.98377528  -0.16767344  
-0.0012189471  -5.7510826e-05  0.00077309660  0.0096917801  0.0027918011  -0.014343019  -0.019141259  0.0010257502  0.16694982  0.98431836  
