0.99795446  -0.00066982169  -0.00073873487  5.8724414e-05  -0.010502678  -0.00028551059  0.0012512641  -0.00073536637  0.0083284802  -0.00013504384  
0.0015875901  0.91251081  -0.028445991  -0.041441814  -0.0039165868  0.25378570  -0.23685162  0.037668087  -0.060153233  -0.18700192  
-0.0062563629  -0.033567434  0.44965609  -0.58540480  -0.59963147  0.015016289  -0.020222018  0.29223403  0.065228133  -0.0048945042  
-0.0070197226  -0.013457369  -0.59485215  0.35642703  -0.63110372  0.037871316  0.056880986  0.33416151  0.0029261099  0.0034931859  
-0.0035761912  0.040134329  0.60160822  0.66755809  -0.32750291  0.067817399  0.014589471  -0.26835379  0.041254067  -0.029578166  
0.00083284226  -0.23838889  -0.0080257946  -0.034369199  0.069835011  0.96068912  0.095253730  0.018816596  -0.0053136924  0.033514969  
-0.00069716271  0.25229673  0.034974905  -0.044250548  0.029616931  -0.035867779  0.96233408  0.015826228  -0.0044422980  -0.028146794  
-0.0038472365  -0.0057555297  -0.26458549  -0.27470876  -0.35080749  0.027809926  0.021970020  -0.84658755  -0.079265324  -0.054363041  
-0.0080102552  0.056690709  -0.075697136  -0.015005748  0.027202599  0.018947265  -0.0070070616  -0.074936527  0.98996249  -0.0076486894  
0.00026686412  0.19137449  0.0033706387  -0.0074980430  -0.032344480  0.018534429  -0.019648547  -0.048678614  -0.0065584014  0.97725992  
