0.99830626  0.0011223186  0.0015603609  0.0029464320  -0.0019339169  -0.00038403737  -0.0011325732  -0.0026306380  -0.0059628067  -0.0048164639  
-0.0010070394  0.99816654  -0.0037182146  -0.0072527228  -0.0036976076  0.0018991086  0.0075210856  -0.0068655006  0.0029200150  0.0040911529  
-0.0016224766  0.0018597514  0.98524538  -0.098092542  -0.11310276  -0.0063585780  -0.00054193017  -0.059558601  0.0036070745  0.0043738856  
-0.0026953714  0.0084850636  0.11730767  0.97206875  0.10949244  0.10063311  0.030698237  0.11816814  -0.012283197  -0.022381638  
0.0016687880  0.0026795701  0.094495467  -0.098059187  0.97717662  -0.088239391  0.017347769  -0.12181169  -0.011767314  0.013260789  
-0.00069781344  -0.00089306453  0.0086984535  -0.12514408  0.081481064  0.95064805  0.040480260  0.071745095  -0.16042206  -0.19524826  
-0.00043728796  -0.0051506615  0.0026749284  -0.036466757  -0.016544474  -0.12299769  0.94651712  0.11563306  -0.17100198  -0.20303179  
0.0033562213  0.0070572070  0.056947027  -0.12294850  0.098615161  -0.077827348  -0.11535801  0.97213433  0.051369915  0.035255738  
0.0057963997  -0.0043175872  -0.0020160305  -0.0089410839  0.018866457  0.14155268  0.18211451  -0.018883570  0.96886658  -0.062718619  
0.0049043695  -0.0059313055  -0.0029681743  -0.0047387468  0.00023220330  0.18405752  0.22604906  0.0068918657  -0.0074439333  0.95479248  
