0.99818463  0.00066163854  -0.015982636  -0.00054747967  -0.0021015419  -0.00039168199  0.010204131  0.00091398777  0.00099353000  -0.00051503593  
0.00095576550  -0.98788825  -0.011071138  0.026524044  0.015529416  0.00082439203  -0.054113664  0.054645357  -0.020227827  -0.11547833  
-0.016520548  -0.0021041540  -0.95339506  -0.098494233  -0.18860071  -0.18610887  0.066184075  -0.011850099  0.049665391  0.014431982  
0.00050441967  0.012248295  0.099750221  0.76138822  -0.46433644  -0.43597385  0.022882820  -0.0080378956  0.0010658641  -0.019252778  
0.0030290521  -0.015273037  0.22239371  -0.52217315  -0.039956778  -0.81760282  -0.015062127  -0.031010247  0.040458606  -0.036962737  
0.00062244699  -0.031879998  0.14805225  -0.36324526  -0.86015709  0.31456092  0.013665410  -0.038998073  0.00044733095  0.035787562  
-0.0010166554  0.052716018  -0.033898209  -0.031319799  -0.017476525  -0.023706604  0.12580071  0.036039529  -0.92746313  -0.33687446  
0.00035451127  0.045250429  -0.0071069897  0.014597440  0.010865769  0.056497960  -0.023911524  -0.64879870  0.23294032  -0.71779463  
-0.0088475896  -0.015854042  0.062118447  -0.015801565  0.018643003  0.018908322  0.91265382  0.26985115  0.20605385  -0.20753066  
0.0020796631  0.11939183  -0.024613110  -0.016981126  -0.055264924  0.019229426  -0.37254421  0.70418886  0.18738109  -0.55509236  
