0.99832929  -0.0015034448  -0.0028251920  -0.0021031833  -0.0018403408  0.0022880681  0.0028936192  0.0023972681  0.0021366113  -0.00044916543  
0.0015253021  0.99775592  0.020453741  -0.011734260  -0.018354761  -0.00037286541  0.00022011255  -0.015080797  -0.00030606147  0.00017665982  
0.0029272575  -0.020059999  0.99717770  0.031300372  0.00036347135  -0.018334827  -0.00056745732  0.00031012539  -0.015069509  -0.00047463820  
0.0019760883  0.012049497  -0.030928199  0.99683651  -0.00022540947  0.00057330449  -0.018329318  -0.00017745225  0.00047177834  -0.015071436  
0.0018102851  0.018388167  0.00037202918  -0.00021996402  0.99805357  0.020468190  -0.011729487  0.0026950834  5.8978730e-05  -3.2455527e-05  
-0.0021376215  -0.00036642219  0.018386378  0.00058150955  -0.020057603  0.99747963  0.031309738  -5.9142609e-05  0.0026847631  8.5407655e-05  
-0.0027607248  0.00022636402  -0.00056213527  0.018379758  0.012061289  -0.030938014  0.99713117  2.5950189e-05  -8.9290704e-05  0.0026896461  
-0.0024703276  0.015066417  0.00031587322  -0.00017190722  -0.0026202860  -5.9428809e-05  2.3750814e-05  0.99822943  0.020462525  -0.011735564  
-0.0020138931  -0.00029969019  0.015059732  0.00047684923  5.6511629e-05  -0.0026279518  -8.8157090e-05  -0.020069937  0.99765848  0.031322377  
0.00058395151  0.00018103982  -0.00046851754  0.015047537  -3.2817785e-05  8.2703694e-05  -0.0026207561  0.012059736  -0.030936016  0.99731709  
