0.99840491  0.0011354639  -0.0088035022  0.0053732012  0.0090332150  -0.0014088479  -0.0078226994  -0.0024930276  0.0066078230  -0.00084473658  
-0.0012864415  0.99840555  0.0082580901  -0.0013489779  0.0082406150  6.9978130e-05  -1.0131227e-06  0.0041125926  2.5428932e-05  -4.4353714e-06  
0.0084414758  -0.0082028865  0.99681918  0.057969457  8.4958311e-06  0.0082278336  0.00041262584  -5.4880532e-05  0.0041590202  0.00023126943  
-0.0058602002  0.0016726095  -0.057755295  0.99656747  -3.9141114e-05  -0.00046952960  0.0082832262  2.1544768e-05  -0.00027671487  0.0041068969  
-0.0087834409  -0.0084579333  7.6693662e-06  -3.5914905e-05  0.99607573  0.0082405414  -0.0012702076  0.066009213  0.00048691650  -8.1268277e-05  
0.0013778833  7.1056361e-05  -0.0084472881  -0.00048270422  -0.0081814977  0.99464327  0.057782589  -0.00054622491  0.065896375  0.0038271817  
0.0077807187  -5.3602093e-06  0.00042052220  -0.0083907716  0.0017458839  -0.057687569  0.99429031  9.1558999e-05  -0.0037691150  0.065861202  
0.0029814390  -0.0034927323  -5.5166682e-05  2.0744940e-05  -0.066130134  -0.00055065852  6.5567945e-05  0.99621218  0.0082484115  -0.0013416368  
-0.0067664757  2.1062312e-05  -0.0034311597  -0.00023924836  0.00048296058  -0.066047279  -0.0037851837  -0.0081775983  0.99466476  0.057802847  
0.00097648895  -4.7697770e-06  0.00019381247  -0.0034845367  -0.00010243825  0.0038290658  -0.066044957  0.0016731568  -0.057673857  0.99441476  
