0.99854603  0.00018304263  -0.0019327878  0.0013867549  1.4330655e-06  -0.0034323608  -0.0011655390  0.0020481769  -0.0020567011  0.0039844107  
-0.00010385148  0.99830397  -0.010252696  -0.0012763984  -0.00056580064  6.2533763e-06  8.7413916e-07  0.014862743  -0.00015238461  -1.9510556e-05  
2.4969662e-05  0.0068156819  0.58293048  0.81042570  -3.8628238e-06  -0.00033041595  -0.00045932912  0.00010149370  0.0086787965  0.012065863  
-0.0023356381  -0.0074255674  -0.81010974  0.58304747  4.1804426e-06  0.00046713511  -0.00032771147  -0.00011525096  -0.012056410  0.0086713912  
-0.00041653168  -0.0019279154  2.0642908e-05  1.8621416e-06  0.98439228  -0.010108585  -0.0012579265  0.16719953  -0.0017163228  -0.00021545740  
0.0027425414  -1.2652473e-05  -0.0011309900  -0.0015612447  0.0067207335  0.57479787  0.79912894  0.0011469935  0.097626240  0.13574443  
-0.0029724087  1.3770576e-05  0.0015703063  -0.0011301392  -0.0073216939  -0.79881470  0.57492925  -0.0012496886  -0.13567536  0.097639990  
-0.0019903629  -0.014791395  0.00015578860  1.6138185e-05  -0.16742460  0.0017263372  0.00021637103  0.98431199  -0.010105207  -0.0012662055  
-0.0023862436  -0.00010143640  -0.0086320766  -0.012010750  -0.0011430799  -0.097754413  -0.13591285  0.0067153058  0.57476758  0.79906065  
-0.0033013743  0.00010939401  0.012009185  -0.0086431442  0.0012452221  0.13587474  -0.097778994  -0.0073277269  -0.79875642  0.57486815  
