0.99868893  0.00089760249  -0.0074560311  -0.0016461588  0.0074680781  -0.00051315667  -0.0030023199  -0.0014353837  -0.0028833051  -0.00022627186  
-0.00078079052  0.99830345  -0.022014956  0.0039886144  -0.019911134  0.00043947604  -7.7156496e-05  -0.0038334102  8.6837067e-05  -1.5138606e-05  
0.0074361805  0.021796690  0.99720193  0.043283769  -0.00037886644  -0.019888246  -0.00088563929  -9.4384208e-05  -0.0038519809  -0.00016798684  
0.0012208808  -0.0047570123  -0.043090996  0.99748818  0.00010400207  0.00085838700  -0.019892736  1.6521386e-05  0.00016195470  -0.0038316826  
-0.0075471508  0.019824140  -0.00038108865  9.1646822e-05  0.99794862  -0.022010310  0.0040088215  -0.026615901  0.00060912725  -0.00010463997  
0.00058900707  0.00043337938  0.019805733  0.00085908780  0.021787883  0.99695836  0.043281284  -0.00058202919  -0.026600531  -0.0011549242  
0.0029748538  -9.1844251e-05  -0.00087801449  0.019809850  -0.0047344385  -0.043070502  0.99718240  0.00012263254  0.0011404904  -0.026605713  
0.0012701586  0.0044828075  -0.00010834022  1.5806598e-05  0.026660314  -0.00058852147  0.00010262761  0.99810672  -0.022020138  0.0039862583  
0.0031431265  0.00010064640  0.0044535009  0.00018918706  0.00060521187  0.026621258  0.0011463855  0.021781220  0.99705297  0.043286830  
0.00020420471  -2.1176946e-05  -0.00019493114  0.0044776752  -0.00012549590  -0.0011502226  0.026628472  -0.0047574708  -0.043074029  0.99729470  
