0.99874263  0.00079815689  0.0068150028  0.0035486705  -0.0071411430  6.3732216e-05  -0.0017258366  0.0025603348  -0.00095594879  5.3409443e-05  
-0.00076714270  0.99865491  -0.0097465722  -0.0073224068  -0.0064203876  6.2633665e-05  4.8420378e-05  0.0057363604  -5.5281344e-05  -4.2069049e-05  
-0.0065874022  0.0093479324  0.99625118  -0.067187336  -1.2993808e-05  -0.0064110380  0.00044367523  3.6758162e-05  0.0057307781  -0.00038600182  
-0.0039822786  0.0079091359  0.067243770  0.99614834  -2.2409470e-05  -0.00043310018  -0.0064028143  3.5205316e-05  0.00039018020  0.0057239401  
0.0070433653  0.0062413307  -1.2923942e-05  -2.0909318e-05  0.99861782  -0.0097410785  -0.0073320425  0.013859385  -0.00014141399  -0.00010137103  
-0.00012181510  5.8280565e-05  0.0062201948  -0.00041997999  0.0093541938  0.99630869  -0.067164542  0.00012921018  0.013808795  -0.00093089321  
0.0017536241  5.0732104e-05  0.00043208329  0.0062266953  0.0078996719  0.067271959  0.99617180  0.00011418610  0.00093077084  0.013806811  
-0.0026954169  -0.0059331039  3.9383036e-05  3.3910569e-05  -0.013694726  0.00013360585  0.00010523275  0.99873705  -0.0097397884  -0.0073204040  
0.0010330011  -5.4786251e-05  -0.0059101676  0.00040245593  -0.00013564527  -0.013681592  0.00092057312  0.0093563311  0.99638367  -0.067169930  
-3.1767677e-05  -4.7009868e-05  -0.00039969203  -0.0059163460  -0.00010847948  -0.00092380156  -0.013679774  0.0079127810  0.067276997  0.99625074  
