0.99760822  -0.00028064730  -0.014627195  -0.00052874052  0.013918809  0.00018832730  0.0028891370  -0.00045015408  0.0043483198  -0.00041589710  
0.00024654040  0.99726674  -0.020543596  0.010511270  -0.018408433  0.00037925724  -0.00019341658  -0.011338330  0.00023450381  -0.00011960247  
0.014413356  0.021992568  0.98544618  -0.15241647  -0.00020573433  -0.018194466  0.0028554765  -0.00025663398  -0.011143210  0.0017266338  
0.0028788126  -0.0074125634  0.15280176  0.98502638  0.00017740770  -0.0028212604  -0.018177131  8.2940689e-05  -0.0017249725  -0.011200326  
-0.013775564  0.019526938  -0.00020024472  0.00021368209  0.98983920  -0.020393903  0.010395256  0.12012013  -0.0025341793  0.0012718944  
-0.00029154566  0.00043071896  0.019300099  -0.0029833750  0.021832974  0.97850545  -0.15130327  0.0026495436  0.11871418  -0.018356373  
-0.0028795793  -0.00014418092  0.0030346598  0.019284700  -0.0073982450  0.15173495  0.97787236  -0.00089136352  0.018396364  0.11864104  
0.0020873294  0.0088695683  -0.00021306293  9.2304213e-05  -0.12000302  0.0024726433  -0.0012591623  0.99061210  -0.020394224  0.010440383  
-0.0040549850  0.00019692781  0.0088264827  -0.0013532658  -0.0027040613  -0.11863528  0.018332215  0.021852167  0.97906330  -0.15138960  
0.00028133660  -6.6009449e-05  0.0013554549  0.0087612026  0.00089589062  -0.018396438  -0.11855797  -0.0073623221  0.15182595  0.97845583  
