0.99874527  0.00069775749  -0.0029746505  0.0048862395  0.0032229982  0.00091634770  -0.00056510871  0.0056341170  -0.00087329835  0.00071083562  
-0.00065289767  0.99781002  -0.030797286  -0.012266214  -0.026260835  0.00080995309  0.00032306792  0.010219975  -0.00031500846  -0.00012608386  
0.0034017935  0.029503799  0.99351975  -0.092578514  -0.00076544752  -0.026143066  0.0024348931  0.00032132598  0.010176575  -0.00094633896  
-0.0046164967  0.015032420  0.092241907  0.99344162  -0.00041050579  -0.0024313455  -0.026141900  0.00012820110  0.00094907858  0.010175706  
-0.0035691146  0.025573487  -0.00077885796  -0.00033173936  0.99606059  -0.030748747  -0.012239833  0.061135148  -0.0018844735  -0.00075410133  
-0.00093978156  0.00075556255  0.025468915  -0.0023780237  0.029447128  0.99179806  -0.092433259  0.0018028120  0.060893641  -0.0056757582  
0.00036108347  0.00038564187  0.0023628325  0.025466317  0.015010493  0.092067906  0.99173311  0.00092369664  0.0056522604  0.060889039  
-0.0054760091  -0.011860809  0.00038222618  0.00011902385  -0.060890124  0.0018739211  0.00075115737  0.99649842  -0.030754699  -0.012251259  
0.00072188399  -0.00035012824  -0.011808390  0.0011036631  -0.0017975810  -0.060610763  0.0056484895  0.029467521  0.99225339  -0.092475719  
-0.00084122209  -0.00017923011  -0.0010934283  -0.011809767  -0.00092000945  -0.0056272708  -0.060606905  0.015011321  0.092110558  0.99218778  
