0.99787812  -1.9727553e-05  -0.0061197912  -0.0017687725  -0.0078694105  0.00085748829  -0.0033953628  0.00068141953  -0.0025065818  -0.0010540167  
-0.00016771588  0.99741619  -0.018708762  -0.011147265  0.023738391  -0.00044537574  -0.00026485853  -0.0023150570  4.3742366e-05  2.6010189e-05  
0.0055004427  0.017320491  0.99355919  -0.085433247  0.00036918254  0.023651087  -0.0020517921  -3.6590906e-05  -0.0023197194  0.00019239727  
0.0023038226  0.012814796  0.085381275  0.99393562  0.00028673269  0.0020343083  0.023646674  -2.8212370e-05  -0.00020397645  -0.0023093919  
0.0081431427  -0.024034017  0.00040092110  0.00025415121  0.99684906  -0.018693122  -0.011169851  -0.033294453  0.00060437252  0.00036344085  
-0.00073809833  -0.00041733771  -0.023937093  0.0020596909  0.017317762  0.99309091  -0.085377882  -0.00057875950  -0.033170321  0.0028527554  
0.0033063568  -0.00030888178  -0.0020779253  -0.023955878  0.012782445  0.085355255  0.99342703  -0.00042566131  -0.0028592369  -0.033187298  
-0.00036136938  0.0014179041  -2.4441031e-05  -1.5222460e-05  0.033672481  -0.00063187873  -0.00037509682  0.99713421  -0.018703385  -0.011143966  
0.0027397375  2.4543928e-05  0.0013956134  -0.00012631619  0.00056308149  0.033543006  -0.0028930821  0.017317567  0.99330522  -0.085402345  
0.0013283370  1.8179656e-05  0.00011331172  0.0014106103  0.00042222076  0.0028838221  0.033547828  0.012812112  0.085368093  0.99365755  
