0.99829031  0.00013652698  -0.0047649263  -0.00029547026  0.0050937427  0.00038425600  0.0011270115  0.0014682160  0.00087599321  0.00070294747  
-0.00028022299  0.99776446  0.013662063  0.014166679  0.019519219  0.00026715583  0.00027684439  -0.010733032  -0.00014718976  -0.00015258268  
0.0045106006  -0.017678883  0.95093463  0.30243116  -0.00032287336  0.018606609  0.0059219981  0.00019680637  -0.010225160  -0.0032499894  
-0.0012777263  -0.0097646975  -0.30291941  0.95070996  -0.00019755644  -0.0059270431  0.018598606  0.00010315453  0.0032573475  -0.010227366  
-0.0052264008  -0.019664142  -0.00024427244  -0.00027764107  0.99718248  0.013651110  0.014152811  -0.035549148  -0.00049119608  -0.00050830982  
-0.00074149579  0.00034831704  -0.018737413  -0.0059599638  -0.017673443  0.95042658  0.30226333  0.00062867256  -0.033874748  -0.010773498  
-0.00098066653  0.00019230005  0.0059745800  -0.018735802  -0.0097640916  -0.30275728  0.95017931  0.00034638067  0.010789677  -0.033866004  
-0.0016429399  0.0098377819  0.00014253731  0.00014016960  0.035474352  0.00048517352  0.00050194104  0.99735979  0.013653775  0.014159728  
-0.00099600412  -0.00017445695  0.0093812281  0.0029822940  -0.00063380460  0.033817742  0.010754051  -0.017673837  0.95057187  0.30230986  
-0.00028586166  -9.6317764e-05  -0.0029854958  0.0093741274  -0.00034870684  -0.010772818  0.033809034  -0.0097610061  -0.30280362  0.95032605  
