0.99760731  0.00035232271  -0.0073266087  0.0043825183  -0.0088673999  -0.0011026102  0.00058300264  0.0017239711  0.00095010621  -0.00022322815  
-0.00027440765  0.99757365  0.0078580929  -0.0044323125  -0.0087750821  -6.8845532e-05  3.8843752e-05  -0.0062439405  -4.9414792e-05  2.7774739e-05  
0.0071726772  -0.0075330107  0.99554016  0.051306367  2.6248984e-06  -0.0087679379  -0.00044693129  5.9644569e-05  -0.0062239939  -0.00032211285  
-0.0047182079  0.0047035272  -0.051108773  0.99602970  5.2556592e-07  0.00045532069  -0.0087666472  -3.7666449e-05  0.00031540391  -0.0062331878  
0.0088440754  0.0088556576  4.6693442e-06  -2.8492658e-07  0.99794099  0.0078498085  -0.0044280047  -0.0084448100  -5.7848508e-05  3.6099790e-05  
0.0011526540  -6.6450444e-05  0.0088264357  0.00046004097  -0.0075491436  0.99603651  0.051298293  6.5892590e-05  -0.0084422702  -0.00043503966  
-0.00063026593  4.1516679e-05  -0.00044909863  0.0088360346  0.0047130980  -0.051165628  0.99649526  -4.1027055e-05  0.00043309583  -0.0084471755  
-0.0016176735  0.0063178484  6.1570681e-05  -3.5154616e-05  0.0080590313  6.5167869e-05  -3.6678669e-05  0.99779914  0.0078564804  -0.0044319680  
-0.00098393811  -4.8107674e-05  0.0063134517  0.00032022810  -5.1646901e-05  0.0080299591  0.00041289231  -0.0075391651  0.99581962  0.051286610  
0.00015261733  2.9854437e-05  -0.00032497994  0.0063094205  3.6680510e-05  -0.00041259866  0.0080325735  0.0047065908  -0.051155061  0.99627836  
