0.99844357  -0.00076781581  0.0098683034  -0.0028088773  0.011047116  0.00068445381  0.0012008353  0.00050184847  -0.0011864626  -0.00068565308  
0.00078239473  0.99836992  0.012867462  -0.0033152605  -0.010851754  -0.00013933995  3.7003203e-05  -0.0050838522  -6.6397523e-05  1.6350746e-05  
-0.0092950991  -0.012115225  0.98534431  0.16009199  2.9901948e-05  -0.010726172  -0.0017526002  5.7086447e-05  -0.0050076371  -0.00080898571  
0.0044791184  0.0054117576  -0.15988134  0.98521496  -9.4109293e-06  0.0017428412  -0.010711887  -2.5321980e-05  0.00080921633  -0.0050203033  
-0.010948279  0.010411679  2.5303777e-05  -3.9483278e-06  0.99493019  0.012809252  -0.0033155979  -0.082676835  -0.0010521011  0.00028166485  
-0.00089046518  -0.00012565809  0.010259960  0.0016703426  -0.012091513  0.98215903  0.15953306  0.0010033645  -0.081599229  -0.013253911  
-0.0011127968  5.7269239e-05  -0.0016773942  0.010269420  0.0053849956  -0.15939482  0.98195066  -0.00044896563  0.013244131  -0.081582249  
-0.0012467813  0.0060300490  6.5604383e-05  -1.6617234e-05  0.082791467  0.0010657298  -0.00027628783  0.99506148  0.012818524  -0.0033012926  
0.0011186868  -7.4052272e-05  0.0059619901  0.00096354443  -0.00099317486  0.081732878  0.013277273  -0.012081542  0.98216890  0.15953510  
0.00028259363  3.2497065e-05  -0.00096312554  0.0059490014  0.00045210063  -0.013264060  0.081715152  0.0053973682  -0.15939607  0.98196239  
