0.99864553  1.1844597e-05  0.0077622888  -0.00016734369  0.0078262120  0.00053943899  0.0014925918  -0.00060927669  0.0011394009  0.00027659912  
-2.9890237e-05  0.99864066  -0.0013206937  -0.0051637352  -0.0021035011  2.7649173e-06  1.0830833e-05  -0.0064351712  8.4748828e-06  3.3266599e-05  
-0.0077710323  0.00091964992  0.99626608  -0.069809682  -6.2837330e-05  -0.0021025906  0.00013541628  -1.1856405e-06  -0.0064291433  0.00044770604  
-0.00046911278  0.0052136210  0.069779077  0.99602535  -1.4656930e-05  -0.00014722487  -0.0020984596  -3.3310136e-05  -0.00045021154  -0.0064184659  
-0.0077810432  0.0023412474  -6.3576481e-05  -1.0802652e-05  0.99756443  -0.0013233221  -0.0051701203  0.043916461  -6.6940404e-05  -0.00022921248  
-0.00053838726  2.1499742e-06  0.0023317292  -0.00016358350  0.00091458780  0.99531330  -0.069740817  4.0770898e-05  0.043809342  -0.0030698418  
-0.0014492275  1.2206298e-05  0.00015234288  0.0023354506  0.0051969689  0.069710997  0.99501052  0.00023013509  0.0030667966  0.043796310  
0.00085612284  0.0064010889  -1.8093969e-06  -3.3241961e-05  -0.043871807  5.8481208e-05  0.00022816525  0.99766648  -0.0013181972  -0.0051584685  
-0.0012202753  5.8808821e-06  0.0063767604  -0.00044726940  -4.9974938e-05  -0.043777495  0.0030655482  0.00091958985  0.99535369  -0.069743258  
-0.00020549209  3.3415824e-05  0.00044569548  0.0063843491  -0.00023068800  -0.0030662413  -0.043763908  0.0052086688  0.069714452  0.99505411  
