0.99814600  -4.1750112e-06  -0.010728918  0.012815787  -0.016420971  -0.0059325914  -0.0030563036  0.0010430369  -0.0028567235  0.0065653387  
0.00011331466  0.99829678  0.0063459234  0.0094319922  0.0037102022  2.2938405e-05  3.4722379e-05  0.0074472612  4.7029855e-05  7.1082988e-05  
0.013738049  -0.0034633768  0.96332649  -0.26112339  -0.00023841008  0.0035006245  -0.0010141151  -1.1521367e-05  0.0071479651  -0.0018586982  
-0.0096407486  -0.010604444  0.26073680  0.96319322  0.00011898009  0.0010266665  0.0036118173  -8.9162109e-05  0.0019719645  0.0071225941  
0.016503543  -0.0029347304  -0.00019625103  0.00018521687  0.99314662  0.0062174203  0.0093332731  -0.098532077  -0.00067404080  -0.00082187056  
0.0044098626  1.0125539e-05  -0.0028799010  0.00082533873  -0.0035193109  0.95873909  -0.26003700  0.00034651340  -0.095124454  0.025824211  
0.0048459532  3.1112415e-05  -0.00081846273  -0.0027689670  -0.010632782  0.25933051  0.95859476  0.0010519351  -0.025743037  -0.095064101  
0.00050108316  -0.0077979419  -5.5194439e-05  -6.6931031e-05  0.098636176  0.00062405720  0.00093024350  0.99354990  0.0063154305  0.0093891649  
0.0048796253  2.6991795e-05  -0.0075784046  0.0021040019  -0.00042249050  0.095174654  -0.025835002  -0.0034416436  0.95887807  -0.26002530  
-0.0050214214  8.2896459e-05  -0.0019820738  -0.0075892048  -0.00096557608  0.025783861  0.095203857  -0.010559356  0.25940817  0.95870326  
