0.99926426  0.00033404535  -0.00090274074  -0.0013509476  -0.00023706669  -0.0011196969  -0.0031484356  0.0020678560  -0.0031913193  0.00091650208  
-0.00037022383  0.99911386  0.013714099  -0.0013070943  -0.0098071626  -0.00013421156  1.3937242e-05  0.00074691599  1.1379433e-05  -1.3007867e-06  
0.00078133696  -0.013782775  0.99507856  -0.089097815  0.00013511818  -0.0097685144  0.00087216709  -8.7185868e-06  0.00074219382  -6.5969946e-05  
0.0014208307  0.00013485603  0.089183547  0.99519383  -1.6470184e-06  -0.00087706756  -0.0097732657  3.0782378e-06  6.2190524e-05  0.00074602675  
0.00016098437  0.0097827450  0.00013409958  -1.3055397e-05  0.99849848  0.013705106  -0.0013073513  0.036455749  0.00049977941  -4.7536127e-05  
0.00093472942  -0.00013463329  0.0097423057  -0.00087361539  -0.013774763  0.99446524  -0.089044830  -0.00050097389  0.036305179  -0.0032500830  
0.0032593916  2.4416005e-06  0.00087019581  0.0097399766  0.00013353172  0.089126216  0.99457247  1.1694506e-05  0.0032437782  0.036315376  
-0.0020039778  -0.0011288755  -1.3613980e-05  4.1419574e-06  -0.036401701  -0.00049736289  5.3924298e-05  0.99851790  0.013712019  -0.0013086240  
0.0031916894  1.6686837e-05  -0.0011266663  9.6276357e-05  0.00050142991  -0.036258878  0.0032359844  -0.013768096  0.99447941  -0.089041029  
-0.00073082640  -3.9897077e-07  -0.00010003780  -0.0011228072  -4.7315202e-06  -0.0032485834  -0.036257157  0.00013279253  0.089134321  0.99460549  
