0.99758434  -0.00021794313  9.5461221e-05  0.00088371074  0.00056955382  -0.00056481380  -0.0022267834  -0.00043069958  -0.0015453211  0.00019679366  
0.00020429359  0.99755559  -0.0047339194  0.00066822154  -0.0041827216  1.9754198e-05  -3.2072349e-06  0.0012243411  -6.0877091e-06  8.5380860e-07  
-0.00014923243  0.0048347325  0.99522384  0.057643562  -2.0341781e-05  -0.0041729687  -0.00024140559  5.9863016e-06  0.0012217535  7.0727707e-05  
-0.00080657668  -0.0010772822  -0.057934924  0.99525407  4.0960282e-06  0.00024334994  -0.0041713748  -1.0067590e-06  -6.9885097e-05  0.0012214387  
-0.00065260810  0.0040942992  -1.9502386e-05  2.1303877e-06  0.99673000  -0.0047296490  0.00066907922  -0.048346158  0.00023050093  -3.2507843e-05  
0.00064975545  1.9679706e-05  0.0040846380  0.00023718501  0.0048310682  0.99440016  0.057594437  -0.00023458774  -0.048234487  -0.0027935662  
0.0021417338  -4.9318394e-06  -0.00023754536  0.0040865804  -0.0010754403  -0.057888060  0.99442657  5.1367142e-05  0.0028044986  -0.048234521  
0.00034388450  -0.00096937325  4.6378554e-06  -3.3243382e-07  0.048189816  -0.00022887924  3.1460450e-05  0.99694959  -0.0047316183  0.00066772500  
0.0016207137  -5.0795373e-06  -0.00096685111  -5.4595140e-05  0.00023440723  0.048076120  0.0027810039  0.0048311253  0.99461690  0.057608969  
-0.00013830241  1.0758160e-06  5.6280159e-05  -0.00096715942  -5.2114386e-05  -0.0027986344  0.048078747  -0.0010767683  -0.057899464  0.99465024  
