0.99751296  -0.00046562772  0.010304351  0.0086382948  0.011583450  0.0030245922  -0.0052679873  -0.0040144006  -0.0049590420  -0.0021059236  
0.00045707565  0.99706914  -0.010408322  -0.021524434  0.020576387  -0.00021342166  -0.00044659421  -0.014913050  0.00015344480  0.00032099136  
-0.012958502  0.018014151  0.91576714  0.39348852  0.00022083447  0.018856474  0.0081891770  -0.00021732316  -0.013632899  -0.0058590265  
-0.0038512681  0.015259239  -0.39380371  0.91583437  0.00027024888  -0.0081357553  0.018916004  -0.00021281160  0.0059077984  -0.013688768  
-0.012034684  -0.021953797  0.00010538405  0.00037017261  0.99317040  -0.010410855  -0.021383592  -0.088204069  0.00098145147  0.0019308286  
-0.0013188789  -0.00039598622  -0.020185372  -0.0086800282  0.017924845  0.91244358  0.39212359  -0.0015886533  -0.081061403  -0.034835492  
0.0060175970  -0.00033886830  0.0087339590  -0.020119372  0.015269468  -0.39226122  0.91238282  -0.0013744601  0.034822996  -0.081077581  
0.0027714361  0.013365910  -0.00011130878  -0.00026488792  0.088544245  -0.00091593417  -0.0019256583  0.99369507  -0.010391575  -0.021461564  
0.0049884305  0.00023906172  0.012330371  0.0053198752  0.0016565301  0.081322143  0.034914541  0.017927281  0.91278651  0.39226243  
0.00055795684  0.00020428645  -0.0052733019  0.012283359  0.0013608670  -0.034953728  0.081300914  0.015203739  -0.39243874  0.91277696  
