0.99685518  0.00075085895  -0.012331796  0.0059587396  0.014048754  -0.0037335352  -0.0092122243  -0.0041850593  -0.0092159158  0.0041873977  
-0.00073182827  0.99692354  -0.0012124169  0.0030339697  -0.010167502  1.5114611e-05  -2.4395628e-05  -0.0037827299  1.1227011e-05  -1.4519917e-05  
0.013207444  0.0023595517  0.95495689  -0.28487935  0.00016159043  -0.0097811871  0.0027816045  -6.3951104e-05  -0.0037492879  0.0011374738  
-0.0025703608  -0.0031274520  0.28465717  0.95460241  -4.4697453e-06  -0.0028902924  -0.0097026187  2.2639706e-05  -0.0010568822  -0.0036358815  
-0.013814765  0.010155630  0.00015837463  -5.1636602e-05  0.99448608  -0.0011664598  0.0031590012  0.069032928  4.3704727e-05  0.00015217568  
0.0015362368  2.5151816e-05  0.0097202978  -0.0028964206  0.0023664693  0.95296448  -0.28433145  0.00015598438  0.066068289  -0.019709089  
0.0096294681  -2.4609863e-05  0.0027837676  0.0097920670  -0.0029833961  0.28394860  0.95238080  -0.00025630952  0.019603610  0.066088495  
0.0053672757  0.0030823820  -6.9967110e-05  4.1396311e-05  -0.068959744  6.4419896e-05  -0.00025984484  0.99481819  -0.0012683219  0.0030543541  
0.010030296  1.4835028e-05  0.0028253691  -0.00081999013  -2.1722782e-05  -0.066177922  0.019640261  0.0023028509  0.95303078  -0.28432056  
-0.0022213281  -1.1349456e-05  0.00090663670  0.0029342699  0.00018483903  -0.019701304  -0.066084713  -0.0031095961  0.28405124  0.95261328  
