0.99780231  -0.00057042321  -0.00080678273  0.0050049372  -0.0020972279  0.00049646063  -0.00040784456  -0.0033170919  0.00099785915  -0.00063459533  
0.00054238407  0.99651506  0.034080938  -0.0039850135  -0.033484768  -0.0011448777  0.00013375120  -0.0035031159  -0.00011921099  1.3674032e-05  
0.00048380573  -0.033633985  0.99458384  0.061675108  0.0011290596  -0.033418481  -0.0020724648  0.00011651696  -0.0034940470  -0.00021700425  
-0.0050311508  0.0057788555  -0.061485570  0.99509251  -0.00018340171  0.0020634652  -0.033434432  -3.5565691e-06  0.00021102234  -0.0034932599  
0.0020894389  0.033535027  0.0011453189  -0.00012381391  0.99615668  0.034070332  -0.0039871975  -0.032499314  -0.0011091770  0.00012871556  
-0.00084602212  -0.0011313999  0.033471906  0.0020712294  -0.033619925  0.99423019  0.061651077  0.0010995091  -0.032430275  -0.0020103604  
0.00051005509  0.00019408490  -0.0020697433  0.033491759  0.0057728173  -0.061467397  0.99476359  -0.00019004975  0.0020054438  -0.032447135  
0.0033688752  0.0046827193  0.00015753910  -1.7606362e-06  0.032432843  0.0011112464  -0.00013132363  0.99654971  0.034086324  -0.0039900126  
-0.0011434020  -0.00015746309  0.0046764876  0.00028427280  -0.0010924896  0.032376612  0.0020081627  -0.033631469  0.99462867  0.061676160  
0.00067133346  2.6754864e-05  -0.00028961177  0.0046815642  0.00018655586  -0.0020013374  0.032394259  0.0057739230  -0.061491653  0.99516277  
