0.99854869  -9.4715799e-05  0.0069202382  -0.0084356787  -0.0084161299  -0.0017605826  -0.0035259868  -0.0079457997  -0.0036300353  0.0015311218  
0.00012083186  0.99741045  0.033707274  -0.0069911419  0.036002219  0.0012164563  -0.00025278958  0.0051293752  0.00017289295  -3.5751635e-05  
-0.0035054774  -0.029164825  0.93703036  0.34201457  -0.0010232833  0.033830870  0.012356941  -0.00012228716  0.0048326626  0.0017537579  
0.010341908  0.017959814  -0.34136077  0.93733902  0.00056100413  -0.012342933  0.033801481  1.0259367e-05  -0.0017938124  0.0048376717  
0.0062939086  -0.033828382  -0.0010993758  0.00018374071  0.96891256  0.032733964  -0.0068129390  -0.23715620  -0.0080355708  0.0016712708  
0.0020723257  0.00098894232  -0.031766429  -0.011616032  -0.028350773  0.91032749  0.33222471  0.0069168942  -0.22276584  -0.081294166  
0.0030668463  -0.00060947397  0.011601571  -0.031819762  0.017422372  -0.33170111  0.91068155  -0.0042944146  0.081154737  -0.22284208  
0.0098849727  -0.013727420  -0.00039511343  1.2471356e-05  0.23690234  0.0079912003  -0.0016958022  0.96946136  0.032728635  -0.0067796290  
0.0032210047  0.00040103866  -0.012873200  -0.0047339158  -0.0069570536  0.22263936  0.081244464  -0.028375967  0.91085870  0.33243378  
-0.0019525137  -0.00024697834  0.0046852677  -0.012884412  0.0042839405  -0.081121325  0.22274038  0.017474437  -0.33188507  0.91122918  
