0.99858160  0.00064290973  0.010950710  0.0030846948  -0.011294825  0.00064027876  0.0026215188  0.00083919548  0.0018232452  -0.00012391990  
-0.00064143482  0.99864734  0.0061555752  -0.0048496869  0.0074270816  4.5376127e-05  -3.7701760e-05  0.0048090849  2.8508814e-05  -2.3267612e-05  
-0.011224260  -0.0059794946  0.99791687  0.033457759  8.2582929e-05  0.0074081137  0.00021937812  -3.8195987e-05  0.0047862031  0.00016269701  
-0.0027309638  0.0049693540  -0.033538262  0.99798407  6.7824307e-05  -0.00025071359  0.0074077885  2.1646488e-05  -0.00016636690  0.0048068071  
0.011262186  -0.0073289119  7.8232985e-05  7.0401463e-05  0.99834325  0.0061687375  -0.0048172797  -0.020073704  -0.00010336942  9.6091522e-05  
-0.00062647301  4.3469520e-05  -0.0073385679  -0.00024797385  -0.0059641230  0.99786254  0.033484847  0.00011957800  -0.020072089  -0.00067346719  
-0.0026328415  -3.8213353e-05  0.00021728287  -0.0073394822  0.0050000102  -0.033504059  0.99780858  -0.00010218348  0.00066905720  -0.020069664  
-0.00064756451  -0.0050489595  -3.8255688e-05  2.2506611e-05  0.020052567  0.00012328306  -9.9005023e-05  0.99845839  0.0061602619  -0.0048467085  
-0.0016457276  2.9132520e-05  -0.0050635175  -0.00017440070  -0.00010126306  0.020031987  0.00066795254  -0.0059725220  0.99784825  0.033486303  
0.00026969598  -2.4957218e-05  0.00017235477  -0.0050443969  9.6731582e-05  -0.00067241884  0.020032798  0.0049703990  -0.033501486  0.99780377  
