0.99853253  -0.0011425796  0.0060866539  0.0030614630  -0.0053872959  -0.00056319365  0.00057392262  0.0021067072  0.0011722373  -0.00016218289  
0.0011528529  0.99841660  -0.010366140  -0.0032289248  -0.011649832  0.00012031494  3.8388021e-05  7.5697035e-05  5.9456190e-07  -4.5341020e-07  
-0.0063181812  0.010399048  0.99665596  0.057240650  -8.7278249e-05  -0.011619903  -0.00067150054  -1.2458751e-05  6.5797940e-05  5.3712629e-06  
-0.0028111929  0.0029053551  -0.056946048  0.99649235  -1.8653024e-05  0.00066549799  -0.011622877  -5.7100080e-06  -7.4594296e-06  7.3634608e-05  
0.0053809365  0.011721714  -8.9191648e-05  -2.1657912e-05  0.99828141  -0.010375145  -0.0032289413  -0.019293547  0.00020680724  6.1505005e-05  
0.00059283586  0.00012138463  0.011711207  0.00067443129  0.010387556  0.99658654  0.057253998  -0.00019966465  -0.019270772  -0.0011072530  
-0.00062680584  3.4792167e-05  -0.00067249129  0.011703368  0.0029051971  -0.056922373  0.99639314  -5.7418570e-05  0.0011000192  -0.019267619  
-0.0018678124  0.00023920369  -1.3835333e-05  -6.4480910e-06  0.019434557  -0.00020076021  -6.3995965e-05  0.99842914  -0.010375566  -0.0032321721  
-0.0011723511  3.8257677e-06  0.00022936896  9.9433604e-06  0.00020864354  0.019391650  0.0011132938  0.010389563  0.99670805  0.057260905  
-6.0447030e-06  7.0558257e-07  -1.3606064e-05  0.00023659365  5.6539644e-05  -0.0011075591  0.019387201  0.0029021786  -0.056929742  0.99651605  
