0.99839316  -0.00073047747  0.016154215  0.0081369181  0.017085261  0.0023051244  -0.0043673531  -0.0021366076  -0.0041017872  -0.0023547221  
0.00075940427  0.99853757  0.0021717324  0.0071992754  -0.0042136557  -7.3872447e-06  -3.3769101e-05  0.0069427261  1.1897971e-05  4.8233384e-05  
-0.016380101  -0.0023808784  0.99724417  0.046646217  -0.00027018010  -0.0042601149  -0.00012635819  1.8412966e-05  0.0070044915  0.00036396303  
-0.0073549059  -0.0071007752  -0.046653438  0.99717495  -9.5783511e-05  0.00017999151  -0.0041889617  -3.3680054e-05  -0.00029340775  0.0069526346  
-0.017073117  0.0046353273  -0.00026624930  -0.00010584500  0.99694960  0.0021172225  0.0072584322  -0.053094603  -4.4758748e-05  -0.00034246924  
-0.0023432433  -9.3635655e-06  0.0045801580  0.00019747407  -0.0024298558  0.99620877  0.046729234  0.00013233631  -0.053066766  -0.0024835718  
0.0044466639  -3.6152103e-05  -0.00014348801  0.0046530426  -0.0070208362  -0.046463755  0.99592078  0.00036859488  0.0024577786  -0.053072284  
0.0012211140  -0.0067925648  5.0701737e-06  -3.8972503e-05  0.053155195  0.00011772793  0.00037741752  0.99714856  0.0021514288  0.0071802152  
0.0041292848  1.3254127e-05  -0.0067178603  -0.00028452386  -5.6665780e-05  0.053089082  0.0024711833  -0.0023983761  0.99610671  0.046705000  
0.0023806295  4.6591542e-05  0.00035502838  -0.0067634051  -0.00033739429  -0.0024706980  0.053054538  -0.0071013808  -0.046479580  0.99584414  
