0.99920454  0.0012219716  0.0013049931  -0.0011866482  0.0018940133  -0.00051575643  0.0027649646  -0.00014022313  0.0021447210  0.00035332422  
-0.0012560992  0.99903717  0.0078463463  -0.010605718  -0.0054018151  -4.1760228e-05  5.3780640e-05  -0.0095842661  -7.8043329e-05  0.00010130626  
-0.0013856187  -0.0091945948  0.99046039  -0.13119143  4.7031104e-05  -0.0053523415  0.00070511962  8.8380780e-05  -0.0095052036  0.0012581169  
0.0010449529  0.0093857490  0.13140310  0.99024368  -4.8714004e-05  -0.00071072435  -0.0053489230  -9.0172846e-05  -0.0012583187  -0.0094996892  
-0.0019059426  0.0057824674  4.2948602e-05  -5.9127183e-05  0.99804812  0.0078412308  -0.010602134  0.045071429  0.00034988050  -0.00047923219  
0.00079557067  -5.2235639e-05  0.0057362106  -0.00076062956  -0.0091822596  0.98948330  -0.13106122  -0.00041484133  0.044686017  -0.0059184235  
-0.0028170701  5.0941449e-05  0.00075725598  0.0057372143  0.0093699203  0.13127335  0.98925888  0.00042374776  0.0059220801  0.044673444  
0.00022722067  0.0094230414  7.4288291e-05  -0.00010029136  -0.045071021  -0.00035416661  0.00047912011  0.99810606  0.0078411108  -0.010597252  
-0.0020771652  -8.9252884e-05  0.0093391916  -0.0012349071  0.00041079032  -0.044683404  0.0059129053  -0.0091840212  0.98953305  -0.13107139  
-0.00049409228  8.7898536e-05  0.0012387096  0.0093404483  -0.00042432893  -0.0059278995  -0.044676090  0.0093757606  0.13127797  0.98932035  
