0.99884793  -0.00010685886  -0.0056050371  0.00092011134  -0.0054626796  -0.0043887916  -0.0061184022  0.0017778785  -0.0051075744  0.0029519161  
0.00010460200  0.99871970  0.0068701659  0.010645217  -0.0021667337  -1.5439346e-05  -2.3836317e-05  0.011944070  8.1543154e-05  0.00012766216  
0.0056408511  -0.0071925811  0.99814745  0.037811813  -1.5431538e-05  -0.0021899818  -0.00011693170  -7.5786654e-05  0.011908162  0.00046876023  
-0.0011689998  -0.010152832  -0.037931280  0.99796555  2.8432222e-05  8.7465074e-05  -0.0021572168  -0.00012353362  -0.00044766553  0.011931410  
0.0056659385  0.0028813533  -1.2013413e-05  3.6036790e-05  0.99700034  0.0068343499  0.010592443  -0.057922438  -0.00042755579  -0.00060099131  
0.0042999344  -2.1334505e-05  0.0028563141  0.00011315046  -0.0072030913  0.99647292  0.037716144  0.00042489551  -0.057923325  -0.0021804738  
0.0060546037  -3.0119852e-05  -0.00014374443  0.0028856633  -0.010168951  -0.037900548  0.99624204  0.00059985533  0.0021694549  -0.057871147  
-0.0014366754  -0.011946790  -7.4221987e-05  -0.00012867079  0.058014003  0.00040529280  0.00062694944  0.99708341  0.0068668727  0.010623559  
0.0052051456  8.5326720e-05  -0.011969915  -0.00044734301  -0.00044612655  0.057951948  0.0021638256  -0.0071706849  0.99651989  0.037759837  
-0.0027603655  0.00012182402  0.00046934669  -0.011940564  -0.00057468348  -0.0021913266  0.057979456  -0.010141326  -0.037861715  0.99632608  
