0.99869167  -0.0012269902  0.011668151  -0.0025381815  -0.011877438  -0.0017100869  -0.0040575587  -0.0017806335  -0.0034136253  0.00053627662  
0.0012609916  0.99859561  0.0071467887  -0.012933120  0.010824917  7.5239560e-05  -0.00014551529  0.0080660779  5.3267421e-05  -0.00010381905  
-0.011602066  -0.0071503353  0.99871626  -0.0010403546  5.9562991e-05  0.010862601  3.5334120e-05  -3.7473063e-05  0.0081100223  -1.4560732e-05  
0.0026740119  0.012893579  0.0011159618  0.99862653  0.00010863373  7.2490445e-06  0.010829676  9.9539828e-05  -2.8719134e-07  0.0080699640  
0.011974023  -0.011751389  5.6216014e-05  0.00012148455  0.99064640  0.0070556280  -0.012877355  0.12375571  0.00084298345  -0.0015965456  
0.0021292284  8.1591073e-05  -0.011714778  7.1566465e-06  -0.0071337862  0.99103729  -0.0010700815  -0.00089180572  0.12380108  -0.00013151626  
0.0040632159  -0.00015661081  3.5134101e-05  -0.011747521  0.012747383  0.0010695510  0.99080769  0.0015913475  0.00012046480  0.12378340  
0.00023813368  -0.0067353386  -4.5313174e-05  8.6598811e-05  -0.12384195  -0.00088485990  0.0016025075  0.99085538  0.0070758139  -0.012829525  
0.0033128161  4.4236816e-05  -0.0066978922  -1.2452629e-06  0.00084905538  -0.12387637  0.00011918726  -0.0071148783  0.99109687  -0.0010598217  
-0.00097444004  -8.5814354e-05  -1.8438141e-05  -0.0067328681  -0.0015880910  -0.00013293126  -0.12383974  0.012798525  0.0010798990  0.99089111  
