0.99865355  6.2455430e-05  0.0058799389  0.0046029918  -0.0051559650  -0.00056473993  0.0059363719  0.0044119677  0.0050108646  -0.00085042638  
-2.0262434e-05  0.99772838  -0.032919076  0.0015484490  -0.028587539  0.00094322384  -4.4440951e-05  -0.0025385232  8.3694444e-05  -3.9291848e-06  
-0.0059421966  0.032768810  0.99743692  0.023882789  -0.00090820188  -0.028577117  -0.00072078884  -0.00010971218  -0.0025676565  -5.5706384e-05  
-0.0042346260  -0.0022716136  -0.023573729  0.99770680  8.7017772e-05  0.00067697357  -0.028613032  -1.3028325e-05  3.8608125e-05  -0.0025348045  
0.0052040854  0.028628555  -0.00091380611  6.8506514e-05  0.99761826  -0.032918997  0.0015794912  -0.013936181  0.00048658140  -2.6135838e-05  
0.00044758453  0.00094029855  0.028623195  0.00068800819  0.032764473  0.99738866  0.023910915  -0.00045662183  -0.013953461  -0.00033488977  
-0.0059879488  -6.5733009e-05  -0.00071115865  0.028600237  -0.0022401151  -0.023543418  0.99760728  5.2837845e-06  0.00029945359  -0.013953960  
-0.0042669750  0.0030212432  -0.00012499403  -1.5118675e-05  0.014042193  -0.00046032496  -3.8418096e-06  0.99814955  -0.032954928  0.0015528657  
-0.0052038383  9.8756270e-05  0.0029902544  4.8441869e-05  0.00048715311  0.014019281  0.00030500832  0.032760960  0.99788623  0.023925402  
0.00083920573  -6.8036077e-06  -6.6629689e-05  0.0030253099  -3.6000110e-05  -0.00033132430  0.014024868  -0.0022687139  -0.023554966  0.99816589  
