0.99909058  0.0031752939  0.0031589217  -0.0062340388  0.0061224993  -0.0023469624  -0.0010848226  0.0016616208  -0.00064696623  0.0025288358  
-0.0031640556  0.99911892  0.0062417263  0.0015866840  -0.0025208326  -8.2368304e-06  -5.0512089e-07  0.0037693914  2.5602361e-05  -2.0804916e-06  
-0.0014871948  -0.0064129271  0.96752026  0.24937978  7.0123247e-06  -0.0024188017  -0.00062272492  -2.6667961e-05  0.0036562105  0.00093840619  
0.0067728335  1.8197106e-06  -0.24935440  0.96753527  4.1386064e-05  0.00060857943  -0.0024296292  1.1175850e-05  -0.00094634779  0.0036724745  
-0.0063528952  0.0015426673  -1.0213596e-05  4.2046006e-05  0.97153748  0.0060941654  0.0015305847  0.23275374  0.0014604184  0.00034900118  
0.0024796974  -2.1854311e-06  0.0015211931  0.00037471335  -0.0062163892  0.94083817  0.24249120  -0.0014887912  0.22540010  0.058101422  
-0.00012560770  -4.2213935e-07  -0.00039046951  0.0015142857  -1.9788644e-05  -0.24249838  0.94089494  -4.7654829e-06  -0.058096272  0.22541352  
-0.00014315556  -0.0042129659  -2.6845764e-05  -5.6404084e-06  -0.23284777  -0.0014565936  -0.00036500805  0.97153615  0.0060791414  0.0015232758  
-0.00060414483  2.5113623e-05  -0.0040811096  -0.0010476506  0.0014897619  -0.22548008  -0.058115130  -0.0062322808  0.94080546  0.24248233  
-0.0027643504  -8.7086937e-06  0.0010427048  -0.0040622184  -1.2426878e-05  0.058123398  -0.22549069  -2.3654618e-05  -0.24248692  0.94084897  
