0.99749031  -0.00061105841  -0.022034634  -0.00021652602  0.021574513  -0.00050716793  0.0035488097  -0.0027521053  0.0044765142  0.00055713987  
0.00062564247  0.99785919  -0.0073551907  0.0050897379  -0.0093686783  6.8707920e-05  -4.5630827e-05  -0.0053840805  4.2406358e-05  -2.7104821e-05  
0.021945860  0.0067156184  0.99116129  0.11077911  0.00041139360  -0.0093349471  -0.00096354947  -9.6845163e-05  -0.0052503513  -0.00058529941  
-0.0021818252  -0.0057626328  -0.11077536  0.99151776  7.0045226e-06  0.0010431095  -0.0093303402  3.7109992e-05  0.00058797957  -0.0053493633  
-0.021842593  0.0088200795  0.00041771257  4.9662525e-05  0.99124320  -0.0072850628  0.0049808246  -0.11123208  0.00072076616  -0.00057987905  
0.00077386036  5.8913878e-05  0.0087347665  0.00097756498  0.0067043684  0.98554000  0.11010452  -0.00075263461  -0.11059587  -0.012355411  
-0.0033130332  -4.8840877e-05  -0.00090489802  0.0087514436  -0.0058001368  -0.11013951  0.98540061  0.00065200241  0.012345401  -0.11058683  
0.00033584660  0.0063038630  -5.3798652e-05  3.2082839e-05  0.11107780  -0.00081732974  0.00056774250  0.99148220  -0.0072929508  0.0050575364  
-0.0045370768  4.5290859e-05  0.0063650388  0.00070087207  0.00065087223  0.11038122  0.012315076  0.0066985808  0.98528898  0.11007342  
-0.00045487090  -3.6135750e-05  -0.00069008976  0.0062640996  -0.00065141872  -0.012335403  0.11036296  -0.0057258819  -0.11011742  0.98518112  
