0.99886106  0.00079479085  -0.00073502605  0.0020216719  -0.0010088088  5.9715450e-06  0.00073469266  -0.0033848255  0.0013737646  0.00063639918  
-0.00093706370  0.99850812  0.014784992  0.0047280451  -0.021187467  -0.00031372933  -0.00010105887  0.00053848391  6.6372088e-06  1.9387326e-06  
0.00071301860  -0.014818570  0.99844657  0.0040517478  0.00031374279  -0.021187099  -8.5423244e-05  -1.0360852e-05  0.00053625602  2.6256822e-06  
-0.0020346118  -0.0046700525  -0.0040425320  0.99857624  0.00010111930  8.5802362e-05  -0.021191427  4.3918742e-06  -4.9663007e-06  0.00053405052  
0.0011760762  0.021144616  0.00031219596  0.00010253808  0.99752489  0.014769758  0.0047261513  0.046162830  0.00068518096  0.00021944176  
-7.2588238e-05  -0.00031385677  0.021142426  8.5619319e-05  -0.014804478  0.99746437  0.0040462648  -0.00068492807  0.046163860  0.00018722266  
-0.00093270908  -9.9597428e-05  -8.4947006e-05  0.021143307  -0.0046628967  -0.0040400545  0.99759682  -0.00021268792  -0.00018826155  0.046169527  
0.0032775348  -0.0014602105  -2.4070867e-05  -2.9572298e-07  -0.046061749  -0.00068193920  -0.00021576834  0.99768898  0.014776835  0.0047281987  
-0.0013481698  2.0637344e-05  -0.0014617358  -8.6623731e-06  0.00068492719  -0.046055597  -0.00018782092  -0.014802565  0.99763651  0.0040461650  
-0.00066910667  6.3068626e-06  6.4168863e-06  -0.0014642774  0.00021601764  0.00018653583  -0.046062229  -0.0046623848  -0.0040416739  0.99777110  
