0.99908052  0.00045386061  -0.00082122184  -0.0036026091  0.0020945369  -0.0014890225  0.0012982798  -0.0043234535  0.0018770093  0.0013125144  
-0.00044423937  0.99886443  0.011836279  0.010506191  0.013614438  0.00016204375  0.00014257382  -0.0021256400  -2.6098063e-05  -2.2993255e-05  
0.00058033231  -0.011063076  0.99648467  -0.068803488  -0.00014946777  0.013582066  -0.00093701084  2.0853193e-05  -0.0021214351  0.00014737414  
0.0035908422  -0.011276265  0.068671780  0.99645751  -0.00014609458  0.00093070646  0.013587459  8.5217810e-06  -0.00013955102  -0.0021178904  
-0.0020919878  -0.013594638  -0.00015935840  -0.00013527370  0.99884969  0.011838965  0.010501620  0.012505586  0.00014408802  0.00012864006  
0.0015657585  0.00015123099  -0.013562589  0.00093072905  -0.011059940  0.99647245  -0.068798494  -0.00014509604  0.012469544  -0.00085872149  
-0.0011816157  0.00015298047  -0.00093366692  -0.013556938  -0.011280166  0.068675711  0.99645859  -0.00013607553  0.00085698304  0.012464937  
0.0043396307  0.0022360615  2.2932977e-05  7.6634490e-06  -0.012470252  -0.00015445315  -0.00012556803  0.99892889  0.011845096  0.010511081  
-0.0018218588  -2.5530738e-05  0.0022303190  -0.00014731102  0.00013435446  -0.012447102  0.00085722839  -0.011056412  0.99656473  -0.068809324  
-0.0014948721  -2.5868779e-05  0.00015481044  0.0022342062  0.00013773205  -0.00085576428  -0.012451583  -0.011272314  0.068677603  0.99655151  
