0.99710838  0.00064293707  -0.0021968332  0.00087547242  0.0017560666  0.0019832453  0.010579097  -1.6401476e-05  0.0094937376  -0.0013316573  
-0.00057536036  0.99702474  -0.0019884578  -0.00031446064  -0.0022833360  3.4725062e-06  -5.0435696e-06  0.0034488263  -1.2053832e-05  -3.6245623e-07  
0.0021863524  0.0024731520  0.99424255  0.075791338  -1.8306214e-06  -0.0022716613  -0.00015022947  8.5437209e-06  0.0034600961  0.00025924037  
-0.00097641721  0.00085023376  -0.076284750  0.99398712  -3.6972698e-06  0.00017263977  -0.0022860703  2.9460678e-06  -0.00027342856  0.0034396558  
-0.0016171728  0.0022819232  -9.2548647e-07  -2.1965983e-06  0.99430784  -0.0019874904  -0.00033035101  -0.073033827  0.00013027741  2.5164876e-05  
-0.0020418871  4.3829538e-06  0.0022810938  0.00017170773  0.0024615172  0.99153659  0.075561632  -0.00018105497  -0.072849546  -0.0055490167  
-0.010574128  -4.7459860e-06  -0.00015107086  0.0022663888  0.00083010993  -0.076100344  0.99116980  -6.2295919e-05  0.0054875630  -0.072797278  
-0.00011365535  -0.0026916511  5.6205462e-06  7.4605792e-07  0.072745221  -0.00014539335  -2.4090236e-05  0.99460075  -0.0019858941  -0.00031305529  
-0.0095855474  -1.2723379e-05  -0.0026627454  -0.00021328648  0.00016367879  0.072523732  0.0054284686  0.0024657811  0.99173895  0.075617785  
0.0011968979  -1.5224999e-06  0.00020321221  -0.0026822689  6.4216428e-05  -0.0055636516  0.072536801  0.00084879558  -0.076089849  0.99156945  
