0.99884974  -7.2584786e-05  -0.0043651987  0.0011476440  -0.0041719839  3.8802354e-05  0.0058690657  -0.0024700329  0.0048825687  -0.0015603370  
0.00010003958  0.99860281  -0.010694403  0.012265546  0.013170263  -0.00014104164  0.00016239762  0.0047870326  -5.0744127e-05  5.8628835e-05  
0.0043700294  0.010928120  0.99828178  -0.025544201  0.00012605534  0.013166820  -0.00031144043  4.1606951e-05  0.0048071191  -0.00012944433  
-0.0011384931  -0.011942341  0.025539167  0.99816301  -0.00015284353  0.00033675000  0.013158334  -5.4468798e-05  0.00011692169  0.0047869925  
0.0040563668  -0.013102282  0.00012282073  -0.00015627224  0.99850018  -0.010692927  0.012287959  -0.018577717  0.00021849441  -0.00023449261  
0.00014629599  -0.00014340045  -0.013098573  0.00033538686  0.010926987  0.99821479  -0.025546147  -0.00020357877  -0.018561393  0.00047481259  
-0.0058946667  0.00015728454  -0.00030919597  -0.013102994  -0.011916754  0.025531953  0.99804358  0.00023677113  -0.00050379977  -0.018550099  
0.0025538753  -0.0051084435  4.3458691e-05  -5.9749981e-05  0.018475264  -0.00019790707  0.00024222900  0.99869157  -0.010682317  0.012262454  
-0.0049757180  -5.5402478e-05  -0.0050849844  0.00012493133  0.00022299987  0.018480304  -0.00050218114  0.010941940  0.99837149  -0.025543704  
0.0013282537  6.0955950e-05  -0.00013637368  -0.0051044080  -0.00022657894  0.00047271674  0.018485660  -0.011946874  0.025543188  0.99825731  
