0.99856399  -0.00097018611  0.0018934971  -0.00085249475  -0.00093555133  -0.00070509499  0.0025238677  -0.0024596271  0.0014113967  0.00039252900  
0.00095143433  0.99843632  -0.0077172074  -0.0063466964  -0.0078891626  6.0313144e-05  5.2541154e-05  0.0083499035  -6.3227219e-05  -5.2711349e-05  
-0.0018656824  0.0075226752  0.99806376  -0.015832061  -5.7671510e-05  -0.0078840310  0.00012038014  6.7509904e-05  0.0083465153  -0.00013318697  
0.00095263397  0.0064233161  0.015793260  0.99804503  -5.1647999e-05  -0.00012543490  -0.0078827711  5.1394343e-05  0.00013344704  0.0083493473  
0.0010010882  0.0077916878  -5.8347502e-05  -5.0383372e-05  0.99846065  -0.0077199066  -0.0063435087  0.018316967  -0.00014021428  -0.00011604144  
0.00078140692  5.7940060e-05  0.0077912548  -0.00012424652  0.0075203138  0.99809109  -0.015832065  0.00013606885  0.018313750  -0.00029021040  
-0.0024918160  5.2561293e-05  0.00011852501  0.0077917330  0.0064267329  0.015793598  0.99806389  0.00012401042  0.00028622127  0.018311272  
0.0023704401  -0.0085501908  7.0579394e-05  5.2305115e-05  -0.018257772  0.00013946158  0.00012202022  0.99849391  -0.0077161443  -0.0063453497  
-0.0014248386  -6.3003765e-05  -0.0085474224  0.00013677255  -0.00013617747  -0.018247781  0.00028590324  0.0075248430  0.99812777  -0.015835205  
-0.00033595759  -5.4673238e-05  -0.00013583190  -0.0085442501  -0.00011714688  -0.00028849569  -0.018249244  0.0064254714  0.015791967  0.99810820  
