0.99827429  0.00090995736  0.0093111330  -0.0015231586  0.0067226184  -0.00044024258  0.0040973369  0.0026991518  0.0037141083  3.3810474e-05  
-0.00074766532  0.99772439  -0.026786324  0.0021722538  0.019255111  -0.00051663667  3.8959705e-05  0.0038970983  -0.00010734738  8.4499590e-06  
-0.0079104795  0.023576390  0.90463461  0.42077130  0.00040153780  0.017467872  0.0080896853  7.0586731e-05  0.0035058041  0.0016439183  
0.0053475223  -0.013383678  -0.42041841  0.90498983  -0.00022206325  -0.0081190329  0.017492070  -3.7705646e-05  -0.0016230178  0.0035369405  
-0.0065508198  -0.018794984  0.00044328210  -3.0825728e-05  0.99632164  -0.026740261  0.0021414275  -0.054907285  0.0014488556  -0.00011975964  
-0.0011566818  -0.00044518891  -0.017047906  -0.0079218637  0.023543970  0.90347686  0.42018111  -0.0013005528  -0.049776588  -0.023148000  
-0.0037898295  0.00024858674  0.0078826254  -0.017036826  -0.013396135  -0.41989426  0.90374956  0.00072626454  0.023117761  -0.049788411  
-0.0029182168  -0.0048485236  0.00010266890  -6.0282923e-06  0.054965344  -0.0014745592  0.00010764053  0.99639100  -0.026754959  0.0021681169  
-0.0034812723  -0.00011775742  -0.0044262280  -0.0020382498  0.0012764463  0.049860475  0.023174125  0.023543118  0.90349360  0.42019963  
0.0015445996  6.6443024e-05  0.0020563359  -0.0043977687  -0.00072760658  -0.023172911  0.049881131  -0.013366791  -0.41990424  0.90379535  
