0.99690342  -0.0011469216  -0.020966337  -0.0046758490  -0.020915481  0.0014155320  -0.0015593265  -3.9176555e-05  -0.0015302938  -0.00079711157  
0.00088323779  0.99615859  -0.034200699  -0.013215483  0.030456758  -0.0010444961  -0.00040555444  -0.010321950  0.00035287653  0.00013615886  
0.020987736  0.033921134  0.99476808  -0.032628028  0.00059860611  0.030475405  -0.0010280328  -0.00035204859  -0.010343188  0.00031962737  
0.0053324339  0.014281966  0.032030142  0.99586892  0.00032552116  0.00099072376  0.030458805  -0.00014812962  -0.00034093646  -0.010323606  
0.020734703  -0.030394582  0.00060746085  0.00030559256  0.99620038  -0.034169607  -0.013250086  -0.0044872086  0.00012325060  4.2292310e-05  
-0.0015446146  -0.0010331424  -0.030309134  0.00099918317  0.033994037  0.99568078  -0.032542618  -0.00015286920  -0.0044802634  0.00014783185  
0.0016576223  -0.00043746719  -0.0010144705  -0.030370892  0.014260285  0.032159458  0.99636626  -6.4380922e-05  -0.00014721139  -0.0044870607  
-2.0014723e-05  0.010395416  -0.00035596988  -0.00013770154  0.0048928258  -0.00016791581  -6.4825272e-05  0.99647914  -0.034193082  -0.013215548  
0.0016783460  0.00035229705  0.010349435  -0.00034751339  0.00013072281  0.0048898110  -0.00016243890  0.033955605  0.99552508  -0.032541439  
0.00089492313  0.00014805414  0.00031587929  0.010388236  5.0651147e-05  0.00015914434  0.0048893270  0.014292525  0.032150769  0.99621259  
