0.99900605  0.00021948520  0.0079050133  -0.0072774319  0.0088183241  -0.0011047401  0.0051962443  0.0070019806  0.0037955938  0.00056038724  
-0.00024384443  0.99752055  -0.040116338  0.0022287123  0.039629831  -0.0015934989  8.7255858e-05  0.0019272652  -7.8476909e-05  4.1734824e-06  
-0.0073684974  0.039986015  0.99508823  0.067357185  0.0015234894  0.039545888  0.0026359474  2.5728504e-05  0.0018961209  0.00012601210  
0.0076071551  -0.0048469796  -0.067239613  0.99582987  -0.00012526196  -0.0026824065  0.039606256  4.3913346e-05  -0.00010100142  0.0019300311  
-0.0086465527  -0.039553816  0.0015220700  -2.5369300e-05  0.99682290  -0.040079771  0.0021809847  -0.036219732  0.0014210331  -8.5573520e-05  
0.00087823002  -0.0015853424  -0.039451155  -0.0026747925  0.039970168  0.99452595  0.067265986  -0.0014435656  -0.036069926  -0.0024392159  
-0.0055672283  0.00019109083  0.0026245085  -0.039446782  -0.0048946419  -0.067251791  0.99523647  0.00013692354  0.0024183296  -0.036103066  
-0.0071829085  -0.0032710183  7.4764204e-05  4.4821463e-05  0.036032633  -0.0014435295  4.3633035e-05  0.99768490  -0.040150481  0.0022234513  
-0.0040214863  -0.00013189193  -0.0032931726  -0.00019171748  0.0014118753  0.036014535  0.0024149499  0.039968382  0.99534536  0.067315756  
-0.00042231626  1.5803705e-05  0.00021723261  -0.0032610850  -0.00017919405  -0.0024348200  0.036034623  -0.0048525706  -0.067316019  0.99609913  
