0.99825423  -0.00061158041  -0.0057465123  0.0051187153  0.0069560147  0.00010750619  -0.0017107709  0.0053666634  -0.0014845580  0.0011180352  
0.00066132597  0.99790052  -0.0086963656  0.017577262  -0.017093740  0.00014899515  -0.00030224758  -0.011395977  9.8320796e-05  -0.00020002405  
0.0054976514  0.0077138539  0.99689074  0.044352122  -9.3925725e-05  -0.017081148  -0.00076883303  -5.8766454e-05  -0.011396453  -0.00050027894  
-0.0054113631  -0.018002861  -0.043986717  0.99666921  0.00027111599  0.00075377453  -0.017068577  0.00017699053  0.00051075232  -0.011391682  
-0.0068085969  0.016851914  -0.00010758497  0.00026168546  0.99765517  -0.0086913821  0.017581987  -0.027062626  0.00024547549  -0.00048346303  
0.00010077071  0.00013025008  0.016830797  0.00074867064  0.0077161810  0.99672427  0.044314968  -0.00020864983  -0.026999768  -0.0012003521  
0.0015980546  -0.00030496597  -0.00075213473  0.016835401  -0.017991709  -0.044008690  0.99649611  0.00049601774  0.0011898235  -0.026991840  
-0.0055481758  0.011719001  -7.0024651e-05  0.00017769170  0.026895082  -0.00023507232  0.00048383246  0.99774913  -0.0086832693  0.017565565  
0.0015429447  8.9654172e-05  0.011695251  0.00052825522  0.00021898867  0.026907636  0.0011937100  0.0077245122  0.99679818  0.044320160  
-0.0011961747  -0.00021063468  -0.00050969007  0.011695090  -0.00049458966  -0.0011881609  0.026903525  -0.018010569  -0.044010362  0.99657358  
