0.99797495  0.00053164980  0.010013987  0.0083847743  0.011007547  -0.0016219291  0.0094642759  -0.0085229666  0.0096211989  0.00082138455  
-0.00044616476  0.99804482  0.0055402128  0.0042869636  -0.0051415523  -2.7811698e-05  -2.6314172e-05  0.0071117751  3.5187307e-05  3.0190754e-05  
-0.011164561  -0.0062852410  0.98370685  0.16620251  -9.0826206e-05  -0.0050452685  -0.00096175490  5.0627842e-05  0.0068990131  0.0011751547  
-0.0064722700  -0.0031621203  -0.16654278  0.98391209  -5.5131664e-05  0.00086732909  -0.0051255526  3.2779165e-05  -0.0012480338  0.0070023716  
-0.011621209  0.0056071352  -8.5425665e-05  -7.3506594e-05  0.99641464  0.0055552310  0.0041740444  -0.058612363  -0.00043821217  -0.00026197292  
0.00061776447  -3.4987663e-05  0.0055395124  0.00094049424  -0.0062630280  0.98233705  0.16605187  0.00036411370  -0.057868778  -0.0097821406  
-0.0096896860  -2.2927361e-05  -0.0010335541  0.0054527330  -0.0032607941  -0.16621150  0.98239353  0.00026856645  0.0096999116  -0.057891391  
0.0078565419  -0.0066833766  4.1681866e-05  3.7258392e-05  0.058558030  0.00031207206  0.00032588262  0.99632987  0.0056112764  0.0042900932  
-0.0095192409  3.7004247e-05  -0.0066877562  -0.0011942739  -0.00047287420  0.057653390  0.0096523445  -0.0061876274  0.98210250  0.16601387  
0.00037990241  2.1367579e-05  0.0011193236  -0.0065900343  -0.00018086340  -0.0097538718  0.057650169  -0.0031567009  -0.16619926  0.98234194  
