0.99878945  -0.0017392858  -0.0071167581  0.0041274927  -0.0061067315  0.00098874430  -0.0033319379  -0.0041216446  -0.0038401685  -0.0018657638  
0.0017132524  0.99855560  -0.014561942  0.0075196962  0.012197663  -0.00017625271  8.6232467e-05  0.010060168  -0.00015322000  7.2620343e-05  
0.0066393522  0.013616921  0.99222460  0.11220650  0.00012563639  0.012137645  0.0013494385  0.00010991602  0.0099781634  0.0011187131  
-0.0048500294  -0.0090205638  -0.11210967  0.99220829  -8.0438056e-05  -0.0013757195  0.012146817  -7.0944642e-05  -0.0011118760  0.010012301  
0.0060650969  -0.011827460  0.00012875501  -6.3712417e-05  0.99781880  -0.014533756  0.0074872535  -0.039449117  0.00055101607  -0.00030779428  
-0.00080326066  -0.00015986053  -0.011736674  -0.0013309041  0.013623921  0.99157346  0.11210274  -0.00053469154  -0.039172661  -0.0044274234  
0.0033626259  0.00010104156  0.0013032321  -0.011728136  -0.0090432521  -0.11206231  0.99151952  0.00034266225  0.0044146818  -0.039180235  
0.0043297232  -0.010536054  0.00012257071  -6.1321886e-05  0.039211777  -0.00056758637  0.00028091233  0.99794869  -0.014557840  0.0075002717  
0.0038993462  -0.00015045127  -0.010490054  -0.0011666706  0.00051157123  0.038995086  0.0043951921  0.013604328  0.99166884  0.11210527  
0.0016589619  9.2310880e-05  0.0011705439  -0.010454921  -0.00036503923  -0.0044051169  0.038984123  -0.0090305251  -0.11208432  0.99163710  
