0.99879223  -0.00083498003  0.00040242884  0.0011785138  -0.0011805634  -0.00015453705  -0.00075947623  0.0015409336  -0.0010539035  0.00082328029  
0.00069437243  0.99864744  -0.013138361  -0.00011668318  -0.0073955910  9.7182237e-05  3.5721780e-07  -0.0014212028  1.7955377e-05  7.1014682e-07  
-0.00047143860  0.013144273  0.99864733  0.012285956  -9.6743609e-05  -0.0073946942  -9.0613167e-05  -1.9461227e-05  -0.0014217010  -1.7885922e-05  
-0.0013732146  -8.9213980e-05  -0.012470188  0.99840746  2.3346981e-06  9.2551513e-05  -0.0073919595  -1.9899185e-06  1.9297974e-05  -0.0014230093  
0.0011811630  0.0073232130  -9.5860632e-05  4.9059201e-07  0.99832886  -0.013134654  -0.00011831355  -0.023232497  0.00030437538  3.6706780e-06  
0.00011159577  9.6323961e-05  0.0073242546  9.0211006e-05  0.013139569  0.99832977  0.012282540  -0.00030566867  -0.023234377  -0.00028578560  
0.00077000577  -1.3016669e-06  -9.1137390e-05  0.0073233253  -9.1268564e-05  -0.012465748  0.99809082  3.2399395e-06  0.00028928806  -0.023228137  
-0.0013785072  0.0014985397  -2.0286911e-05  -1.7650888e-06  0.023202057  -0.00030501871  -1.6893382e-06  0.99854372  -0.013135774  -0.00011855608  
0.0010131823  1.8860663e-05  0.0014977750  1.9556448e-05  0.00030417066  0.023200234  0.00028469497  0.013144017  0.99854425  0.012286045  
-0.00099464219  7.2781986e-07  -1.9124811e-05  0.0014958381  -8.9171390e-07  -0.00028953400  0.023195606  -9.1932084e-05  -0.012467206  0.99830609  
