0.99860332  0.0011994738  0.0026212962  -0.0073615967  -0.0044198451  0.0023828931  0.0078011176  -0.0084746993  0.0069311418  -0.0022446839  
-0.0010683910  0.99790656  -0.021579816  0.015277239  -0.024391278  0.00052494709  -0.00038163875  -0.012243277  0.00025750769  -0.00018507615  
-0.0032045490  0.022653685  0.99508998  -0.075535647  -0.00053972881  -0.024334970  0.0018221751  -0.00025099434  -0.012240091  0.00093492234  
0.0072334010  -0.013631583  0.075643799  0.99515173  0.00030145057  -0.0018315509  -0.024273423  0.00010608903  -0.00087831794  -0.012235418  
0.0050362636  0.025369918  -0.00053520386  0.00035097528  0.99343922  -0.021468854  0.015240671  0.094834542  -0.0020165043  0.0014404323  
-0.0024331680  0.00057296496  0.025286073  -0.0019025563  0.022567350  0.99065877  -0.075241613  0.0021748414  0.094593282  -0.0071784188  
-0.0076046717  -0.00035582974  0.0019021972  0.025351232  -0.013545836  0.075269707  0.99071136  -0.0012323276  0.0071373367  0.094637406  
0.0083028909  0.0098899984  -0.00019183359  8.9969956e-05  -0.095203652  0.0020775350  -0.0013913221  0.99373253  -0.021430626  0.015187889  
-0.0068083086  0.00021614853  0.0098343382  -0.00069790252  -0.0021306343  -0.094915222  0.0071526308  0.022622113  0.99095785  -0.075233157  
0.0023634770  -0.00013220987  0.00075494558  0.0098358425  0.0012903631  -0.0072064281  -0.094890684  -0.013604220  0.075330137  0.99110601  
