0.99862907  0.0024257619  -0.0010503105  -0.00091592586  0.00094006061  0.0020311853  -0.00099628272  -0.00031351306  -0.00027848405  -0.00073252660  
-0.0023596129  0.99855641  0.0016156082  -0.0047542542  -0.0017633384  -7.6422382e-06  1.0761383e-05  0.0026339332  4.8606400e-06  -1.0728885e-05  
0.0010731345  -0.0011658125  0.99481048  0.087883831  3.0800997e-06  -0.0017523011  -0.00015609483  -3.4503246e-06  0.0026229648  0.00023090835  
0.00080635817  0.0051437586  -0.087745567  0.99464400  -8.3484690e-06  0.00015631725  -0.0017549944  1.3298038e-05  -0.00023157440  0.0026222121  
-0.0010038125  0.0018562014  4.1092808e-06  -7.9271932e-06  0.99815483  0.0016103157  -0.0047534493  -0.026973753  -4.3311521e-05  0.00012926484  
-0.0020168459  -7.0152663e-06  0.0018538576  0.00016541034  -0.0011698430  0.99440278  0.087851076  3.2241783e-05  -0.026872271  -0.0023724870  
0.0012348701  1.2585832e-05  -0.00016468246  0.0018502254  0.0051409754  -0.087706487  0.99423870  -0.00013932055  0.0023699219  -0.026869235  
0.00029143598  -0.0024922577  -4.3317364e-06  1.1619592e-05  0.027102779  4.4348274e-05  -0.00012937710  0.99811069  0.0016122363  -0.0047544717  
0.00027312317  3.5706410e-06  -0.0024838636  -0.00021965319  -3.1460118e-05  0.027001275  0.0023850579  -0.0011680064  0.99436197  0.087844894  
0.00074744584  -1.1128400e-05  0.00021828547  -0.0024837980  0.00014022081  -0.0023800891  0.026995482  0.0051393352  -0.087705252  0.99419460  
