0.99756542  -0.00059917893  0.0064775552  -0.021840206  -0.014468118  0.0071289106  -0.0034526228  0.015778100  -0.0032289475  -0.0066383241  
0.00065256420  0.99738439  0.011621886  0.024637951  -0.022908117  -0.00026225523  -0.00056813073  -3.5851389e-05  -2.5547268e-06  -5.2782383e-06  
-0.0071429556  -0.010401925  0.99612542  -0.039401519  0.00034244523  -0.022922450  0.00093281708  -0.00011244994  -2.2548393e-05  4.9256516e-05  
0.021499094  -0.025186086  0.039248958  0.99629895  0.00026636398  -0.00074371957  -0.022958991  0.00034103256  -7.1381012e-05  -0.00018848737  
0.015636547  0.023038839  0.00037033264  0.00022782394  0.99398643  0.011693158  0.024519263  -0.079289958  -0.00097714680  -0.0020698420  
-0.0077059429  -0.00023582883  0.022970151  -0.00074597221  -0.010261539  0.99294909  -0.039405181  0.00070811576  -0.079415802  0.0032056977  
0.0027649863  -0.00058337896  0.00092166740  0.022973944  -0.025132958  0.039004455  0.99358944  0.0020509640  -0.0031277007  -0.079506575  
-0.014410420  0.0022487580  -6.7856433e-05  0.00037066017  0.079894064  0.00082463335  0.0020192585  0.99437428  0.011632151  0.024678725  
0.0025068821  -2.4865896e-05  0.0022534347  -0.00014291348  -0.00086728072  0.079605653  -0.0031689283  -0.010338060  0.99338505  -0.039463597  
0.0074464200  -6.1039218e-05  0.00013639635  0.0020756927  -0.0021193419  0.0031780970  0.079609835  -0.024984906  0.038975822  0.99393834  
