0.99836405  -0.00021001028  -0.0041671004  -0.011623352  0.0091171500  0.0024427881  -0.0040323360  -0.0080163768  -0.0040440467  -0.0022967064  
0.00013302202  0.99823096  -0.012546452  -0.011834884  -0.012307950  0.00015507529  0.00014531045  0.0056478943  -7.1610023e-05  -6.7308728e-05  
0.0049996579  0.013441859  0.99532368  0.076502515  -0.00011993430  -0.012261324  -0.00096428947  3.5891492e-05  0.0056123217  0.00042179099  
0.011256419  0.010783434  -0.076634229  0.99535818  -3.0177329e-05  0.00097224003  -0.012320846  -2.9112757e-05  -0.00047927788  0.0056078360  
-0.0081733073  0.011687373  -0.00011276368  -4.4014634e-05  0.99094831  -0.012475349  -0.011714916  0.11968557  -0.0014702415  -0.0013993818  
-0.0015629848  0.00015762635  0.011658781  0.00091438970  0.013331370  0.98815335  0.076014217  0.0016233573  0.11928089  0.0091780290  
0.0044794317  0.00012552441  -0.00091531354  0.011602034  0.010748221  -0.076022953  0.98828238  0.0012566430  -0.0091958142  0.11928160  
0.0088202577  -0.0070589304  5.1642252e-05  -1.9025478e-05  -0.11939132  0.0015233927  0.0013806279  0.99101435  -0.012492034  -0.011768650  
0.0045589389  -9.5788503e-05  -0.0070561428  -0.00059414079  -0.0015673037  -0.11911537  -0.0091814144  0.013310011  0.98820100  0.076002324  
0.0015735312  -7.6504133e-05  0.00053504683  -0.0070558846  -0.0012768278  0.0091700170  -0.11915006  0.010695812  -0.076045042  0.98835922  
