0.99891303  0.00041855532  0.0059222658  0.00014920855  -0.0068904224  -8.6128902e-06  -0.0027517904  -0.00019473790  -0.0026330217  8.3362041e-05  
-0.00061791331  0.99889263  -0.0046111031  0.0056319788  -0.0045635925  2.1081090e-05  -2.3996498e-05  -0.0038523761  1.9431064e-05  -2.1787633e-05  
-0.0059250651  0.0045583707  0.99886393  0.0088532079  1.9702520e-05  -0.0045678544  -2.4060414e-05  -1.6490502e-05  -0.0038369940  -3.4763888e-05  
3.2662922e-05  -0.0054914591  -0.0087857787  0.99882509  2.5081830e-05  4.0177572e-05  -0.0045676359  2.1179012e-05  3.3873120e-05  -0.0038522319  
0.0068926916  0.0047417796  1.9068230e-05  2.7551902e-05  0.99841047  -0.0046054777  0.0056103832  0.028322363  -0.00014880194  0.00016041815  
8.0184853e-05  2.1682208e-05  0.0047394736  4.2016496e-05  0.0045581909  0.99846392  0.0088497717  0.00012930453  0.028323545  0.00025106437  
0.0027770269  -2.4844400e-05  -2.4959143e-05  0.0047388439  -0.0055084563  -0.0087820317  0.99838228  -0.00015623708  -0.00025654204  0.028322022  
-0.00015201987  0.0038641004  -1.8532162e-05  2.1773389e-05  -0.028260657  0.00013035691  -0.00015901450  0.99853323  -0.0046053856  0.0056300146  
0.0025350389  1.8733230e-05  0.0038792695  3.4558093e-05  -0.00014654127  -0.028261695  -0.00025759114  0.0045587787  0.99853252  0.0088509970  
-7.3453079e-05  -2.1278812e-05  -3.4476213e-05  0.0038638793  0.00015593554  0.00024857677  -0.028259330  -0.0054894681  -0.0087824252  0.99846541  
