0.99905286  0.00016409725  0.0014686879  -0.0020915934  -0.0014585611  0.0026098601  0.0044111470  -0.0014623164  0.0045398696  -0.00070540484  
-1.0632907e-05  0.99876389  0.0092743178  0.010076983  0.013082270  0.00012150487  0.00013203705  -0.012171928  -0.00011298163  -0.00012281513  
-0.0014773144  -0.0090874090  0.99871243  -0.020625768  -0.00011688291  0.013077818  -0.00027665233  0.00011282418  -0.012177909  0.00025243597  
0.0019876325  -0.010407102  0.020591967  0.99860887  -0.00013922709  0.00027486040  0.013089040  0.00012401878  -0.00024198493  -0.012171474  
0.0015078229  -0.012615509  -0.00011484267  -0.00013053394  0.99810270  0.0092722130  0.010077151  0.037360283  0.00035389205  0.00037587924  
-0.0027411769  0.00011432737  -0.012619240  0.00026634463  -0.0090771496  0.99804856  -0.020627321  -0.00033604172  0.037348271  -0.00076976344  
-0.0044167601  0.00013071888  -0.00026673154  -0.012604469  -0.010394026  0.020563774  0.99793456  -0.00038298995  0.00075010433  0.037359980  
0.0014093850  0.012585570  0.00011894933  0.00012404170  -0.037149738  -0.00034130103  -0.00036865323  0.99818336  0.0092752217  0.010070181  
-0.0044926882  -0.00011525148  0.012578026  -0.00025051345  0.00034455073  -0.037157556  0.00074753264  -0.0090755360  0.99811591  -0.020613739  
0.00085071082  -0.00013100149  0.00026071316  0.012581643  0.00038584158  -0.00076355587  -0.037138329  -0.010402614  0.020580919  0.99803398  
