0.99839923  -0.00072837329  0.0056317782  -0.0042855097  0.0064668307  -0.0017883048  -0.0047574667  7.4449190e-05  -0.0044819013  0.0024536517  
0.00074966235  0.99811690  -0.010354284  -0.013339686  0.00094375366  -1.1086704e-05  -1.6117411e-05  -0.016436037  0.00016720928  0.00022145521  
-0.0062255912  0.0084097724  0.98863772  -0.13662609  -3.2417857e-05  0.00094116480  -9.8879504e-05  -0.00013887394  -0.016252620  0.0022349746  
0.0034705093  0.014561950  0.13634524  0.98875963  3.6179534e-05  0.00012202101  0.00091357204  -0.00023957588  -0.0022604667  -0.016273713  
-0.0065544501  -0.00061749947  -3.0514328e-05  3.6448882e-05  0.99817654  -0.010347826  -0.013306592  0.019123828  -0.00016904961  -0.00027164002  
0.0012216961  -6.1315597e-06  -0.00060950157  7.9952879e-05  0.0084139988  0.98877123  -0.13667253  0.00016113857  0.018937870  -0.0026153184  
0.0048555475  -1.2622619e-05  -5.7603689e-05  -0.00063729818  0.014597414  0.13633083  0.98885198  0.00027942318  0.0025902555  0.018957236  
4.0022874e-05  0.016377899  -0.00016974519  -0.00021900748  -0.019334651  0.00020058696  0.00025815504  0.99800129  -0.010357486  -0.013334818  
0.0046844102  0.00013450243  0.016249377  -0.0022624184  -0.00013247904  -0.019160345  0.0026248315  0.0084046017  0.98853674  -0.13662539  
-0.0017188940  0.00024023994  0.0022272470  0.016232000  -0.00029326769  -0.0026377370  -0.019145734  0.014562658  0.13631751  0.98865523  
