0.99839400  -0.0012675547  0.0089058002  -0.0052531456  -0.0086397352  -0.00041512774  0.0030237634  -0.0030370669  0.0014684454  -0.00073467840  
0.0012824435  0.99727114  -0.029716770  0.010455539  -0.036621289  0.0010907934  -0.00038021870  -0.0059351466  0.00017868277  -6.3110786e-05  
-0.010077734  0.028351592  0.70739162  -0.70302129  -0.00095359521  -0.025967643  0.025779918  -0.00013792806  -0.0042223822  0.0041884381  
-0.0024364005  0.013383294  0.70292808  0.70797127  -0.00046991399  -0.025804486  -0.025996773  -7.2067678e-05  -0.0041843606  -0.0042088473  
0.0091827139  0.037128373  -0.0010248804  0.00034140897  0.96797749  -0.028861222  0.010183354  0.23966413  -0.0071317041  0.0025082385  
0.0017357163  0.0010531755  0.026363264  -0.026192724  0.027493634  0.68675455  -0.68247168  0.0068058883  0.17004402  -0.16898335  
-0.0019662816  0.00050085187  0.026161165  0.026376042  0.013005403  0.68235745  0.68721208  0.0032219714  0.16894947  0.17015747  
0.00091780309  -0.0031495422  0.00010194452  -3.7774182e-05  -0.23982325  0.0071484136  -0.0025131652  0.96871047  -0.028875601  0.010162042  
-0.0019725110  -8.6972613e-05  -0.0022509773  0.0022298406  -0.0067978177  -0.17012816  0.16906324  0.027533138  0.68721810  -0.68293828  
-3.0144790e-05  -4.2219875e-05  -0.0022193594  -0.0022349354  -0.0032173980  -0.16903930  -0.17024368  0.012997018  0.68281927  0.68768407  
