0.99866554  -0.0020190497  -0.0011109115  -0.0032217321  -0.0030594753  -0.0044309937  0.0020902619  -0.00094915240  0.0021571289  0.0034151208  
0.0019544089  0.99851990  0.0056426083  -0.0080377862  0.0067080663  2.9207398e-05  -4.9923104e-05  -0.0097099489  -5.0621608e-05  8.4841830e-05  
0.00014062043  -0.0078170952  0.95901062  -0.27729105  -5.3038418e-05  0.0064477057  -0.0018641810  7.5846116e-05  -0.0093235429  0.0026964648  
0.0034949834  0.0059378961  0.27726820  0.95905061  2.9352592e-05  0.0018489478  0.0064559418  -6.1160400e-05  -0.0026882340  -0.0093124571  
0.0030898062  -0.0069414026  -4.2693286e-05  4.5852497e-05  0.99854416  0.0056312106  -0.0080252944  -0.015256539  -7.9521123e-05  0.00013333232  
0.0048921337  4.4323625e-05  -0.0066661492  0.0019102206  -0.0078319621  0.95901763  -0.27728867  0.00011467757  -0.014639353  0.0042526945  
-0.00067936949  -3.9855394e-05  -0.0019249556  -0.0066587502  0.0059473045  0.27728349  0.95908882  -9.0134831e-05  -0.0042371550  -0.014653125  
0.0010595652  0.0095093621  5.2557472e-05  -7.9956592e-05  0.015473568  8.2702022e-05  -0.00012225101  0.99859704  0.0056475749  -0.0080283794  
-0.0011246311  -7.2203258e-05  0.0091364183  -0.0026378200  -0.00011777258  0.014869342  -0.0043002271  -0.0078162855  0.95907963  -0.27731494  
-0.0037890562  6.4330946e-05  0.0026454386  0.0091477550  0.00010370019  0.0043144360  0.014857381  0.0059490734  0.27728452  0.95912000  
