0.99875439  -0.0023200932  -0.0038459853  -0.0017107009  -0.0027644899  0.0014051886  -0.0038379448  0.0037945137  -0.0044763561  0.0013168676  
0.0023581221  0.99843869  0.012294158  -0.0056731636  -0.019057263  -0.00023140345  9.9064209e-05  0.0017320372  1.0559181e-05  -6.7099805e-06  
0.0040522315  -0.011768628  0.99172985  0.11552578  0.00021325192  -0.018917214  -0.0022199021  -4.7924426e-06  0.0016932113  0.00020459290  
0.0011835087  0.0068984124  -0.11563864  0.99181377  -0.00013486233  0.0022079810  -0.018928693  1.6350211e-05  -0.00020474257  0.0017129873  
0.0028696607  0.019044328  0.00022367432  -0.00011311323  0.99751688  0.012296048  -0.0056748497  -0.042577004  -0.00053768265  0.00024552324  
-0.0010363615  -0.00022201077  0.018927123  0.0022061894  -0.011745568  0.99083072  0.11543022  0.00049770518  -0.042297737  -0.0049292836  
0.0040274204  0.00012225948  -0.0022219383  0.018917624  0.0068836847  -0.11552200  0.99088696  -0.00027891634  0.0049142074  -0.042300064  
-0.0035987387  -0.00078904591  4.1478423e-06  1.0761759e-05  0.042602896  0.00051974925  -0.00022796941  0.99774434  0.012311135  -0.0056698575  
0.0043524181  -8.3840640e-07  -0.00080905351  -9.9818071e-05  -0.00051367377  0.042313344  0.0049117792  -0.011734319  0.99104437  0.11545902  
-0.0016382513  -1.7042027e-06  9.8652090e-05  -0.00078940880  0.00029887738  -0.0049351700  0.042316417  0.0068901338  -0.11554740  0.99113218  
