0.99873988  -0.00085146293  -0.0031878823  -6.0416818e-06  0.0032076707  -0.00074150644  0.0018600184  -0.00068881219  0.00020255270  0.00071567159  
0.00076855091  0.99875076  -0.0025238096  -0.0042378527  0.00036618188  -1.4952679e-06  -1.2883737e-07  0.0040561967  -1.0094707e-05  -1.6672820e-05  
0.0032878970  0.0028722157  0.99458135  0.089058369  1.1624268e-05  0.00035972562  3.8466794e-05  9.3644715e-06  0.0040404684  0.00036404458  
-0.00027016472  0.0039741223  -0.088967126  0.99479513  6.0064081e-07  -3.2201344e-05  0.00036177932  1.6326105e-05  -0.00036142132  0.0040404841  
-0.0031401885  -0.00012399314  1.0343880e-05  6.5188221e-07  0.99720876  -0.0025151292  -0.0042371037  -0.055454257  0.00013940164  0.00023309980  
0.00037705850  -6.7139186e-07  -0.00012727102  -1.1305233e-05  0.0028717382  0.99306541  0.088922506  -0.00015989273  -0.055225439  -0.0049447873  
-0.0017045539  9.4118486e-07  1.6767187e-05  -0.00012606887  0.0039622579  -0.088830157  0.99326551  -0.00021944124  0.0049396899  -0.055238007  
0.00054815215  -0.0041144602  8.5894935e-06  1.7435389e-05  0.055622224  -0.00014083707  -0.00023496818  0.99724198  -0.0025174410  -0.0042310262  
-0.00062772785  -1.1338136e-05  -0.0040949387  -0.00036682200  0.00015817198  0.055389211  0.0049585579  0.0028710505  0.99308896  0.088923507  
-0.00075227296  -1.5730457e-05  0.00036889515  -0.0040976633  0.00021885573  -0.0049540502  0.055398684  0.0039684332  -0.088833685  0.99329154  
