0.99909417  0.0017217826  -0.0060341277  0.0014650119  -0.0026456004  -0.00057050287  -0.0015192420  -0.0039401605  -0.00027952395  -0.00012583282  
-0.0017927993  0.99808568  0.019029125  0.028088456  -0.027726066  -0.00052737903  -0.00077775415  0.0056267022  0.00010758207  0.00015838964  
0.0054413228  0.0057940037  0.72083962  -0.69097809  -0.00017512819  -0.020031767  0.019190024  1.1110595e-05  0.0040572729  -0.0038912083  
0.0031611229  -0.033528563  0.69074856  0.72068741  0.00092333544  -0.019194035  -0.020028196  -0.00020127628  0.0038884088  0.0040573290  
0.0016742759  0.028237748  0.00052789532  0.00079712177  0.96958824  0.018474357  0.027286520  -0.23641288  -0.0045051227  -0.0066538362  
-0.00050786435  0.00016276566  0.020395778  -0.019548001  0.0056208164  0.70029139  -0.67125719  -0.0013681377  -0.17074497  0.16366631  
0.0014824212  -0.00094608652  0.019532124  0.020389518  -0.032580518  0.67104494  0.70010456  0.0079369847  -0.16361493  -0.17070036  
0.0044379501  0.0011053409  -5.8872132e-06  3.7401973e-05  0.23648204  0.0045037877  0.0066493400  0.97011208  0.018484302  0.027303618  
3.4921330e-05  6.4220833e-06  0.00079260087  -0.00075989165  0.0013705554  0.17080830  -0.16372689  0.0056224456  0.70067887  -0.67162967  
0.00049610552  -3.6025569e-05  0.00075670637  0.00079333060  -0.0079470850  0.16367480  0.17076261  -0.032596588  0.67141723  0.70049443  
