0.99743607  0.00083241825  -0.011508524  0.0064687179  -0.013792585  -0.00021274235  0.0056916212  0.0013340423  0.0059946073  -0.0018832700  
-0.00073642386  0.99677368  0.0056001962  -0.028581325  -0.015639005  -8.7616534e-05  0.00044444857  -0.023304502  -0.00013521100  0.00066946818  
0.011609799  -0.0053722001  0.99671026  0.010611140  -7.6313117e-05  -0.015653051  -9.9539778e-05  0.00014155658  -0.023234808  -0.00026796306  
-0.0064657142  0.028473767  -0.010844223  0.99634546  -0.00035749329  0.00017292770  -0.015679897  -0.00067458153  0.00021607522  -0.023282389  
0.013856881  0.016569231  -6.7517837e-05  -0.00038408776  0.99603264  0.0055853415  -0.028481997  0.042176993  0.00032057979  -0.0012345248  
-0.00029982510  -8.9642546e-05  0.016562035  0.00017312801  -0.0053750238  0.99629504  0.010527921  -0.00022801774  0.042159409  0.00044612552  
-0.0054186732  0.00046852020  -0.00011888235  0.016515827  0.028538422  -0.010911728  0.99580782  0.0011971897  -0.00049457407  0.042151921  
-0.0019691046  0.022603947  0.00014981291  -0.00066107211  -0.042659698  -0.00023900262  0.0012125086  0.99629184  0.0055768923  -0.028559025  
-0.0054728104  -0.00012667496  0.022670619  0.00020311447  0.00030648397  -0.042688999  -0.00048230766  -0.0053868170  0.99633138  0.010540523  
0.0020534501  0.00064759425  -0.00027125260  0.022610197  -0.0012479484  0.00046713703  -0.042659114  0.028468276  -0.010901362  0.99590430  
