0.99822266  0.00078786297  0.0076034839  -0.0028137999  0.0082081715  -0.00038742308  -0.00014145585  0.00086338520  0.00044071124  0.00022237325  
-0.00077739666  0.99819986  0.0081798449  0.0013745014  -0.0086697747  -7.0738727e-05  -1.1825830e-05  0.0017620555  1.4101780e-05  2.2516791e-06  
-0.0076094470  -0.0082242211  0.99794076  0.014603177  8.9072942e-06  -0.0086586997  -0.00012571401  -2.0997906e-05  0.0017588540  2.4046233e-05  
0.0027941769  -0.0011984783  -0.014522728  0.99783306  3.3542694e-05  0.00012510943  -0.0086606704  2.8279506e-07  -2.4387612e-05  0.0017627059  
-0.0081876208  0.0086696436  8.5795840e-06  3.4960562e-05  0.99758301  0.0081844490  0.0013725031  -0.037474815  -0.00031102963  -5.3351002e-05  
0.00040265495  -7.1131725e-05  0.0086773467  0.00012570830  -0.0082105083  0.99744860  0.014573763  0.00030878223  -0.037460070  -0.00054725231  
7.0134670e-05  -1.0406005e-05  -0.00012612477  0.0086730522  -0.0011997806  -0.014536200  0.99729106  4.5102862e-05  0.00054593934  -0.037454310  
-0.0013267357  -0.0016175075  -2.3797472e-05  1.6591574e-06  0.037645636  0.00030935392  5.1924322e-05  0.99777521  0.0081815786  0.0013714556  
-0.00033651885  1.3046636e-05  -0.0016185180  -2.2708753e-05  -0.00031266976  0.037649507  0.00055013380  -0.0082148515  0.99757458  0.014575573  
-0.00012273684  1.8219917e-06  2.2397201e-05  -0.0016153815  -4.6541747e-05  -0.00054861828  0.037643443  -0.0012003768  -0.014538090  0.99741699  
