0.99844464  0.0020562077  0.0042844764  -0.0025886884  0.00029235992  0.0017744268  -0.0044120555  0.0041552809  -0.0028669442  -0.0022321003  
-0.0021816847  0.99809264  0.0038336765  0.018414288  -0.013610431  -5.6131097e-05  -0.00024161852  0.011823747  5.1714323e-05  0.00022300156  
-0.0041679253  -0.0042605385  0.99734629  0.023705923  5.6717281e-05  -0.013607117  -0.00030466127  -6.7652281e-05  0.011835929  0.00029025332  
0.0027066203  -0.018330640  -0.023674825  0.99786150  0.00025084090  0.00032770150  -0.013618557  -0.00020626000  -0.00028859208  0.011823803  
-0.00083364312  0.011687271  4.1628479e-05  0.00021765168  0.98678995  0.0037978972  0.018203637  0.15133789  0.00058495971  0.0027930671  
-0.0015466787  -5.3080783e-05  0.011673533  0.00028164681  -0.0042041747  0.98606285  0.023433532  -0.00065124576  0.15123459  0.0035964035  
0.0046449594  -0.00020507587  -0.00025743460  0.011674029  -0.018127108  -0.023409887  0.98654373  -0.0027611030  -0.0036050153  0.15129607  
-0.0040227296  -0.013747472  -7.0128011e-05  -0.00024286967  -0.15101126  -0.00058845198  -0.0027674684  0.98679274  0.0038109663  0.018209505  
0.0034122393  6.5633736e-05  -0.013714366  -0.00033514102  0.00064433073  -0.15089317  -0.0036001043  -0.0041896520  0.98607486  0.023419341  
0.0013812594  0.00025526921  0.00033196851  -0.013739603  0.0027746508  0.0035861189  -0.15098157  -0.018123167  -0.023422490  0.98658032  
