0.99830362  -0.0012422204  0.0048120002  -0.00023867184  -0.0027144203  -0.00062927327  0.0021488903  0.0013470268  0.0024704657  -0.00030984475  
0.0013612746  0.99791352  -0.0020319573  -0.019311602  -0.0034106588  6.1018125e-06  6.8892441e-05  0.019176874  -3.5872117e-05  -0.00037150871  
-0.0049207674  0.0015019465  0.99751641  -0.031193336  8.2575211e-06  -0.0034025840  9.5729760e-05  2.2158287e-05  0.019155865  -0.00059780568  
0.00010644969  0.019398878  0.031348213  0.99700052  -6.6600823e-05  -0.00010711004  -0.0034035628  0.00037293741  0.00060267925  0.019157444  
0.0026278013  0.0016871452  9.4085779e-06  -3.3321677e-05  0.99417570  -0.0020325446  -0.019233224  0.088897906  -0.00017508192  -0.0017211188  
0.00064732603  1.7324733e-06  0.0016929336  -5.2990386e-05  0.0014885092  0.99380886  -0.031076368  0.00013411963  0.088862500  -0.0027790145  
-0.0022302712  3.5656639e-05  4.2204984e-05  0.0016894106  0.019332637  0.031231749  0.99326678  0.0017250411  0.0027869306  0.088813592  
-0.0015790189  -0.019457686  3.2109023e-05  0.00037693755  -0.088812941  0.00018243560  0.0017152871  0.99418319  -0.0020347226  -0.019238598  
-0.0022502173  -2.6386056e-05  -0.019463184  0.00060881462  -0.00012701858  -0.088782438  0.0027714642  0.0014872598  0.99380614  -0.031077130  
0.00034464318  -0.00037871248  -0.00060962879  -0.019441889  -0.0017275042  -0.0027902386  -0.088735089  0.019326999  0.031231228  0.99327397  
