0.99889002  0.0013097347  -0.0035342534  0.0017497267  0.0031968924  0.0019404405  -0.0027766967  0.0035596920  -0.0015202735  -0.0015470231  
-0.0012465058  0.99831719  -0.0089975322  -0.019133574  -0.018382924  0.00016335069  0.00035565919  0.018963027  -0.00016913613  -0.00036153686  
0.0040639565  0.00028438339  0.90742584  -0.41646546  7.8881071e-06  -0.016698083  0.0076558586  1.9945531e-05  0.017234592  -0.0079191533  
-0.00018261330  0.021137479  0.41650866  0.90719600  -0.00038982360  -0.0076682853  -0.016700820  0.00040084049  0.0079137318  0.017236534  
-0.0035914554  0.016275216  -0.00013422574  -0.00031829387  0.99328587  -0.0089634630  -0.019025180  0.10288532  -0.00092235961  -0.0019662670  
-0.0028331223  7.9480862e-07  0.014807935  -0.0067965807  0.00026851567  0.90287031  -0.41436988  1.8551441e-05  0.093535523  -0.042921969  
0.0018712751  0.00034714991  0.0067856382  0.014797247  0.021037356  0.41441644  0.90262803  0.0021853544  0.042927240  0.093503131  
-0.0031883497  -0.020752145  0.00019836449  0.00039194062  -0.10255542  0.00091849588  0.0019740910  0.99328086  -0.0089516415  -0.019030011  
0.00093160211  -4.5743259e-06  -0.018862436  0.0086571174  -2.5699312e-05  -0.093208522  0.042776591  0.00028091658  0.90286988  -0.41437721  
0.0017467236  -0.00043700871  -0.0086623130  -0.018851056  -0.0021656810  -0.042779468  -0.093190096  0.021037568  0.41440819  0.90262600  
