0.99839086  -0.0015216088  -0.015359118  -0.0023502891  -0.016053921  0.00033094879  0.0013190371  0.0034436242  0.00096841330  0.00047479705  
0.0015311110  0.99850468  -0.0052213216  -0.010006636  0.0022055344  -1.1095203e-05  -2.0373222e-05  -0.0094574585  5.0766792e-05  9.5563336e-05  
0.015234337  0.0045661431  0.99633609  -0.061076243  -0.00023460864  0.0022305540  -0.00011639718  8.9459422e-06  -0.0094290234  0.00058623433  
0.0032902089  0.010182840  0.060967833  0.99637973  -3.0272535e-05  0.00013737970  0.0022292653  -8.5192875e-05  -0.00057495620  -0.0094408629  
0.015988032  -0.0020927554  -0.00023595397  -1.7081170e-05  0.99830217  -0.0051930427  -0.0099826452  0.016472871  -6.9389396e-05  -0.00015628275  
-0.00019000826  -9.2802596e-06  -0.0020623447  0.00012681750  0.0045916536  0.99662333  -0.061043847  7.4933085e-05  0.016385589  -0.0010037120  
-0.0011985405  -1.9312952e-05  -0.00010803634  -0.0020614723  0.010207561  0.061021362  0.99643921  0.00016339055  0.0010020768  0.016382129  
-0.0037383592  0.0095065935  8.6254005e-06  -8.6280013e-05  -0.016420156  8.4512064e-05  0.00016016544  0.99841703  -0.0052016227  -0.010004256  
-0.00079479324  4.4853519e-05  0.0094946813  -0.00057894023  -6.2993977e-05  -0.016449238  0.0010064706  0.0045858961  0.99649257  -0.061036090  
-0.00043816348  9.7564967e-05  0.00058702405  0.0094817432  -0.00016143310  -0.0010072890  -0.016446500  0.010185561  0.061013389  0.99631055  
