0.99861563  -0.00024376619  0.013773277  -0.0036909823  -0.015490691  -0.00094008315  0.0011644233  -0.0024688223  6.5784796e-06  0.00036410505  
0.00029174969  0.99865666  0.010617061  0.0089314679  0.0058357035  6.1762733e-05  5.2618284e-05  -0.0097808505  -0.00010392415  -8.7380911e-05  
-0.013780146  -0.010476578  0.99832514  -0.018686932  0.00015246782  0.0058531644  -0.00012620285  0.00013661623  -0.0097790964  0.00017915343  
0.0034174611  -0.0092635759  0.018736254  0.99835229  -0.00010767712  0.00010593352  0.0058430005  8.2205442e-05  -0.00018292223  -0.0097761344  
0.015487828  -0.0059097910  0.00015149314  -0.00010997442  0.99841674  0.010597620  0.0089513331  -0.0041527531  -4.3274757e-05  -3.1905907e-05  
0.00084785479  6.1764164e-05  -0.0058930623  0.00010758134  -0.010493549  0.99851526  -0.018736643  4.1013147e-05  -0.0041138835  7.7475509e-05  
-0.0013004924  5.5101062e-05  -0.00012877273  -0.0058994244  -0.0092422448  0.018689924  0.99836407  4.1421646e-05  -7.7036319e-05  -0.0041137053  
0.0025725363  0.0096679017  0.00013863150  7.6910049e-05  0.0042332493  4.2880065e-05  4.1358856e-05  0.99860668  0.010612360  0.0089330479  
-0.00013464453  -0.00010143031  0.0096653723  -0.00018093154  -4.2832363e-05  0.0042730785  -8.0341292e-05  -0.010479151  0.99847180  -0.018736911  
-0.00051370661  -8.9559190e-05  0.00017420123  0.0096675053  -3.2074676e-05  8.0448764e-05  0.0042717209  -0.0092611295  0.018687791  0.99832120  
