0.99892854  -0.0010532901  0.0062937562  0.0055254703  0.0090093787  0.00078121361  0.0015516432  -0.0015070441  0.0016792868  -0.00084813446  
0.00091787674  0.99897141  0.0013839198  0.0027900127  -0.0022434632  -2.3885729e-06  -4.8516610e-06  0.0055259030  9.1682255e-06  1.4629657e-05  
-0.0065908691  -0.0014376488  0.99669485  0.065303301  -5.6187119e-05  -0.0022518559  -0.00015751724  1.9504598e-06  0.0055038362  0.00036711909  
-0.0049580656  -0.0026434108  -0.065509003  0.99664846  -3.8746818e-05  0.00014371321  -0.0022542665  -7.1748097e-06  -0.00037062169  0.0055187909  
-0.0089745643  0.0023890394  -5.3261550e-05  -4.3008094e-05  0.99887035  0.0013710890  0.0027709365  -0.010640837  -2.9785324e-05  -2.2082473e-05  
-0.00097427811  -2.4137702e-06  0.0023681118  0.00015025177  -0.0014533549  0.99671457  0.065336865  1.6876983e-05  -0.010632167  -0.00069604329  
-0.0014044141  -4.8282795e-06  -0.00016481815  0.0023663378  -0.0026612493  -0.065477481  0.99665267  3.0367407e-05  0.00069598145  -0.010628691  
0.0013520499  -0.0055589742  8.5165941e-07  -8.0146110e-06  0.010587448  1.5646510e-05  3.1581845e-05  0.99891387  0.0013803317  0.0027836302  
-0.0015712923  9.6934861e-06  -0.0055550090  -0.00037219386  -2.9464261e-05  0.010550354  0.00068925462  -0.0014421462  0.99667740  0.065337398  
0.00093296397  1.3751344e-05  0.00037014833  -0.0055396119  -1.9624398e-05  -0.00069242666  0.010552392  -0.0026498965  -0.065472496  0.99661876  
