0.99830325  -0.0012814873  0.0070708076  0.0019951096  0.0057099854  -0.00016742467  0.0072541131  0.00095602597  0.0055222837  -0.00046929230  
0.0011853051  0.99804691  -0.013419650  0.011459616  0.0093455833  -0.00012584823  0.00011576728  0.0053096507  -6.4927965e-05  6.0374419e-05  
-0.0071054912  0.012924026  0.99777358  0.028066608  7.9881015e-05  0.0093379305  0.00021097300  6.1824061e-05  0.0052680419  0.00015278105  
-0.0016523980  -0.011354852  -0.027937937  0.99741441  -0.00011582165  -0.00026102298  0.0093208333  -6.2008464e-05  -0.00015769732  0.0053059585  
-0.0058539360  -0.0093791359  8.4918032e-05  -0.00011936273  0.99802437  -0.013427121  0.011414930  0.010661249  -0.00017571985  0.00012525839  
-0.00019157021  -0.00012120580  -0.0093858383  -0.00026450291  0.012913994  0.99783363  0.028079546  0.00013783519  0.010663354  0.00030021847  
-0.0071288336  0.00011577421  0.00021226177  -0.0093947019  -0.011397957  -0.027925220  0.99737556  -0.00012823961  -0.00033768640  0.010663558  
-0.00059628258  -0.0054188239  6.8872527e-05  -6.3349141e-05  -0.010953774  0.00014742851  -0.00012985792  0.99814109  -0.013432394  0.011458620  
-0.0054273812  -6.3284981e-05  -0.0054567987  -0.00016327874  -0.00017293840  -0.010947100  -0.00034758155  0.012911017  0.99788732  0.028086000  
0.00068146548  6.0798534e-05  0.00015654092  -0.0054147443  0.00012858385  0.00030628497  -0.010938545  -0.011357340  -0.027924966  0.99751057  
