0.99821609  -0.0019375547  0.00092536265  -0.00071981519  0.00043864451  0.0017885011  0.0083427697  -0.0018877627  0.0084439550  -0.0014142705  
0.0020566336  0.99813179  -0.0053536031  -0.0034681760  0.0048715142  -2.2448455e-05  2.7223635e-07  -0.0013257739  2.4489744e-05  1.6772924e-06  
-0.00096133297  0.0038566578  0.95123010  -0.30232658  1.8387819e-05  0.0046400064  -0.0014833031  -3.2870951e-06  -0.0012678980  0.00040175018  
0.00044316865  0.0046241891  0.30208976  0.95132139  2.2763628e-05  0.0014749016  0.0046458754  -6.9632924e-06  -0.00039632428  -0.0012605141  
-0.00029406747  -0.0048446956  2.5724730e-05  1.7040475e-05  0.99176700  -0.0053218654  -0.0034470313  0.11399332  -0.00061411709  -0.00039549935  
-8.9134961e-05  -1.8539365e-05  -0.0046176584  0.0014676564  0.0038301570  0.94516146  -0.30039900  0.00044040765  0.10863522  -0.034527362  
-0.0085461971  -5.8631338e-06  -0.0014743596  -0.0046118535  0.0045917835  0.30014654  0.94518033  0.00054436888  0.034428023  0.10865844  
0.0020068684  0.0021107018  -9.4854966e-06  -8.7915064e-06  -0.11403866  0.00061547626  0.00041285123  0.99169441  -0.0053039925  -0.0034471775  
-0.0084840969  2.4634335e-05  0.0020073623  -0.00063437651  -0.00044414790  -0.10869576  0.034470751  0.0038459746  0.94502417  -0.30036536  
-0.00030418474  1.0388810e-05  0.00063970836  0.0020156387  -0.00052855729  -0.034515019  -0.10869346  0.0045957949  0.30013842  0.94518650  
