0.99813067  0.0016307817  -0.0019288166  -0.0015053569  0.0010272308  -0.0013351616  -0.0051765909  -0.0023480398  -0.0050824901  0.0011621296  
-0.0016537239  0.99753684  0.0075567730  -0.021923531  0.015983932  0.00012330327  -0.00034274445  0.021338276  0.00017000557  -0.00047085509  
0.0020458647  -0.0059579383  0.99507971  0.068956879  -9.3371736e-05  0.015943502  0.0010943543  -0.00013240567  0.021271278  0.0014772399  
0.0013155668  0.022246779  -0.069237633  0.99485680  0.00035785619  -0.0011113000  0.015935825  0.00047259604  -0.0014874777  0.021278534  
-0.0011008724  -0.016786566  -0.00012502413  0.00037059682  0.99730550  0.0075533077  -0.021915326  0.033480513  0.00025902699  -0.00073710661  
0.0018976296  0.00010330505  -0.016747021  -0.0011631734  -0.0059579684  0.99484883  0.068934346  -0.00020445810  0.033386096  0.0023164767  
0.0049512764  -0.00036629261  0.0011555293  -0.016747269  0.022244586  -0.069225638  0.99460094  0.00073482190  -0.0023486894  0.033393683  
0.0025508013  -0.020843807  -0.00016272725  0.00045434061  -0.034103431  -0.00026171396  0.00073645554  0.99739310  0.0075395862  -0.021920048  
0.0048629361  0.00013244152  -0.020805866  -0.0014486501  0.00020887462  -0.034028700  -0.0023829089  -0.0059719585  0.99491896  0.068955955  
-0.0015772996  -0.00046742957  0.0014499538  -0.020789510  -0.00076217822  0.0023692837  -0.034006326  0.022245207  -0.069217405  0.99471701  
