0.99865419  0.00042149436  0.0083307903  -0.0074486910  -0.0095321972  0.0010185031  0.00058156851  -0.0059369126  3.0186679e-05  -0.00090509341  
-0.00045480603  0.99738347  -0.032716027  -0.016710928  -0.029619712  0.00097111967  0.00049617469  0.022126862  -0.00072564800  -0.00037035069  
-0.0080978600  0.033325016  0.99672235  0.034860513  -0.00091242877  -0.029615063  -0.0010383910  0.00078748121  0.022110488  0.00077904703  
0.0077629157  0.015613926  -0.035391397  0.99707573  -0.00053793944  0.0010612686  -0.029612202  0.00030009074  -0.00078609293  0.022111717  
0.0093085794  0.030373728  -0.00091813871  -0.00057876836  0.99687197  -0.032688473  -0.016701872  -0.037387982  0.0012249146  0.00061744879  
-0.00099316844  0.0010143655  0.030342864  0.0010672961  0.033324364  0.99636669  0.034784444  -0.0012414235  -0.037310411  -0.0013016756  
-2.3112066e-05  0.00047531336  -0.0010798042  0.030362062  0.015604001  -0.035441342  0.99671143  -0.00058417130  0.0013271476  -0.037323208  
0.0062834595  -0.020939883  0.00073925170  0.00030402816  0.037954869  -0.0012402352  -0.00063337459  0.99713192  -0.032704747  -0.016716345  
0.00018026091  -0.00069972431  -0.020928411  -0.00073237290  0.0012681891  0.037992381  0.0013265067  0.033320211  0.99657572  0.034792113  
0.00086691810  -0.00032739387  0.00075165812  -0.020943896  0.00058679553  -0.0013505030  0.038005757  0.015601952  -0.035448671  0.99691871  
