0.99879964  0.00012857343  0.0016129154  0.00042642412  -0.00029251198  0.0012351518  0.0013146308  -0.0015429580  -0.0014107328  0.00094199988  
0.00011633866  0.99848685  -0.011367964  -0.010836431  -0.00072187527  8.3623046e-06  7.9871987e-06  0.011725902  -0.00013367022  -0.00012715231  
-0.0015290468  0.012312383  0.99378922  0.095939348  -8.4533944e-06  -0.00072033779  -7.1370944e-05  0.00014695921  0.011673103  0.0011252631  
-0.00036177268  0.0098506003  -0.096110506  0.99398016  -7.0154286e-06  6.9033857e-05  -0.00071905945  0.00011624342  -0.0011281898  0.011672817  
-0.00016287875  0.0028737409  -3.2981894e-05  -3.1258197e-05  0.97857398  -0.011141637  -0.010620582  -0.19893773  0.0022652145  0.0021589010  
-0.0018439337  3.5199679e-05  0.0028572710  0.00027533930  0.012067569  0.97397014  0.094024235  -0.0024503033  -0.19799992  -0.019116774  
-0.0011050454  2.8209063e-05  -0.00027840008  0.0028603198  0.0096545183  -0.094194561  0.97415584  -0.0019609305  0.019150450  -0.19804115  
0.0015888456  -0.011413273  0.00013251253  0.00012454771  0.19901448  -0.0022638958  -0.0021577986  0.97848946  -0.011142746  -0.010617979  
0.00086186028  -0.00014063138  -0.011358417  -0.0010963006  0.0024538485  0.19808019  0.019123564  0.012064686  0.97388958  0.094019595  
-0.0014075761  -0.00011278172  0.0010963378  -0.011362566  0.0019638091  -0.019158038  0.19811487  0.0096555600  -0.094183312  0.97407432  
