0.99801293  0.0011229966  0.017635507  -0.0021096429  -0.016309734  0.0020367696  0.0042724980  0.0042849821  0.0030259401  -0.0013963571  
-0.00083763194  0.99804864  -0.018344203  0.0012355202  -0.012362735  0.00022558629  -1.8885154e-05  0.0063272678  -0.00011880739  8.9979272e-06  
-0.016648865  0.017588970  0.96864231  0.23913989  5.3732928e-05  -0.012049381  -0.0030363179  4.0207693e-05  0.0060957143  0.0015399916  
0.0063222699  -0.0056707249  -0.23905510  0.96891877  -3.2911176e-05  0.0029787170  -0.011988284  -8.8711211e-06  -0.0014979227  0.0061373196  
0.016585404  0.012781816  5.8676234e-05  -1.9281637e-05  0.99560386  -0.018255615  0.0013020636  -0.067660841  0.0012942004  -0.00010693295  
-0.0027527469  0.00022207151  0.012342210  0.0030635125  0.017614324  0.96681964  0.23857192  -0.0012067555  -0.065764655  -0.016222849  
-0.0038318886  -7.6920511e-05  -0.0031261999  0.012398896  -0.0056028458  -0.23865351  0.96680450  0.00036887095  0.016219298  -0.065750651  
-0.0029513714  -0.0053839352  4.6663609e-05  -4.1256699e-07  0.067821017  -0.0012506854  7.1143215e-05  0.99571875  -0.018295776  0.0012350134  
-0.0027202494  -9.7986318e-05  -0.0052717304  -0.0012832941  0.0012401100  0.065790303  0.016224814  0.017555127  0.96667772  0.23855314  
0.0016191749  3.2431912e-05  0.0013179910  -0.0052270610  -0.00041201584  -0.016237373  0.065802490  -0.0056576991  -0.23860640  0.96667934  
