0.99746813  0.00084613649  0.0017938723  -0.0015379172  -0.0023809068  -0.0026979578  0.0031866645  -0.0035813900  0.0022055254  0.0022098018  
-0.00074769722  0.99684501  -0.014086313  0.019026394  0.0033461426  -4.5388217e-05  6.1618641e-05  -0.024948018  0.00035101243  -0.00047769518  
-0.0017332233  0.012917374  0.99500496  0.053470012  4.7488081e-05  0.0033430649  0.00017378924  -0.00031714135  -0.024908349  -0.0013420596  
0.0016668252  -0.019827168  -0.053536836  0.99533751  -7.0391094e-05  -0.00018403726  0.0033446734  0.00049050601  0.0013436761  -0.024909242  
0.0030604137  0.0027855717  -3.3726269e-05  4.8410864e-05  0.96884258  -0.013697802  0.018500874  0.23778521  -0.0033531661  0.0045451609  
0.0019180186  3.7718183e-05  0.0027812406  0.00014635266  0.012551555  0.96705887  0.051971847  0.0030750138  0.23736203  0.012758705  
-0.0040233073  -5.8862778e-05  -0.00015682588  0.0027848855  -0.019262120  -0.052025237  0.96737360  -0.0047157068  -0.012780794  0.23742818  
0.0028444810  0.025069224  -0.00034897422  0.00047403403  -0.23761861  0.0033496243  -0.0045257773  0.96831621  -0.013675755  0.018487264  
-0.0026417800  0.00032255848  0.025015710  0.0013485495  -0.0030731032  -0.23716666  -0.012753172  0.012558717  0.96653563  0.051931895  
-0.0011063728  -0.00049960332  -0.0013484003  0.025030633  0.0047291330  0.012765044  -0.23725661  -0.019257223  -0.052010592  0.96686136  
