0.99897845  -4.5943843e-05  0.0046045312  0.00071296194  0.0050287953  0.0015992739  -0.0040311625  0.0020863365  -0.0045374919  -0.0032501387  
3.4785896e-05  0.99844608  0.00054648014  0.024343035  -0.013333668  -7.2547219e-06  -0.00032519555  0.015945340  8.6084798e-06  0.00038867589  
-0.0046065754  -0.0031050995  0.99418167  0.095319969  1.8413439e-05  -0.013284532  -0.0012542949  -5.9054210e-05  0.015898341  0.0015373352  
-0.00042968203  -0.024194557  -0.095408446  0.99397911  0.00032094077  0.0012734145  -0.013272389  -0.00038727887  -0.0015216942  0.015875365  
-0.0048100009  0.013354222  -1.4882367e-05  0.00032199129  0.99846516  0.00053869272  0.024363510  -0.0094083634  1.6496331e-05  -0.00021354100  
-0.0010984717  -4.1471352e-05  0.013292091  0.0012740983  -0.0031110147  0.99424411  0.095332014  2.6965042e-05  -0.0093536010  -0.00089369908  
0.0043336744  -0.00032383859  -0.0012560632  0.013297445  -0.024174051  -0.095403630  0.99400479  0.00023659943  0.00087859951  -0.0093705265  
-0.0021602252  -0.015932249  -1.8852340e-05  -0.00039008487  0.0096774203  1.7891914e-06  0.00024509129  0.99843969  0.00055624251  0.024350095  
0.0048606234  4.9277983e-05  -0.015841989  -0.0015174230  -5.6399444e-06  0.0096550538  0.00090509589  -0.0030953010  0.99417901  0.095307298  
0.0029713493  0.00038591056  0.0015361338  -0.015858876  -0.00021995394  -0.00092101702  0.0096330047  -0.024188456  -0.095419634  0.99396790  
