0.99881288  0.0015679011  0.0043995532  -0.0037661640  0.0044908502  -0.0027736019  -0.0049999097  0.0037957975  -0.0044107162  0.0020302030  
-0.0016069347  0.99826640  0.016138377  -0.016658868  -0.021751166  -0.00034718691  0.00037110837  -0.011275800  -0.00017504969  0.00018486303  
-0.0044106378  -0.016180956  0.99829714  0.0031520395  0.00033261680  -0.021732801  -4.6412682e-05  0.00016589106  -0.011250679  -4.4213081e-05  
0.0036160489  0.016470839  -0.0029706860  0.99828165  -0.00034242960  5.5088720e-05  -0.021762461  -0.00017212426  1.7688200e-05  -0.011262641  
-0.0045187131  0.021310779  0.00032466223  -0.00033882584  0.99780911  0.016151014  -0.016634953  -0.034586609  -0.00053893741  0.00056795938  
0.0026612092  -0.00034127803  0.021330601  5.6998558e-05  -0.016155119  0.99786979  0.0031209564  0.00057021059  -0.034582733  -0.00010324564  
0.0049569440  0.00035930795  -4.1807743e-05  0.021299772  0.016480263  -0.0029990554  0.99783101  -0.00055127938  8.1401502e-05  -0.034560234  
-0.0038867709  0.012148330  0.00017932989  -0.00018828754  0.034183985  0.00056391034  -0.00055151195  0.99794194  0.016157822  -0.016667591  
0.0045058170  -0.00018994497  0.012174888  2.1284904e-05  -0.00053393053  0.034190678  8.4956655e-05  -0.016151950  0.99798441  0.0031436577  
-0.0019979107  0.00019738733  -4.5169599e-05  0.012162153  0.00055518603  -9.6837878e-05  0.034212297  0.016452515  -0.0029769161  0.99797905  
