0.99780357  0.00087118801  0.0078349396  -0.0043600426  -0.0076845718  -2.9208529e-06  0.015489029  -0.0014495262  0.014994600  -0.00055228023  
-0.00070385905  0.99748774  0.022370017  0.00012578224  0.014504634  0.00032522948  -8.6439928e-06  -0.0026827345  -7.0288554e-05  4.6100895e-08  
-0.0074228377  -0.022373188  0.99624997  0.048190569  -0.00026791615  0.014482117  0.00058486002  7.0897591e-05  -0.0027919219  -0.00012540798  
0.0047600193  0.00073188603  -0.048624873  0.99635874  -2.6164247e-05  -0.00070723634  0.014557305  -8.8436868e-06  0.00020246921  -0.0026833940  
0.0078283460  -0.014666227  -0.00026772629  -3.6132457e-05  0.99711035  0.022368347  0.00024455270  -0.032843531  -0.00061871780  -8.4409967e-06  
-0.00027450980  0.00032878491  -0.014657856  -0.00070727555  -0.022357484  0.99599093  0.048138740  0.00073656895  -0.032797247  -0.0015849719  
-0.015514088  -2.4500396e-05  0.00059405485  -0.014588818  0.00084733192  -0.048647073  0.99582105  -1.4784554e-06  0.0013682223  -0.032786983  
0.0012370919  0.0023675449  6.2838721e-05  -5.1608614e-06  0.032569439  0.00073083073  2.3351221e-05  0.99719933  0.022387542  0.00012210775  
-0.015005346  -6.6360312e-05  0.0022462749  0.00017984394  -0.00061495290  0.032540133  0.0013402387  -0.022338507  0.99579617  0.048152638  
0.00068442155  2.3416516e-06  -0.00011001420  0.0023607735  1.8417320e-05  -0.0015893427  0.032553600  0.00072644642  -0.048637761  0.99609233  
