0.99845235  3.3802628e-05  0.010522436  -0.0024311500  0.010822440  0.0015447789  0.0065812067  -0.00072877287  0.0057178972  -0.0021894670  
7.6445917e-05  0.99854108  0.0017226191  0.00026135685  -0.0023685471  -3.9430135e-06  -1.3227326e-08  -0.0012815947  -1.6806838e-06  -5.3098554e-07  
-0.0099579724  -0.0017627578  0.98213683  0.17920053  -0.00010404303  -0.0023463084  -0.00049101242  9.6240235e-06  -0.0013179258  -0.00020875685  
0.0042357238  0.00026902904  -0.17912144  0.98229153  4.5351188e-05  0.00043172391  -0.0023030379  -3.4734336e-06  0.00025429776  -0.0012696947  
-0.010834384  0.0021827170  -0.00011022590  2.6495236e-05  0.99780663  0.0017038292  0.00018998076  -0.038609480  -0.00012878538  1.2888543e-05  
-0.0025458455  -3.9231972e-06  0.0021205575  0.00039781703  -0.0017890325  0.98163100  0.17904912  7.0042201e-05  -0.038001753  -0.0069240445  
-0.0063099567  4.1416347e-07  -0.00045824527  0.0021626472  0.00020017503  -0.17906515  0.98165301  -5.7352955e-06  0.0068927333  -0.037975998  
0.00022508922  0.0013294531  4.5065770e-06  -1.5521901e-07  0.038555553  6.6797759e-05  1.1487144e-05  0.99774534  0.0017214866  0.00026092195  
-0.0053718772  -2.4940796e-06  0.0012512460  0.00025140272  -0.00012626443  0.037915659  0.0068825304  -0.0017571190  0.98142844  0.17904528  
0.0029740802  4.3971517e-07  -0.00020738973  0.0013007409  4.2477625e-05  -0.0069129512  0.037945795  0.00026651490  -0.17900633  0.98151275  
