0.99840994  -0.0014444158  -0.0091593358  0.0043896834  0.0089902031  0.00020202422  0.00064775058  -0.0017398587  -0.00025140678  0.00043547140  
0.0014893345  0.99840644  -0.0079454860  -0.0016205511  -0.0044505863  3.5765433e-05  8.2411971e-06  0.0062629786  -5.0151663e-05  -9.5613645e-06  
0.0092985355  0.0078497300  0.99826991  -0.014170940  4.8571685e-05  -0.0044618769  6.9575380e-05  3.3141976e-05  0.0062628975  -8.5131462e-05  
-0.0041946405  0.0016629756  0.014122093  0.99810892  -4.5178946e-05  -6.3818180e-05  -0.0044654610  1.7707726e-05  8.9438804e-05  0.0062619795  
-0.0090580656  0.0048109858  4.4981391e-05  -4.7644437e-05  0.99702929  -0.0079233460  -0.0016308610  -0.052664826  0.00042080020  8.1902395e-05  
-0.00025136204  3.8150399e-05  0.0047999308  -6.9400480e-05  0.0078506983  0.99705750  -0.014193513  -0.00041445949  -0.052677731  0.00074977121  
-0.00066658188  8.9266699e-06  7.3794373e-05  0.0047935991  0.0016487512  0.014065171  0.99682956  -8.6264406e-05  -0.00074294802  -0.052666062  
0.0011563558  -0.0061393743  3.8152440e-05  1.5086687e-05  0.052925571  -0.00042014868  -8.5485224e-05  0.99710023  -0.0079217358  -0.0016244659  
0.00013437532  -4.8533195e-05  -0.0061386060  8.7957763e-05  0.00041795474  0.052912357  -0.00075313233  0.0078526597  0.99704890  -0.014193169  
-0.00044269705  -9.5453541e-06  -8.2517517e-05  -0.0061379189  8.3828979e-05  0.00074633483  0.052899966  0.0016555106  0.014065296  0.99682118  
