0.99829478  0.00042604000  -0.0056584188  0.00029681714  0.0058166325  0.00055779994  -0.0039901226  0.00039222302  -0.0057661551  -0.00024872784  
-0.00037978222  0.99815893  0.0062644085  0.012096979  0.0022952566  1.4201672e-05  2.9361924e-05  -0.011399769  -6.9325369e-05  -0.00013806196  
0.0055824378  -0.0038049459  0.97780489  -0.19994179  2.3763102e-05  0.0022538120  -0.00048252381  4.5675440e-05  -0.011199767  0.0022820920  
0.00089391847  -0.012955834  0.20024867  0.97748014  -2.4612931e-05  0.00046142483  0.0022462990  0.00014831954  -0.0022921899  -0.011163672  
-0.0057512346  -0.0012870342  2.4539278e-05  -1.7278321e-05  0.99483133  0.0062383749  0.012080155  0.082963678  0.00055373130  0.0010069306  
-0.00091309193  4.5101590e-06  -0.0012532502  0.00025704552  -0.0038000830  0.97460884  -0.19927992  -0.00031681988  0.081282022  -0.016618862  
0.0038331064  1.8309835e-05  -0.00027944271  -0.0012568270  -0.012891122  0.19959498  0.97423855  -0.0010754011  0.016622741  0.081246147  
8.5183273e-05  0.011735823  7.3145216e-05  0.00014225606  -0.082717087  -0.00051890642  -0.0010028282  0.99508497  0.0062424772  0.012059814  
0.0058743540  -4.2257415e-05  0.011463549  -0.0023490747  0.00034974115  -0.081030167  0.016545862  -0.0037932944  0.97479103  -0.19932912  
0.0012421264  -0.00015180172  0.0023474290  0.011493022  0.0010809208  -0.016594361  -0.081008857  -0.012915825  0.19962982  0.97446909  
