0.99910040  0.00092109023  0.0074034171  0.010186699  0.013092868  -0.0013344099  -9.5971417e-05  0.00061173694  -0.00014893810  0.0013946507  
-0.00091344594  0.99891258  -0.0026193300  -0.019909976  0.015032119  -3.8126351e-05  -0.00029962528  -0.0059154569  1.5606011e-05  0.00011656334  
-0.0079008601  0.0037522065  0.99730238  0.056709871  -4.6918427e-05  0.015031261  0.00085604856  -2.7098789e-05  -0.0059045270  -0.00034730381  
-0.0097443372  0.019764266  -0.056727010  0.99714428  0.00017009792  -0.00084023242  0.015019878  -0.00012305031  0.00033692449  -0.0059186124  
-0.013080389  -0.015252497  -5.7066881e-05  0.00017025877  0.99795980  -0.0025930452  -0.019883823  -0.039459723  0.00010513206  0.00076771028  
0.0013930009  -5.6074371e-05  -0.015206430  -0.00085224960  0.0037748013  0.99657807  0.056745823  -0.00014762676  -0.039390606  -0.0022409723  
2.6156009e-05  -0.00030165667  0.00086457707  -0.015214696  0.019758108  -0.056610474  0.99646273  -0.00078092111  0.0022375565  -0.039385730  
-0.0011713119  0.0053091167  -2.2567823e-05  -0.00011773393  0.039526015  -0.00010185219  -0.00078764281  0.99825123  -0.0026106567  -0.019889120  
0.00011436217  2.0090782e-05  0.0053027910  0.00030306239  0.00015031576  0.039479757  0.0022480026  0.0037570709  0.99670047  0.056752980  
-0.0014907804  0.00010373968  -0.00031222220  0.0052861202  0.00076317557  -0.0022406539  0.039475410  0.019759243  -0.056617065  0.99658119  
