0.99825988  -0.00023926641  0.011027805  0.00084058745  -0.010520108  0.00071219559  -0.0073151583  -0.00030019993  -0.0069607636  -0.00039757086  
0.00025889097  0.99837002  -0.0028541170  -0.0031282434  -0.0031977090  9.3068248e-06  8.3273590e-06  0.0066484267  -2.0631252e-05  -2.0926430e-05  
-0.010994581  0.0028346223  0.99786257  0.024184230  0.00010685274  -0.0032019126  3.0725889e-06  2.2679965e-05  0.0067227349  0.00016556629  
-0.00059975403  0.0029965274  -0.023991308  0.99771972  -3.1348956e-06  7.6324268e-05  -0.0031887193  2.0166089e-05  -0.00015544517  0.0066444266  
0.010471950  0.0033421801  0.00010616610  -1.9628892e-06  0.99832007  -0.0028493536  -0.0032052064  -0.0074409890  -5.1781522e-05  1.9066898e-05  
-0.00081768661  9.6775547e-06  0.0033337531  8.0349774e-05  0.0028413624  0.99804386  0.024200905  -2.0801072e-05  -0.0074285074  -0.00017988033  
0.0076059527  8.3436298e-06  3.8492194e-06  0.0033485285  0.0029163457  -0.023980538  0.99772473  -2.4964688e-05  0.00012552076  -0.0074355979  
0.00034643886  -0.0068184305  2.3378062e-05  2.1649611e-05  0.0075129481  -2.1257364e-05  -2.6113198e-05  0.99839374  -0.0028591736  -0.0031286472  
0.0068708994  -2.0869452e-05  -0.0067398257  -0.00015964205  -5.0990218e-05  0.0075186352  0.00013192760  0.0028298592  0.99796009  0.024190980  
0.00033783435  -2.0540770e-05  0.00016763592  -0.0068136328  1.8906519e-05  -0.00018032925  0.0075092041  0.0029963419  -0.023987525  0.99774384  
