0.99885463  -1.5408890e-05  0.00016290504  0.00078438696  -0.0010922064  -0.00089273874  -0.0018622930  0.0029809569  -0.00069459326  -0.00031784298  
0.00012820551  0.99861505  -0.0059576176  -0.011200025  -0.0093398730  5.5607899e-05  0.00010450716  0.014575703  -8.7042676e-05  -0.00016351248  
-0.00010216926  0.0050882312  0.99511737  -0.085165082  -4.7468190e-05  -0.0093069230  0.00079672795  7.3928966e-05  0.014524330  -0.0012429928  
-0.00077228173  0.011495005  0.085159566  0.99496262  -0.00010668194  -0.00079582009  -0.0093041560  0.00016546272  0.0012434612  0.014522243  
0.00085794858  0.0082612110  -4.9162238e-05  -9.1991811e-05  0.99627726  -0.0059444042  -0.011175466  0.068779732  -0.00041087445  -0.00077164020  
0.00072074163  4.2078686e-05  0.0082324036  -0.00070394699  0.0050755133  0.99278805  -0.084967085  0.00035269985  0.068535824  -0.0058657668  
0.0019623263  9.5056952e-05  0.00070478364  0.0082325465  0.011466016  0.084958761  0.99263132  0.00079748824  0.0058638860  0.068525112  
-0.0030902313  -0.015260315  9.0586125e-05  0.00016870365  -0.068653045  0.00041221531  0.00077573513  0.99628089  -0.0059417121  -0.011173102  
0.00055342387  -7.7766631e-05  -0.015206844  0.0013018883  -0.00035041556  -0.068416365  0.0058542122  0.0050780367  0.99280030  -0.084966891  
0.00011042648  -0.00017566327  -0.0013013546  -0.015204482  -0.00079041774  -0.0058549569  -0.068405504  0.011468561  0.084961347  0.99264683  
