0.99909567  -0.00089049591  0.0024784036  -0.00074051642  -0.0012923943  -0.00086586374  -0.0030007485  -0.00041535563  -0.0028555851  0.0013032593  
0.0010549646  0.99895336  -0.0043613334  -0.0058592520  -0.00062362344  1.8040666e-06  4.8075150e-07  0.0070747747  -3.3923469e-05  -4.0117178e-05  
-0.0024560091  8.4471595e-05  0.80557417  -0.59085683  3.1257506e-06  -0.00049967563  0.00037542839  1.6038166e-06  0.0057126382  -0.0041880307  
-0.00060607862  0.0072618919  0.59091977  0.80536640  -3.7391681e-06  -0.00036756560  -0.00049985028  5.1681358e-05  0.0041870028  0.0057033100  
0.0012708743  0.00029681872  1.8509840e-06  -2.6893221e-06  0.99849350  -0.0043630460  -0.0058595944  0.028999520  -0.00013031962  -0.00016841598  
-0.0010049447  9.2025103e-07  0.00023778215  -0.00017548663  8.3544690e-05  0.80521086  -0.59058405  2.8064830e-06  0.023389194  -0.017154177  
0.0028415669  -3.6689902e-07  0.00018329908  0.00023810501  0.0072543384  0.59064720  0.80498724  0.00020961865  0.017146562  0.023383806  
0.00021859655  -0.0073275358  3.2551886e-05  4.2809923e-05  -0.028786220  0.00012556246  0.00016816154  0.99868116  -0.0043633824  -0.0058565836  
0.0030340512  -3.3077991e-06  -0.0059014138  0.0043317060  -6.2957994e-06  -0.023216287  0.017017112  8.0998707e-05  0.80535140  -0.59069319  
0.00052587202  -5.3730806e-05  -0.0043331096  -0.0059077580  -0.00020992387  -0.017028485  -0.023209061  0.0072591482  0.59075824  0.80514649  
