0.99818889  0.00023222536  -0.0079400872  0.0015531982  -0.0089680215  -0.00099427370  -0.0019854250  0.00066205372  -0.0017796468  0.0011204732  
-9.3174346e-05  0.99774469  -0.015091398  0.012014294  0.020692761  -0.00031289656  0.00024934921  0.011083855  -0.00016749032  0.00013336390  
0.0080934423  0.017263130  0.96765581  -0.24237779  0.00028524111  0.020061040  -0.0050428824  0.00019725791  0.010735850  -0.0026837114  
0.00053139980  -0.0082599126  0.24254359  0.96775218  -0.00017615744  0.0050295777  0.020068826  -9.1393105e-05  0.0026934880  0.010751324  
0.0088806938  -0.021552170  0.00025589536  -0.00024589618  0.99519406  -0.015063745  0.011967138  0.071770593  -0.0011014313  0.00087400885  
0.00068156680  -0.00037275757  -0.020910600  0.0052373054  0.017212785  0.96532256  -0.24179125  0.0012420067  0.069603800  -0.017433621  
0.0019977192  0.00017886402  -0.0052558168  -0.020902943  -0.0082578708  0.24194511  0.96535059  -0.00059273273  0.017442033  0.069609506  
-0.0013265497  -0.0094524055  0.00015349919  -0.00011586658  -0.072083814  0.0010918867  -0.00086551520  0.99543276  -0.015054796  0.011985132  
0.0019251117  -0.00016312230  -0.0091830149  0.0022992651  -0.0012646934  -0.069928170  0.017510977  0.017222775  0.96547489  -0.24182666  
-0.00070930993  7.8110408e-05  -0.0022924361  -0.0091690256  0.00060292212  -0.017525516  -0.069927147  -0.0082413511  0.24198727  0.96550902  
