0.99877986  -0.00019387681  -0.00021701102  0.0023978451  0.0019107925  0.0015792191  -0.0084829344  -0.0022827746  -0.0073435944  -0.0025282355  
0.00024968646  0.99848011  0.0080095961  0.014418317  -0.0084606123  -6.7381993e-05  -0.00012480463  0.015751584  0.00012409187  0.00022666586  
0.00017255512  -0.0090887161  0.99572825  0.076696253  7.7411840e-05  -0.0084375447  -0.00065169729  -0.00014385586  0.015707337  0.0012094402  
-0.0024819069  -0.013713613  -0.076685140  0.99556260  0.00011148815  0.00064584676  -0.0084152342  -0.00021071089  -0.0011914275  0.015712742  
-0.0020289683  0.0099971941  8.0597928e-05  0.00013947471  0.99325288  0.0079645052  0.014359489  -0.10250785  -0.00080736872  -0.0014750237  
-0.0017163248  -9.0636328e-05  0.0099695424  0.00076384073  -0.0090443110  0.99051655  0.076308884  0.00093692711  -0.10221752  -0.0078699246  
0.0083554622  -0.00013908503  -0.00076943246  0.0099875606  -0.013626648  -0.076271152  0.99028940  0.0013891869  0.0078119090  -0.10223484  
0.0021480824  -0.014815009  -0.00011927132  -0.00020873259  0.10267361  0.00082705679  0.0014640660  0.99334610  0.0079525941  0.014337978  
0.0073375352  0.00013328358  -0.014775176  -0.0011203864  -0.00092068574  0.10239827  0.0078238543  -0.0090585460  0.99055932  0.076283010  
0.0029069281  0.00020286202  0.0011372185  -0.014764437  -0.0014047111  -0.0078806500  0.10234555  -0.013650218  -0.076312933  0.99044697  
