0.99784833  -0.00091793597  -0.0010079614  -0.0059110851  -0.0038022641  0.0019076564  -0.0028539051  0.0033569755  -0.0025803525  -0.00046881029  
0.00077115157  0.99773587  0.011625603  0.0043052281  -0.014199368  -0.00016391065  -6.3603345e-05  -0.00046792176  -7.5119744e-06  -2.4179099e-06  
2.3520347e-05  -0.011011661  0.98802694  -0.13819529  0.00015656466  -0.014058166  0.0019662325  5.2966901e-06  -0.00046608453  6.5165008e-05  
0.0060249313  -0.0059052706  0.13812179  0.98800941  6.1067171e-05  -0.0019537583  -0.014075928  2.3170186e-05  -8.0672064e-05  -0.00046895791  
0.0037600753  0.014051691  0.00015990586  3.8476536e-05  0.99677465  0.011622626  0.0042948757  0.046842475  0.00053599290  0.00020044830  
-0.0019986986  -0.00015325688  0.013920499  -0.0019351020  -0.010993668  0.98708472  -0.13805813  -0.00052353065  0.046379091  -0.0064853556  
0.0028740732  -8.5780093e-05  0.0019429123  0.013902002  -0.0059047306  0.13800225  0.98709832  -0.00026732163  0.0064758761  0.046373461  
-0.0033014279  -0.00012435949  1.9018583e-06  1.8875884e-05  -0.046691838  -0.00055057479  -0.00019221733  0.99687211  0.011624946  0.0043077970  
0.0024996562  -9.5393761e-07  -0.00012879935  2.8842628e-06  0.00050595916  -0.046245000  0.0064617074  -0.010993748  0.98717546  -0.13807814  
0.00085870883  -9.8690229e-08  -1.8575894e-05  -0.00013155591  0.00027273397  -0.0064640711  -0.046253276  -0.0058914846  0.13800752  0.98719945  
