0.99789198  -0.0017576514  -0.0018567353  0.00013014088  0.0016941959  -0.00073621970  0.0054739564  0.00093991284  0.0065134851  0.00072656833  
0.0018199699  0.99788259  -0.00026491482  -0.0011243506  -0.0039125627  -3.0174899e-07  1.4301395e-05  0.0012770035  1.1404179e-05  -1.7501553e-07  
0.0017447947  0.00069249076  0.98814614  0.13657751  2.3598438e-07  -0.0038787070  -0.00052634613  2.4899196e-06  0.0012742698  0.00017577485  
-0.00027150872  0.0010176970  -0.13659413  0.98837555  -4.4625492e-06  0.00053619111  -0.0038798295  1.0453524e-06  -0.00017638052  0.0012630012  
-0.0016255077  0.0038161491  1.9731243e-06  -4.4706416e-06  0.99607364  -0.00025996466  -0.0011315069  -0.063242636  5.8933104e-06  7.0119436e-05  
0.00035733465  1.9905967e-06  0.0037753924  0.00052195358  0.00069491787  0.98635737  0.13633180  -4.3726794e-05  -0.062621584  -0.0086553364  
-0.0055146481  1.3553490e-05  -0.00051191360  0.0037763652  0.0010059266  -0.13634287  0.98655304  -6.9563423e-05  0.0086205141  -0.062642312  
-0.0011615588  -0.0010672531  2.4341249e-06  1.0791156e-06  0.063229318  -1.5702886e-05  -7.7778485e-05  0.99603369  -0.00026890513  -0.0011232872  
-0.0064230183  1.0466510e-05  -0.0010472127  -0.00014703538  3.3119639e-05  0.062619138  0.0086189061  0.00068832459  0.98627444  0.13631948  
-1.9503199e-05  -1.1096964e-06  0.00014635253  -0.0010591290  6.4476145e-05  -0.0086553704  0.062628789  0.0010153384  -0.13634119  0.98654228  
