0.99847493  0.00010892650  0.0053003381  -0.0011336724  0.0064309636  0.0020298043  0.0085543565  0.00025625426  0.0084704463  -0.0022566595  
-8.3503517e-05  0.99846825  -0.0015032479  -0.0039985817  -0.0024931866  3.5819561e-06  9.2671768e-06  -0.0031891211  4.0915537e-06  1.2960468e-05  
-0.0045574769  0.0026876137  0.94892435  0.30957993  -3.6064530e-05  -0.0023782890  -0.00081189076  -9.7554615e-06  -0.0030695970  -0.00097847895  
0.0026609950  0.0034329710  -0.30937552  0.94915456  8.5693062e-06  0.00077779234  -0.0023467481  -1.0281022e-05  0.0010107623  -0.0030376159  
-0.0064718260  0.0023841732  -3.7944766e-05  -2.2028528e-06  0.99829190  -0.0015157586  -0.0040535840  -0.029678323  -1.0236343e-05  0.00013347643  
-0.0043922943  5.9414864e-06  0.0022432833  0.00074441805  0.0026594585  0.94881162  0.30949537  -8.1023801e-05  -0.028242089  -0.0091913123  
-0.0076660857  7.3627722e-06  -0.00077968377  0.0022758029  0.0033828421  -0.30936350  0.94896388  -0.00010399425  0.0091307029  -0.028193714  
-0.00046253738  0.0033006923  -7.4233303e-06  -1.2693684e-05  0.029821610  -4.5829584e-05  -0.00012340459  0.99815026  -0.0015062501  -0.0039963581  
-0.0074805842  8.0702956e-06  0.0030973300  0.0010318877  3.2113950e-05  0.028330211  0.0091830149  0.0026853352  0.94858297  0.30949311  
0.0045063358  1.1839387e-05  -0.00099886067  0.0031326147  0.00013155969  -0.0092324138  0.028390270  0.0034327444  -0.30925291  0.94884521  
