0.99885883  0.0010826498  -0.0066480556  0.0027559979  0.0067472409  -0.0023292585  -0.0023313448  -0.0023256703  -0.0031043012  0.0028386633  
-0.0011236167  0.99836788  0.015486376  -0.019227583  0.021668464  0.00033863281  -0.00041477496  0.0021658709  3.6987174e-05  -4.4828042e-05  
0.0066296216  -0.014852655  0.99791569  0.035033988  -0.00027795607  0.021651781  0.00074463995  -4.7496470e-05  0.0021418635  9.4786810e-05  
-0.0030249278  0.019625524  -0.034820025  0.99770096  0.00040560925  -0.00074939540  0.021668811  4.9572812e-05  -6.6032863e-05  0.0021531718  
-0.0070009830  -0.021145421  -0.00028137331  0.00038767115  0.98673118  0.015315368  -0.018984893  -0.15191582  -0.0023339627  0.0029056822  
0.0018024989  0.00031660407  -0.021141138  -0.00073633617  -0.014675198  0.98636940  0.034604809  0.0022572056  -0.15187523  -0.0053235104  
0.0027238243  -0.00041257334  0.00071937750  -0.021116175  0.019419513  -0.034442148  0.98611971  -0.0029934688  0.0052934732  -0.15182368  
0.0013698854  -0.0054746867  -9.3928664e-05  0.00010921691  0.15190264  0.0023518666  -0.0029280414  0.98699193  0.015298433  -0.019001606  
0.0032466635  8.5065563e-05  -0.0054954877  -0.00018306284  -0.0022389486  0.15182372  0.0053196959  -0.014698117  0.98658030  0.034625933  
-0.0025168728  -0.00011039475  0.00020763452  -0.0054794603  0.0029696010  -0.0052949223  0.15179897  0.019410987  -0.034435660  0.98633581  
