0.99736576  -0.0011435467  -0.012421856  0.0099318313  0.015313734  -0.0069543407  -0.0086969899  0.0030049193  -0.0092594232  0.0058597206  
-0.0013759810  -0.99747130  -0.0025251766  -0.0078759266  -0.0065626025  -7.0783037e-06  -3.9562349e-05  0.011970348  4.3294493e-05  8.6300522e-05  
-0.012373860  -0.0073250020  -0.21374564  0.97389111  -0.00023812125  -0.0013164856  0.0064955327  5.0825075e-05  0.0026827080  -0.011765577  
0.0099624256  -0.0044783015  0.97429714  0.21361491  0.00012367088  0.0063208365  0.0013133744  8.3639482e-05  -0.011790253  -0.0025046889  
0.015386704  0.0039720911  -0.00018146738  0.00018466942  -0.97743470  -0.0025991307  -0.0078403143  -0.19834641  -0.00064850286  -0.0014733604  
0.0056672472  2.2857712e-05  0.00078498135  -0.0038394677  -0.0071064752  -0.20969291  0.95462868  -0.0014426564  -0.042596292  0.19376027  
0.0099951042  6.4067486e-06  -0.0040220157  -0.00075449700  -0.0042247353  0.95500723  0.20918981  -0.00085832787  0.19371511  0.042526015  
0.00026900733  0.013082670  2.9994912e-05  0.00010580071  -0.19802638  -0.00050660696  -0.0015632507  0.97758479  0.0024891246  0.0077070378  
0.0090949668  8.5833736e-05  0.0026922611  -0.012684725  -0.0013174199  -0.042529411  0.19329393  0.0072202530  0.20955031  -0.95453973  
-0.0059857534  6.5451209e-05  -0.012706080  -0.0028601051  -0.00097872575  0.19349575  0.042441944  0.0043597782  -0.95493638  -0.20929352  
