0.99925557  0.00098940900  0.0037955644  -0.00016312969  0.0033411912  -0.0025050368  -0.0047243533  -0.0015793275  -0.0051129195  0.0024523108  
-0.0010207900  0.99925560  0.0042100349  -0.00061710992  0.0020322725  1.1159399e-05  3.6024331e-06  -0.00027812937  4.0666406e-06  -2.3774680e-06  
-0.0037222190  -0.0042255783  0.99827245  -0.044267246  -2.0959755e-05  0.0020430130  -7.2641141e-05  6.9895797e-06  -0.00026052988  3.1881518e-06  
0.00010913162  0.00037901704  0.044068020  0.99818118  1.0800895e-06  8.9543916e-05  0.0020330687  -2.5078627e-07  -1.2808227e-05  -0.00027920831  
-0.0032796592  -0.0020256668  -2.0841431e-05  1.6845148e-06  0.99865252  0.0042195776  -0.00060147776  0.033874102  0.00015945515  -2.9003363e-05  
0.0024887328  1.1076546e-05  -0.0020109089  8.9257309e-05  -0.0042109524  0.99768748  -0.044253370  -0.00014703941  0.033823263  -0.0014941706  
0.0047264224  4.0024403e-06  -7.1255446e-05  -0.0020208491  0.00039450466  0.044029622  0.99756614  5.4158626e-06  0.0014694202  0.033844323  
0.0018060257  0.00040029732  8.5702378e-06  -4.8957898e-07  -0.033889042  -0.00014750403  1.2318072e-05  0.99867202  0.0042021615  -0.00061236514  
0.0051584088  3.5170289e-06  0.00041763294  -1.8343001e-05  0.00016044108  -0.033875166  0.0014771137  -0.0042274905  0.99767886  -0.044229133  
-0.0023973091  -2.2481188e-06  8.5519679e-06  0.00039835449  -2.0803625e-05  -0.0014888116  -0.033847350  0.00038243963  0.044054197  0.99759414  
