0.99804977  -0.00098558196  -0.00044478883  0.0018447589  -0.0014971168  -0.00029522974  0.00010724528  -0.0021850035  -0.00013993254  -0.00045214613  
0.0011047376  0.99774481  0.019179898  0.0039876286  -0.011485311  -0.00022108537  -4.5753790e-05  0.0056247221  0.00010801970  2.1977645e-05  
0.00038888877  -0.018973196  0.99763245  0.0097807988  0.00021778609  -0.011482465  -0.00011252300  -0.00010785526  0.0056264472  5.4982039e-05  
-0.0019338622  -0.0038222468  -0.0093509328  0.99719640  4.6915378e-05  0.00010820744  -0.011477578  -1.7333930e-05  -5.2471611e-05  0.0056249377  
0.0014534415  0.011849274  0.00022716701  5.0025222e-05  0.99695940  0.019164883  0.0039826098  -0.044534698  -0.00085626529  -0.00017854364  
0.00022475551  -0.00022557118  0.011849263  0.00011657815  -0.018958235  0.99684832  0.0097724160  0.00084630480  -0.044526491  -0.00043660753  
5.7206374e-05  -4.5477841e-05  -0.00011110127  0.011844330  -0.0038212361  -0.0093444601  0.99641608  0.00017055497  0.00041738241  -0.044507176  
0.0021439860  -0.0052742128  -0.00010230479  -1.7096999e-05  0.045063600  0.00086571777  0.00018025387  0.99702777  0.019166375  0.0039817654  
5.8412786e-05  0.00010019478  -0.0052715230  -5.1570036e-05  -0.00085706356  0.045061682  0.00044175909  -0.018959373  0.99691925  0.0097730602  
0.00068101653  1.9534358e-05  4.9111441e-05  -0.0052679521  -0.00017375346  -0.00042260920  0.045042230  -0.0038229129  -0.0093452030  0.99648661  
