0.99779355  0.0033565115  0.0011387531  0.0035337062  0.00084823781  0.00045416079  -0.0030263199  -0.0048600385  -0.0049687530  -0.00081589082  
-0.0029456282  0.99772385  -0.0019939536  -0.0032777360  0.00053931239  -2.3925997e-06  7.0629776e-06  -0.0076566395  2.9842340e-05  2.7515170e-05  
-0.00020871964  0.0011608307  0.98319320  -0.16944656  4.6496392e-07  0.00053379554  -9.1417641e-05  -7.9667100e-06  -0.0075582376  0.0013029331  
-0.0035713182  0.0033115306  0.16946404  0.98308344  -1.1970860e-06  9.0426998e-05  0.00054458480  -8.0700316e-06  -0.0012852527  -0.0075555510  
-0.0018411570  -0.0018131240  1.5808860e-06  -5.2269451e-07  0.98818918  -0.0019724311  -0.0032305808  -0.13847096  0.00028523863  0.00045495211  
-0.0018821157  -8.2451158e-06  -0.0017827869  0.00030036442  0.0011488415  0.97378867  -0.16781964  -0.00015224336  -0.13645262  0.023519621  
0.0026647241  2.8192101e-06  -0.00030398095  -0.0017711572  0.0032939344  0.16784831  0.97368525  -0.00047418594  -0.023534263  -0.13645034  
0.0044728001  0.0074574641  -9.8645417e-06  -8.5122066e-06  0.13843256  -0.00027420372  -0.00046670134  0.98817101  -0.0019936543  -0.0032396545  
0.0043607792  2.3097152e-05  0.0073389155  -0.0012486242  0.00016476760  0.13641338  -0.023522430  0.0011293155  0.97377022  -0.16782903  
0.0018994872  3.1124251e-05  0.0012662569  0.0073400999  0.00046270164  0.023513392  0.13639228  0.0032824814  0.16783813  0.97369369  
