0.99809255  -2.1651006e-05  -0.0093447785  0.0012945169  0.0093069946  3.8144233e-05  -0.0037202116  -0.00016596709  -0.0035733187  -0.00083528841  
1.4827453e-05  0.99735955  -0.010440641  -0.026713327  -0.010168695  0.00010644905  0.00027233915  0.026117694  -0.00027342631  -0.00069954234  
0.0095260578  0.0096739898  0.99731580  -0.026355808  -9.9146519e-06  -0.010169088  0.00023346077  0.00025197482  0.026084724  -0.00069862379  
-0.00096520918  0.027157610  0.026160570  0.99690609  -0.00028599718  -0.00026664396  -0.010160506  0.00071131132  0.00068832954  0.026106687  
-0.0093676432  0.0092836373  -1.0077902e-05  -0.00026050287  0.99700037  -0.010437856  -0.026671384  0.034764225  -0.00033044763  -0.00092312594  
-8.5462378e-05  9.0048723e-05  0.0092844432  -0.00024550834  0.0096709674  0.99713243  -0.026360493  0.00033720087  0.034764676  -0.00091900250  
0.0035856814  0.00025272292  0.00021010241  0.0092838015  0.027183423  0.026144349  0.99662192  0.00094606578  0.00089870902  0.034744083  
0.00037877434  -0.026327727  0.00027231865  0.00070561041  -0.034402525  0.00036017293  0.00092021924  0.99684743  -0.010436490  -0.026699918  
0.0031955878  -0.00025542757  -0.026358714  0.00070010045  -0.00030399104  -0.034407321  0.00089775301  0.0096687306  0.99688117  -0.026357096  
0.00095080042  -0.00071690741  -0.00069970276  -0.026314507  -0.00092750162  -0.00090213170  -0.034393932  0.027143507  0.026134415  0.99639463  
