0.99876691  0.00090259622  0.0038060111  -0.00045961364  0.0039126451  -0.00031191044  0.0060583942  0.00040131643  0.0061865238  0.0013253402  
-0.00085652429  0.99836225  0.00067976914  -0.018612393  -0.0023358796  -1.3475333e-06  3.8520350e-05  -0.021004448  -1.9425553e-05  0.00039049669  
-0.0036566265  0.00097282042  0.99450125  0.089937453  -1.6889347e-05  -0.0023225467  -0.00023268993  -2.2092705e-05  -0.020946125  -0.0018970622  
0.00097424578  0.018501947  -0.090008698  0.99404003  -3.9411245e-05  0.00021001876  -0.0023166696  -0.00038882948  0.0018997293  -0.020911875  
-0.0037358571  0.0014962367  -1.2930643e-05  -2.6311830e-05  0.99783430  0.00068362397  -0.018625629  -0.038149403  -4.8960761e-05  0.00070627928  
-4.7303668e-06  1.4509795e-06  0.0014937152  0.00013509278  0.00097558612  0.99400313  0.089889381  -3.7306699e-05  -0.038000938  -0.0034365064  
-0.0060461297  2.2365693e-05  -0.00015798258  0.0014957520  0.018467805  -0.089964179  0.99349190  -0.00070946197  0.0034020813  -0.037990722  
-0.00042818504  0.021242599  1.2890846e-05  -0.00039584594  0.038047665  2.6156190e-05  -0.00071200206  0.99790221  0.00067985564  -0.018604748  
-0.0065002264  1.4943938e-05  0.021136643  0.0019165224  1.1695406e-05  0.037904694  0.0033882305  0.00097298995  0.99401635  0.089885678  
-0.00083732250  0.00039290310  -0.0019184584  0.021151392  0.00070178293  -0.0034302738  0.037879499  0.018492185  -0.089976062  0.99358073  
