1  0  0  0  0  0  0  0  0  0  
0  -0.977048  -0.0236249  -0.0059299  -0.0201357  0.200956  -0.0413379  0.00626365  0.0342053  0.0328087  
0  0.029308  -0.760155  0.143488  -0.628455  -0.00253281  0.00684151  -0.0753701  -0.000991921  0.00521258  
0  0.0138591  -0.163768  -0.914081  -0.0538257  -0.0012628  -0.00313196  0.366183  0.0160957  0.0136505  
0  0.00522159  0.224275  0.325495  -0.300746  0.00122161  -0.00293796  0.867837  0.00349334  0.0107406  
0  7.47459e-05  0.586728  -0.193995  -0.714495  0.00513243  0.0129238  -0.326593  -0.0198509  0.0190411  
0  -0.0171673  0.0126164  0.00399599  -0.022335  -0.294937  -0.662875  -0.014123  0.651174  -0.220029  
0  -0.201658  -0.000787269  -0.00816395  -0.00794751  -0.821665  0.286498  0.00958996  -0.218495  -0.392628  
0  0.0468649  0.00847092  -0.00370838  -0.0116759  0.363083  0.481609  0.00256822  0.428819  -0.670756  
0  -0.03378  0.00262066  0.0124294  0.00959139  -0.256183  0.494599  -0.00941011  0.585244  0.588004  
