1  0  0  0  0  0  0  0  0  0  
0  -0.981118  -0.0202477  0.0241679  0.0171087  -0.0820404  0.124076  0.0211043  -0.0343073  0.111237  
0  -0.0402874  0.386788  -0.657959  -0.536342  0.00211957  0.017857  -0.357439  0.00723008  -0.00779993  
0  0.00639004  -0.857661  -0.40563  -0.249065  0.00649313  0.0101591  0.192763  0.0199641  -0.0102742  
0  -0.00368322  -0.187712  -0.319555  0.679548  0.00414409  0.0287453  -0.632359  0.00756555  -0.00844262  
0  0.00235095  0.280511  -0.546643  0.433571  0.00214591  0.00272386  0.658932  -0.0157325  -0.00744628  
0  -0.0123322  -0.0198325  -0.0280314  0.000515756  -0.302021  -0.684755  -0.0230977  -0.61278  0.25006  
0  0.155528  0.00278658  -0.00621179  -0.00195073  -0.764488  0.340785  0.00557118  0.19203  0.488137  
0  0.103034  -0.00861673  0.00831157  -0.0149628  0.194889  0.621692  0.000630921  -0.740092  0.129605  
0  -0.0277211  -0.00204956  0.011965  -0.00376685  -0.528735  0.10874  0.00074877  -0.194825  -0.818369  
