1  0  0  0  0  0  0  0  0  0  
0  0.978432  0.00435155  -0.00508773  0.00261716  0.201044  -0.013647  -0.00304989  0.0240554  -0.0377652  
0  -0.00157118  0.754699  -0.0601139  -0.648132  -0.00298946  0.0362569  -0.0678386  0.0282387  0.00388659  
0  0.003264  0.121981  0.926855  0.0934725  -0.00822189  0.0196145  -0.339904  0.0201613  -0.0303329  
0  -0.00353707  0.0880983  -0.360823  0.224998  -0.00527083  -0.0537859  -0.897698  -0.0488635  0.0154642  
0  2.2996e-06  0.636544  -0.0591479  0.720721  -0.0155534  0.0249464  0.265564  0.00525323  0.0214069  
0  0.00170773  -0.0465259  -0.0477199  0.0269802  -0.0360145  0.732104  -0.0585158  0.673443  0.0245927  
0  0.194505  -0.0161724  0.014028  -0.0173108  -0.856184  -0.0377055  0.00433533  -0.0217211  0.475865  
0  0.0680884  -0.0014363  -0.0262301  0.00157188  -0.389949  0.389623  6.6556e-06  -0.420426  -0.71697  
0  -0.0131913  -0.0123513  0.0211416  -0.00939806  0.269865  0.552626  -0.00510796  -0.604191  0.505809  
