1  0  0  0  0  0  0  0  0  0  
0  0.978283  -0.0162093  -0.00321377  0.0127128  0.194985  -0.0515977  0.00729947  0.0116429  -0.0407038  
0  0.0190313  0.733647  -0.197425  -0.645964  0.00271768  -0.0198423  -0.0653373  -0.0219873  -0.000752082  
0  0.00418593  0.303117  0.887629  0.106529  0.0195087  0.00198042  -0.328279  -0.00506859  -0.026292  
0  0.000444529  -0.0466925  0.376203  -0.258179  -0.0133226  0.00218594  0.888396  0.00545965  0.0132273  
0  0.000624514  -0.605865  0.176271  -0.70967  -9.91966e-05  -0.0215857  -0.312548  -0.000126625  -0.00848387  
0  0.00328894  -0.0109134  0.00711326  0.0289207  -0.148251  -0.723783  0.00681064  -0.663996  0.11048  
0  0.199917  0.00765318  0.0173803  2.92347e-05  -0.878692  0.172024  -0.0269058  0.0742624  0.389541  
0  0.0392114  -0.0136213  -0.00475451  -0.00804974  -0.0361695  0.638175  0.0049318  -0.728077  -0.243912  
0  0.0326585  0.00199927  -0.0123463  0.00561887  -0.407468  -0.189072  0.0134747  0.151072  -0.879752  
