1  0  0  0  0  0  0  0  0  0  
0  0.977284  0.0233705  0.00151783  0.0143456  -0.18867  0.0593358  -0.011977  0.0421318  -0.0559021  
0  0.026858  -0.705193  0.250982  -0.643782  -0.00645889  0.00279166  0.156336  -0.0056348  0.00334718  
0  0.00844119  -0.393462  -0.82143  0.198927  -0.0178072  -0.00258075  0.3611  -0.0010311  -0.00895877  
0  0.00096253  -0.0455957  0.465536  0.42015  -0.0166088  -0.0155952  0.777066  0.0173374  0.00430588  
0  -0.00273526  -0.587321  0.21293  0.607241  -0.0120047  -0.0072387  -0.490649  -0.00523676  0.00226481  
0  -0.00310585  0.00042059  0.00801519  0.0155586  0.0525093  0.739792  0.0174165  -0.668408  0.0506125  
0  -0.199799  0.0122521  0.00744256  -0.0144197  -0.875122  0.0960392  -0.0102147  0.00544884  -0.4295  
0  0.0645859  0.00544188  0.0051088  -0.000152128  0.131088  -0.583828  0.00568814  -0.668991  -0.436064  
0  0.00365013  -0.0117927  0.00709201  0.0069779  0.421716  0.314321  0.00378698  0.321739  -0.787132  
