1  0  0  0  0  0  0  0  0  0  
0  0.975149  -0.0135541  0.00492835  0.0116775  0.206313  -0.0395246  -0.00247661  -0.0367311  0.0570804  
0  -0.0186074  -0.732881  0.165149  0.645682  -0.00219633  0.0356147  -0.127056  -0.0302726  0.00511026  
0  0.00553372  -0.275393  -0.885634  -0.151984  -0.022109  -0.0207096  -0.34016  -0.00538164  -0.00502235  
0  -0.000343988  0.34445  -0.429441  0.613295  0.0129342  -0.0123485  0.565412  0.00624436  -0.0274706  
0  -0.00175057  0.515087  0.0514728  0.42752  0.00595247  -0.0324001  -0.740131  -0.00486787  -0.0188841  
0  -0.0122753  -0.0467313  0.0227947  0.0143042  0.021909  -0.759027  0.00633142  0.648274  0.00638831  
0  -0.215417  -0.00284057  -0.0198714  -0.00749884  0.902552  -0.0204813  -0.00797105  -0.0614357  0.366442  
0  0.0451635  0.0158181  -0.0188359  0.0172376  -0.0550946  0.613342  -0.0205417  0.719352  0.31614  
0  0.0104945  0.0213902  -0.00379055  0.0199401  -0.372322  -0.206902  0.011475  -0.236943  0.872533  
