1  0  0  0  0  0  0  0  0  0  
0  0.974023  0.0709225  -0.0145666  0.0471273  -0.172323  0.103735  -0.0291996  0.00676455  -0.0496023  
0  -0.0851621  0.663486  -0.35353  0.641852  0.0257144  0.0227821  -0.113981  -0.0359718  0.010518  
0  0.0254898  -0.512816  -0.769231  0.168988  -0.0154772  -0.00168624  0.339039  -0.030117  0.000304906  
0  0.00788092  0.13566  0.351506  0.22081  -0.0522469  -0.0721524  0.893362  0.0452194  -0.0338265  
0  -0.00668287  -0.521875  0.392927  0.711894  -0.0448423  0.00770586  -0.253461  0.00847937  0.00582987  
0  0.00646905  -0.0186803  0.0687189  -0.0017316  0.312096  0.652776  0.0880824  -0.644475  0.219677  
0  0.198884  -0.0187394  0.0102128  0.0371903  0.819168  -0.340082  0.0130612  0.184101  0.371282  
0  0.0600243  -0.00108384  0.0177113  -0.00107345  0.0320122  -0.617583  -0.0305404  -0.717972  -0.31182  
0  -0.00833689  0.017825  -0.000633815  -0.0176568  -0.441812  -0.245502  -0.00281655  -0.17582  0.84434  
