1  0  0  0  0  0  0  0  0  0  
0  -0.977205  -0.00234209  0.0395878  -0.0462612  0.079125  -0.183119  0.00970422  -0.0270095  -0.0272111  
0  -0.0580464  0.302174  -0.69554  0.647891  0.0168406  0.000581097  0.0373242  0.00881804  -0.00519983  
0  -0.015104  -0.880703  -0.361108  0.0398271  -0.00970531  -0.0207527  -0.29827  -0.0181783  0.0482626  
0  -0.00598435  0.269867  0.119966  0.0545207  0.0712499  0.0275993  -0.948906  0.014196  -0.0575234  
0  -0.00578894  -0.233541  0.607454  0.756863  0.0161499  -0.0159336  0.0550196  0.00395265  -0.00510379  
0  0.00465715  -0.0707971  -0.0229878  -0.0220646  0.66746  0.31369  0.0755059  0.298115  -0.596215  
0  0.183191  0.00894129  -0.0140507  -0.00682031  0.35254  -0.71291  0.0116683  -0.525073  -0.240322  
0  -0.0884037  -0.0109022  0.00220333  0.0108169  -0.143929  0.559054  0.00752584  -0.771543  -0.251698  
0  0.00276341  -0.021611  -0.0116296  0.00679354  -0.630493  -0.214097  -0.0142779  0.196959  -0.719019  
