1  0  0  0  0  0  0  0  0  0  
0  -0.977488  -0.0186732  0.0094808  0.0142643  -0.190182  0.0620518  0.00244349  -0.033948  0.0519288  
0  0.0248801  -0.709689  0.241351  0.645008  0.00741669  0.0135672  0.145177  0.0106608  0.00298163  
0  -0.00236873  -0.344172  -0.864233  -0.132284  0.000969849  0.0045109  0.342167  -0.00436648  0.00497933  
0  0.000244347  0.0381175  -0.402459  0.380605  -0.012357  -0.0257643  -0.830901  -0.0222353  -0.00267098  
0  0.000419932  0.613094  -0.180169  0.649007  -0.0138779  0.0112121  0.412448  0.00317851  0.00143447  
0  -0.012396  -0.00798566  0.0161351  0.0046393  -0.0469162  -0.748609  0.0352992  -0.658102  0.050399  
0  0.197432  -0.00741731  0.00637043  -0.0121105  -0.859669  0.0852656  -0.00016104  -0.00380712  0.463102  
0  -0.0664474  0.0022502  -0.00515977  0.00442296  0.128274  -0.592202  0.00124193  0.694906  0.381418  
0  0.0185318  -0.00878715  -0.000601864  -0.00221905  -0.45359  -0.277069  0.00910303  0.28671  -0.796729  
