1  0  0  0  0  0  0  0  0  0  
0  0.978275  0.0195754  0.00638417  0.0135956  0.125137  -0.123669  -0.0130056  0.0241222  -0.103269  
0  -0.00151268  0.488197  -0.583969  -0.579467  -0.00134545  0.00148941  -0.291295  0.00190992  -0.00046068  
0  0.0252807  -0.760902  -0.499454  -0.286713  0.0044596  -0.0194993  0.29596  -0.0241276  0.0124747  
0  0.0104145  0.206177  0.404926  -0.571544  0.0396102  0.0800851  0.671505  0.0849896  -0.0250969  
0  0.002392  0.367142  -0.493515  0.503228  -0.00902065  0.0351809  0.604112  0.0452325  0.00941891  
0  -0.000621909  -0.0671147  -0.0421103  0.0413007  0.319487  0.655059  -0.103871  0.62047  -0.255088  
0  0.190712  -0.0173533  0.0124631  -0.013622  -0.755132  0.389222  -0.0221367  0.164349  0.462351  
0  0.0764531  0.013865  0.000581932  0.00574243  0.263514  0.61534  0.00720185  -0.725446  0.139722  
0  -0.00232489  -0.00291393  -0.00583355  -0.00199946  -0.49085  0.132035  0.0135717  -0.226488  -0.830723  
