1  0  0  0  0  0  0  0  0  0  
0  0.978201  0.0164923  -0.00900663  -0.024481  0.192833  -0.0254952  0.00373528  -0.0415293  0.0509688  
0  0.0302777  -0.747412  0.146346  0.629003  0.00278228  -0.0159894  -0.151155  0.0158291  -0.00581988  
0  0.0064932  0.187402  0.908732  0.095474  0.00139649  -0.030699  0.358069  0.0276051  -0.00320704  
0  -0.000893622  -0.0405556  0.375014  -0.344322  0.00656557  -0.0804689  -0.851984  0.0821352  -0.00457052  
0  -0.00313371  -0.634941  0.0694414  -0.689204  -0.0137401  -0.00930987  0.339477  -0.00858349  -0.0377145  
0  -0.00744728  0.012479  -0.0840146  0.0206264  0.0662468  -0.732072  0.0875354  0.664532  0.052171  
0  0.193927  0.0243811  -0.0105735  0.0168154  -0.829841  -0.0207397  -0.00480767  0.100569  -0.512055  
0  0.0667504  -0.0208493  0.00729847  -0.0193034  -0.434753  0.307602  0.00647967  0.322859  0.778958  
0  -0.00592712  -0.00183613  0.00522576  0.000621034  -0.283795  -0.60051  -0.00876319  -0.659157  0.352445  
