1  0  0  0  0  0  0  0  0  0  
0  0.976469  -0.00170431  -0.00987486  0.00463542  -0.192075  0.0735471  -0.00812146  -0.0251877  0.0581694  
0  0.00335455  -0.702488  0.278881  -0.643037  -0.0038219  -0.00794318  -0.122964  -0.00552446  -0.00044525  
0  0.0106535  0.444478  0.795804  -0.20809  -0.0103631  -0.00241842  0.354322  0.00489937  0.00629362  
0  -0.00233971  -0.109769  0.503291  0.474403  0.00789443  0.0133452  -0.713655  0.00429025  -0.00489237  
0  -0.00311884  0.544845  -0.188327  -0.563705  -0.0039422  -0.00498944  -0.59142  -0.0022866  -0.00900286  
0  -0.0018444  0.00243657  0.00455859  0.0160648  -0.163203  -0.725481  -0.00664218  -0.656844  0.123556  
0  -0.207842  -0.00402217  -0.00483226  0.00448957  -0.874045  0.195307  -0.00733642  0.0747821  0.386001  
0  -0.0548301  0.00273023  0.00280657  -0.00473017  -0.00859225  0.632468  0.00743136  -0.738865  -0.225588  
0  0.0126488  0.00364797  -0.00181912  -0.00767633  0.415023  0.17273  -0.00599515  -0.127789  0.883922  
