1  0  0  0  0  0  0  0  0  0  
0  -0.970761  -0.0904116  0.020322  0.0661384  -0.197674  0.0534321  -0.0139106  0.0226968  -0.0449851  
0  -0.111007  0.714409  -0.219671  -0.648486  -0.0200394  0.0351931  0.0807059  -0.0186237  0.00250673  
0  -0.00492939  0.3332  0.898834  0.0986049  -0.0226097  0.0127324  0.263812  -0.0322262  0.00436238  
0  -0.000745584  -0.13861  0.33434  -0.362761  0.0552308  0.122746  -0.842048  -0.0976756  0.026565  
0  0.00456835  0.589138  -0.165045  0.654939  -0.0464206  0.0518835  -0.436728  -0.0321797  -0.00986789  
0  -0.0014826  -0.0440024  -0.0642833  0.0471462  0.129776  0.73582  0.153654  -0.632675  0.0977044  
0  0.205888  -0.0453132  0.00170126  -0.0508128  -0.884457  0.159093  -0.0100988  -0.0583081  -0.37669  
0  -0.036321  -0.00264733  -0.0153907  -0.00318515  -0.0931306  -0.641001  -0.0142729  -0.759268  0.0466815  
0  0.0392966  -0.0113912  -0.00579957  -0.00362367  -0.383442  0.0190213  -0.00225387  0.0857765  0.918437  
