1  0  0  0  0  0  0  0  0  0  
0  -0.983074  -0.0012934  0.0175943  0.0105618  -0.0532177  0.120431  0.000605184  -0.026849  0.122823  
0  -0.0173516  0.2711  -0.69771  -0.499474  -0.0277922  -0.0426841  -0.429385  -0.0462718  0.0286818  
0  -0.00298219  -0.920114  -0.268886  -0.243435  -0.00579075  -0.00666935  0.14405  -0.0191669  0.0250232  
0  -0.00275123  0.230025  0.185014  -0.700034  0.0283565  0.054162  0.645146  0.0499131  -0.0189928  
0  -0.00178796  0.162514  -0.630971  0.447699  -0.0312451  -0.00180645  0.611112  -0.00112222  0.0242646  
0  0.00290822  0.0189454  0.0876393  -0.0228053  -0.382295  -0.601734  0.0677551  -0.623032  0.30073  
0  0.130905  -0.000620918  0.0222439  -0.00852997  -0.718837  0.33711  -0.0243941  0.348354  0.479562  
0  -0.125029  -0.0115684  -0.0036116  -0.0075927  -0.24946  -0.651952  0.00421322  0.621443  -0.33269  
0  -0.0216273  -0.00886718  -0.0069738  -0.00455738  -0.519109  0.282708  0.00163546  -0.313954  -0.742574  
