1  0  0  0  0  0  0  0  0  0  
0  0.979347  -0.0168415  0.0163336  -0.0188683  -0.157732  0.102706  0.00127893  0.0330498  -0.0587458  
0  0.0289791  0.620201  -0.406005  0.64849  -0.00480793  0.000966021  -0.170484  0.00639109  -0.00138182  
0  0.00576208  -0.614571  -0.707213  0.216757  0.00746097  0.0029679  0.273949  0.00473347  -0.000221594  
0  -0.00319956  -0.0871381  -0.366388  -0.369314  -0.0197651  -0.027364  -0.848561  0.0193288  -0.0139811  
0  5.25365e-05  -0.479228  0.447321  0.628701  0.0143182  -0.00450498  -0.417948  -0.00862957  0.000431757  
0  -0.00987327  -0.00350075  0.0186842  0.0160317  -0.292558  -0.680324  0.0320566  0.637609  -0.208039  
0  -0.184576  -0.00812913  0.00361535  0.0139079  -0.822836  0.323645  0.00540831  -0.164972  -0.395738  
0  0.0761172  0.00316533  -0.00663807  -0.000400568  -0.0397644  -0.636606  0.00947437  -0.74916  -0.161161  
0  0.00603966  0.00537165  0.000940865  -0.00361754  0.458492  0.125769  0.00164842  0.0582699  -0.877775  
