1  0  0  0  0  0  0  0  0  0  
0  -0.976112  0.0492301  -0.00608061  -0.0451181  -0.204536  0.00269916  -0.00813511  -0.00281471  -0.0281434  
0  0.0661242  0.747785  -0.0223918  -0.659935  0.0117107  -0.0055013  -0.0147671  0.00505996  -0.00441215  
0  0.00727183  -0.0257451  -0.968707  0.0100848  -0.00435743  -0.0115168  -0.245757  0.01502  -0.00401813  
0  0.00564508  0.102003  0.241195  0.129277  -0.000452764  0.00282114  -0.956367  -0.00395253  0.00367888  
0  -0.00458534  0.653626  -0.0497978  0.738468  0.0122728  0.00903378  0.156985  -0.00686717  -0.00373894  
0  0.00826539  0.00308947  0.0190625  0.0141948  -0.0559382  -0.760807  0.00206924  0.644844  -0.0396624  
0  0.197376  0.00326811  0.00512247  0.00954174  -0.885073  0.0587353  0.00323713  -0.0359655  -0.4157  
0  0.0202839  0.00302675  -0.00473736  0.00110564  -0.130605  -0.620229  0.00164605  -0.727085  0.26298  
0  0.0573534  0.00843838  -0.00127067  0.0027417  -0.392832  0.181048  0.00439295  0.232183  0.869257  
