1  0  0  0  0  0  0  0  0  0  
0  -0.979573  0.0217285  -0.0155226  -0.0185181  -0.136148  0.140215  0.00138175  -0.027285  -0.0209098  
0  -0.0308253  -0.522096  0.548338  0.651561  -0.0193386  -0.00643542  0.0188249  0.0141599  -0.017015  
0  -0.00567216  -0.700246  -0.644195  -0.00998039  0.009737  0.0052725  -0.306943  -0.0117206  -0.00790706  
0  0.000981029  -0.266306  -0.157976  -0.105644  0.0188958  0.0249961  0.943772  -0.0240139  0.0264264  
0  0.00104095  0.406546  -0.508329  0.750162  0.00381062  -0.00472221  0.113934  0.0216978  0.00944462  
0  -0.0155749  0.00589463  0.0267341  0.0271326  0.590792  0.460937  -0.0397981  -0.432667  0.497985  
0  -0.183512  -0.0121792  0.00445788  -0.0136614  0.533573  -0.633811  0.0039791  0.423361  0.316704  
0  -0.0726979  0.0138572  -9.9759e-05  0.0131401  0.253817  -0.468282  0.00834759  -0.696295  -0.475123  
0  0.0157294  -0.00500807  -0.00289347  0.00519628  -0.531474  -0.382304  -0.00854956  -0.382894  0.651452  
