1  0  0  0  0  0  0  0  0  0  
0  -0.976416  -0.00678202  0.0153959  0.00396367  -0.168434  0.11694  -0.00279798  -0.00748347  0.0648374  
0  0.0128118  -0.594691  0.462123  0.647335  0.004275  -1.95902e-05  0.116339  0.00461633  -0.00187772  
0  -0.00359077  -0.622184  -0.690618  -0.139221  -0.02122  -0.00896181  0.339367  -0.00560754  0.0283813  
0  0.00304912  0.00203697  0.458788  -0.461887  0.0257086  0.0565685  0.754454  0.0455533  -0.0319987  
0  -0.00183013  0.506249  -0.311087  0.589661  0.0118802  0.0679706  0.540276  0.0507259  0.000655925  
0  0.00722022  0.0533795  0.03316  0.0149864  -0.364578  -0.65984  0.0978661  -0.579834  0.285803  
0  0.208059  -0.00172653  0.0237515  -0.0134438  -0.766274  0.426636  -0.0242072  0.187268  0.388734  
0  -0.0436216  0.00488058  -0.00226283  0.00238799  -0.271384  -0.586168  0.00282506  0.72983  -0.219454  
0  -0.0343241  0.00379057  0.0179394  -0.0104096  0.420258  -0.132003  -0.00400875  0.302184  0.844396  
