1  0  0  0  0  0  0  0  0  0  
0  -0.977121  -0.0150158  -0.00345817  -0.0128124  0.198243  -0.0498202  0.0115573  -0.0298423  0.0450167  
0  -0.0201289  0.733802  -0.180399  0.645382  0.00069589  -0.00486026  -0.109674  0.00392966  1.7705e-06  
0  0.00943627  -0.332749  -0.871662  0.18704  0.00450743  0.00984219  0.306556  0.0173723  0.00395877  
0  -0.00316356  0.217032  -0.44105  -0.492192  -0.00103595  -0.000587401  -0.718203  -0.0015887  0.0170051  
0  0.00280101  0.550549  -0.112391  -0.552666  -0.0169251  0.0222596  0.614568  -0.00248983  0.018248  
0  0.001414  0.00689796  0.00194939  -0.0152154  -0.0670993  -0.735803  0.00940809  0.671946  -0.0469849  
0  0.206275  0.0097025  0.00547087  -0.0035574  0.917205  -0.103518  0.00754524  0.00018656  0.324462  
0  -0.0441734  -0.00335074  0.0199023  0.00601147  0.00898099  0.650385  -0.0143445  0.728177  0.209943  
0  -0.0148273  -0.0150769  0.00793322  0.0189932  -0.338442  -0.147576  0.000293799  -0.130502  0.919661  
