1  0  0  0  0  0  0  0  0  0  
0  0.979531  -0.0222619  0.00587228  0.0189778  0.1336  -0.133781  -0.00842518  -0.0102996  0.0608739  
0  -0.0280175  -0.524842  0.547653  0.633448  -0.0027038  -0.000236823  -0.149785  0.0104  -0.00497225  
0  -0.0089307  -0.714133  -0.604117  -0.145332  -0.018446  -0.0101431  -0.31859  -0.0125459  -0.0418961  
0  -0.00033246  0.175342  0.328159  -0.341719  0.018048  0.0159826  -0.862191  -0.0238207  0.0165035  
0  -0.00183613  0.426517  -0.475038  0.678348  0.00899545  0.0144119  -0.362542  -0.0112104  -0.0202729  
0  0.00182315  0.0315744  0.0145622  -0.00708246  -0.416913  -0.611098  -0.0278171  0.57159  -0.352125  
0  -0.183086  -0.0139018  -0.0271117  0.00372009  0.686565  -0.471408  -0.00793195  0.272388  0.444615  
0  0.077435  -0.0122743  -0.0167801  -0.00629296  0.0259645  0.609204  -0.0127571  0.771224  0.163646  
0  -0.0114518  0.00760955  0.0224841  -0.0151603  0.579254  0.12141  0.0135444  0.0569181  -0.803354  
