1  0  0  0  0  0  0  0  0  0  
0  -0.974038  -0.0138879  -0.0130283  0.0139569  -0.220443  -0.00464741  -0.0119409  0.00397632  -0.0437914  
0  -0.0195591  0.750594  -0.00516793  -0.658562  -0.00350618  0.0306347  -0.00689181  -0.0386682  0.0014172  
0  0.0102376  -0.00121721  -0.943283  0.00951631  0.0276379  0.0131587  -0.330214  0.00218375  0.00605662  
0  -0.00230098  -0.660121  0.00062375  -0.750141  0.00753663  0.024915  -0.0197926  -0.0148624  -0.0152708  
0  0.000738828  0.00928544  0.331134  0.0174294  0.0303063  0.00380083  -0.942827  0.00679517  -0.00759816  
0  -0.00736586  -0.0176695  0.00890558  0.0534379  0.00710416  0.754763  0.00243358  -0.653384  0.0079682  
0  0.22363  -0.000664953  -0.0151274  -0.00194085  -0.925753  0.012226  -0.0324691  -0.00262108  -0.302536  
0  0.00282339  -0.0107256  -0.00704989  0.00195637  -0.0184751  -0.654041  -0.0115399  -0.754952  0.0403323  
0  0.0261628  -0.0118839  0.00348262  -0.0114901  -0.303717  0.0253886  -0.0161462  0.0366983  0.95107  
