1  0  0  0  0  0  0  0  0  0  
0  0.974846  0.0535168  -0.0279911  0.0451909  -0.198103  0.0453499  -0.00158465  -0.0179003  0.0485946  
0  -0.0705525  0.735705  -0.175164  0.64314  0.0220163  0.0130219  0.0926832  0.0109126  -0.00923393  
0  0.0140808  0.264045  0.893365  -0.10654  -0.00521929  0.00853665  0.346298  -0.0192889  0.0153493  
0  0.00446269  0.122756  -0.399651  -0.37073  0.0249336  0.0534274  0.825589  0.0500628  -0.0130081  
0  -0.000887831  -0.608527  0.091426  0.659348  -0.0294381  0.0283577  0.429972  -0.00316026  -0.0061427  
0  0.00526198  0.0108719  -0.0388575  -0.0032113  -0.0642332  -0.740967  0.0689237  -0.661665  0.0512236  
0  0.206066  -0.0223872  0.0204879  0.0205178  0.891755  -0.101241  -0.00492032  -0.00378971  -0.388174  
0  -0.0336762  0.00527533  -0.0165087  -0.0152308  0.0140479  0.650993  -0.0153108  -0.742719  -0.149929  
0  0.0292226  -0.0115388  -0.0122907  0.011532  0.399004  0.104729  0.00139247  -0.0850018  0.906272  
