1  0  0  0  0  0  0  0  0  0  
0  0.978956  0.00294235  0.0130948  0.00716318  0.157993  -0.111083  0.00920639  -0.0259146  0.0579317  
0  -0.00727536  -0.601615  0.445002  0.644226  -0.00521824  -0.00814311  -0.15754  0.00622803  -0.00030784  
0  -0.0159248  0.607645  0.74287  0.116446  0.00306283  -0.00141604  0.254981  0.00519999  0.0066634  
0  0.00968544  -0.0189714  0.36528  -0.466941  -0.0226803  -0.0117546  -0.804342  -0.00230708  -0.0214282  
0  -0.00493258  -0.517773  0.340642  -0.594086  -0.00605693  -0.0222033  0.5121  0.0110684  0.00362443  
0  -0.0102417  0.0180039  -0.0209752  0.014844  -0.265205  -0.721797  0.00341622  0.600118  -0.21779  
0  0.188941  0.00287004  -0.000197518  0.00992781  -0.810855  0.318962  0.0264661  -0.129148  -0.43312  
0  0.0733778  -0.00452315  0.00332265  -0.00828506  -0.0155901  0.573527  -0.00955568  0.77592  0.251387  
0  -0.0057144  -0.00402997  0.00534833  -0.000922334  0.496376  0.187882  0.00809586  0.142343  -0.835408  
