1  0  0  0  0  0  0  0  0  0  
0  -0.97982  0.0116133  -0.00893412  0.00256806  0.188557  -0.0224562  -0.0100483  -0.0530012  -0.0276235  
0  -0.0114132  -0.762907  0.0598518  -0.62581  0.0115472  0.0163229  0.147693  0.0160175  -0.0123472  
0  -0.00914952  0.0331699  0.941294  0.124156  0.0147127  0.0111806  0.311178  0.0136728  -0.00250071  
0  0.00403561  0.196193  0.32026  -0.402835  0.0027192  0.0451914  -0.832385  0.0415355  0.00322417  
0  3.74361e-05  0.614613  -0.0787447  -0.654204  -0.00244449  0.0217077  0.4328  0.00807744  0.0144475  
0  -0.0119219  0.000991992  0.0385429  -0.0480941  -0.286951  -0.680634  -0.0302696  -0.63185  0.224286  
0  0.187181  0.016847  9.25151e-05  -0.0164368  0.814557  -0.27654  -0.0121901  -0.222162  -0.418242  
0  -0.0661007  0.01422  0.00337347  -0.00992354  -0.388807  -0.432694  0.00124949  0.393284  -0.708695  
0  0.0131924  -0.00312306  -0.00626554  0.000545744  0.258974  -0.519258  0.00255543  0.625855  0.520941  
