1  0  0  0  0  0  0  0  0  0  
0  0.977006  -0.00444859  -0.00979325  0.0086239  0.207857  -0.0209914  -0.0104155  -0.00557074  0.0385188  
0  -0.00881917  -0.751019  0.0929946  0.6531  0.00158196  0.00749158  -0.0209213  -0.0142494  0.00220699  
0  0.00927006  0.138506  0.940385  0.0345035  0.0150168  0.0126576  0.306363  -0.0260124  0.0171728  
0  0.0040401  0.0651578  -0.316169  0.151632  0.00466047  -0.0604186  0.930854  0.0505279  -0.00834764  
0  0.000118659  -0.641931  0.061608  -0.740685  0.0236661  -0.0279592  0.184357  0.00610411  0.0121352  
0  -0.00722854  -0.00162193  -0.052123  -0.015591  0.081933  0.740662  0.0689084  -0.658441  0.0583096  
0  0.208431  -0.0178276  0.0141873  -0.0176517  -0.901975  0.0960488  0.0175682  -0.0373865  -0.362265  
0  0.011562  -0.0109668  0.00995075  -0.00506435  0.0252277  0.659977  0.00734356  0.74934  0.0430213  
0  0.0406073  0.00203869  -0.0125119  0.0028232  -0.36753  -0.0391908  0.00296264  -0.00683867  0.928177  
