1  0  0  0  0  0  0  0  0  0  
0  0.978691  0.0206909  -0.0155199  0.00131534  0.119659  -0.139172  -0.0132143  0.0220847  -0.0845214  
0  0.0196052  -0.470148  0.582018  0.622716  0.000137404  -0.0180295  0.227034  -0.0123336  0.00590353  
0  0.0128869  -0.799851  -0.502006  -0.222743  -0.00862704  -0.0290823  0.236576  -0.00986913  0.0382361  
0  0.0134034  0.0866123  0.427041  -0.576436  0.0540219  0.0743839  0.676749  0.0994043  -0.0368112  
0  -0.00322163  -0.35247  0.473687  -0.476878  -0.00987651  -0.0766629  -0.644303  -0.0503284  -0.0181578  
0  0.00683147  -0.0815994  -0.0302503  0.0468471  0.389674  0.653865  -0.13107  0.55409  -0.294288  
0  0.183112  -0.0106863  0.0283057  -0.0154015  -0.746896  0.429765  -0.0319872  0.228307  0.411848  
0  -0.088045  0.00735733  -0.00985361  0.0213853  -0.12965  -0.5965  -0.0148818  0.786584  -0.00905618  
0  0.00974525  0.0144212  0.0211578  -0.00537535  0.506045  0.000964853  -0.027819  0.094842  0.856369  
