1  0  0  0  0  0  0  0  0  0  
0  -0.979354  -0.0174425  0.0259451  -0.0195892  0.187787  -0.040656  0.0189978  0.0213133  -0.0420945  
0  -0.0276595  0.741156  -0.163462  0.64175  0.00703638  0.0192719  0.102506  0.0198722  0.00610837  
0  -0.0232575  -0.292496  -0.881898  0.16454  0.0119552  -0.0123254  -0.327845  0.0173919  -0.0317483  
0  -0.00867615  -0.105672  0.410869  0.36165  -0.00230553  -0.0500933  -0.826792  -0.0473792  -0.0284488  
0  0.00157859  -0.593797  0.155795  0.654419  -0.0323364  0.0604521  0.436057  0.001229  -0.00441621  
0  -0.0033891  -0.000446782  0.0297982  -0.0228079  0.056137  0.731886  -0.0766404  0.672372  -0.0425813  
0  -0.191788  0.00911043  -0.0170022  -0.015002  -0.886271  0.0816246  -0.0311995  0.00694389  0.411655  
0  -0.0511091  0.0302581  -0.0139195  -0.0299997  -0.226542  0.504674  0.00010418  -0.569329  -0.604339  
0  0.00867717  -0.00834586  -0.0201667  0.00107984  0.351488  0.441185  -0.0327188  -0.469397  0.678126  
