1  0  0  0  0  0  0  0  0  0  
0  0.977966  0.0143618  0.00642164  0.0092106  -0.189595  0.0647494  -0.0147339  0.021559  -0.0492869  
0  0.0158211  -0.718698  0.246649  -0.638273  0.000572681  0.0256109  0.11646  -0.0277933  0.00183362  
0  0.0115715  -0.394992  -0.849493  0.172361  -0.007116  0.0120434  0.303627  0.00617032  -0.00883581  
0  0.00297462  -0.235784  0.455689  0.559037  -0.00949355  -0.020015  0.650362  0.00923839  -0.0259924  
0  0.00428843  0.520333  -0.0973893  -0.498132  -0.0128536  0.0230505  0.685852  0.0184019  0.0136806  
0  0.00181998  -0.0198817  -0.00493396  -0.0392914  -0.144369  -0.733642  -0.0078607  0.655338  -0.0971097  
0  0.202383  -0.00298775  -0.00225177  0.00325578  0.895038  -0.180337  0.0176284  0.0469719  0.350549  
0  -0.041097  -0.0154774  0.0169196  0.0133603  0.088728  0.650027  -0.0168905  0.752278  0.0314824  
0  0.0227969  0.0162595  -0.00571774  -0.0205728  0.365977  0.0280646  -0.00307105  -0.026526  -0.92915  
