1  0  0  0  0  0  0  0  0  0  
0  0.977149  -0.0049519  -0.000732933  0.00104884  0.189998  -0.0686003  0.00492999  0.0324532  -0.0571869  
0  0.00491265  0.70585  -0.276599  -0.63847  -0.00105927  -0.0110958  -0.131359  -0.0139082  0.00523038  
0  0.00250723  0.444387  0.814774  0.202624  0.00496699  -0.00710471  -0.312268  0.00172498  -0.00328164  
0  -0.00233017  -0.145597  0.475293  -0.51107  -0.00425556  0.000564115  0.701191  -0.00342697  0.00101535  
0  -0.000184803  0.531618  -0.183502  0.538535  -0.0064817  -0.00492594  0.62719  -0.0144998  -0.00674775  
0  -0.00206094  0.0207703  -0.00369232  -0.00496988  0.134051  0.736923  0.00675371  0.653942  -0.103994  
0  0.203403  0.00162908  0.00399537  0.00326838  -0.876345  0.16399  -0.00505265  0.0591809  0.400246  
0  -0.0607494  0.00424437  -0.00501554  0.00169258  0.0576295  -0.612632  0.00926782  0.725965  0.300856  
0  0.00872973  -0.00169042  -0.00219693  -0.00686146  -0.417784  -0.223225  -0.00396643  0.200902  -0.857391  
