1  0  0  0  0  0  0  0  0  0  
0  -0.982006  0.00486378  0.00345275  0.000242206  -0.150745  0.0895317  -0.00568305  -0.0331079  0.0613152  
0  0.00269306  0.653156  -0.413643  -0.60378  0.00191046  0.00451195  -0.194123  0.00472982  -0.000331835  
0  -0.00530642  -0.551142  -0.757752  -0.174077  -0.015075  -0.00687616  0.301681  0.0169593  0.0121877  
0  0.00317601  -0.112147  -0.34502  0.387565  0.00535691  0.0061162  -0.847403  -0.00161781  0.00248306  
0  0.00282107  -0.506738  0.367653  -0.674193  -0.00868635  0.0186848  -0.390936  0.00458583  -0.0150588  
0  0.00211302  -0.00526615  0.00109929  -0.0141452  -0.208731  -0.693947  -0.0107594  -0.666673  0.173398  
0  0.176809  0.0119051  0.0101554  0.0077525  -0.816888  0.276825  -0.00347434  0.089024  0.465357  
0  -0.0656722  0.00394626  0.0185626  -0.00312643  0.0051503  -0.630239  -0.0148655  0.724656  0.269707  
0  0.00561875  0.00779093  -0.00651249  0.0115748  -0.51579  -0.19009  -0.000384382  0.145138  -0.822492  
