1  0  0  0  0  0  0  0  0  0  
0  -0.97638  -0.0322631  0.0458349  -0.0491225  0.123865  -0.156965  0.00165514  -0.025816  -0.0218687  
0  -0.0732178  0.463365  -0.596832  0.650052  -0.00929246  -0.0251833  -0.00608012  -0.0119089  0.0160111  
0  -0.0027828  -0.754386  -0.57596  0.00543137  -0.000175688  0.00268698  -0.314141  -0.0209791  -0.00145671  
0  0.000283067  -0.268538  -0.165043  0.0503737  0.0193502  0.013173  0.946987  0.0229294  -0.015875  
0  -0.00223056  -0.377454  0.530945  0.75614  0.00790294  0.0099634  -0.0551518  0.0181345  0.0184529  
0  0.00678164  0.0211721  -0.019671  0.0131023  0.61315  0.435719  -0.0350652  0.393501  -0.526374  
0  0.189377  -0.00150548  0.0110904  0.013041  0.503369  -0.672362  0.005282  -0.421815  -0.28361  
0  -0.072903  0.0052842  0.0171363  0.0156021  -0.215037  0.464262  0.0125092  -0.743393  -0.423734  
0  0.00919748  0.00947151  -0.00389445  -0.0109229  0.555481  0.342034  0.00598786  -0.335399  0.679424  
