1  0  0  0  0  0  0  0  0  0  
0  -0.982474  -0.012385  -0.00540311  -0.00606826  -0.0733312  0.128187  0.0112154  -0.0206669  0.110288  
0  0.00187567  -0.317049  0.700259  0.52308  -0.0141969  -0.0314069  0.363689  -0.0358298  0.0275587  
0  0.0140014  -0.89492  -0.343079  -0.211231  -0.0127965  0.00547392  0.186925  -0.00105976  -0.0382772  
0  -0.00686356  -0.205314  -0.242787  0.669643  0.0228406  0.0226651  -0.670157  0.0168802  0.000908108  
0  0.000752766  -0.235383  0.572936  -0.482082  0.0368064  0.0383289  -0.615666  -0.0423951  0.0164036  
0  -0.0104464  -0.000250909  -0.0457842  -0.0130877  -0.360306  -0.646643  -0.0449801  -0.593225  0.30938  
0  -0.160619  0.00767925  -0.000635286  0.00556895  0.693466  -0.429246  0.00802553  -0.217817  -0.511327  
0  0.0910415  0.0151608  -0.0446715  0.0218885  0.290339  0.587637  0.0442525  -0.724201  0.18157  
0  0.0173767  -0.0244365  -0.0247071  -0.0150479  0.545315  -0.181253  0.0215007  0.269031  0.771494  
