1  0  0  0  0  0  0  0  0  0  
0  -0.978221  0.0200651  0.00558392  0.0139285  0.199106  -0.0322114  0.0062694  0.00623297  -0.041192  
0  0.0237947  0.752884  -0.110586  0.646416  -0.00146594  0.00671057  0.049184  0.0069281  0.00145061  
0  0.00891629  0.18684  0.92849  -0.0825987  0.00216861  0.00707833  0.308513  -0.00981104  0.0276221  
0  0.00630246  0.102315  -0.341549  -0.246264  0.0164407  0.00300326  0.900893  -0.00643498  -0.0161407  
0  -0.000864228  -0.621906  0.0896426  0.71703  -0.00675623  0.0065783  0.300187  -0.0186075  -0.022736  
0  -0.00462226  -0.0108134  0.00387571  -0.00134003  0.0676708  0.741764  0.00256151  0.665438  -0.0472979  
0  0.203115  -0.00217701  0.0130086  0.00259269  0.915539  -0.0861058  -0.0180958  -0.0195591  -0.335005  
0  0.0206395  -0.0119339  0.00638125  0.0115172  0.000383019  -0.656174  0.0167333  0.74111  0.138457  
0  -0.0263439  0.01884  0.0269884  -0.0144833  -0.342409  -0.103069  -0.00513793  0.0836341  -0.929045  
