1  0  0  0  0  0  0  0  0  0  
0  0.977238  -0.00701423  0.0149628  0.0155821  0.20494  -0.00209323  0.0164847  -0.011667  0.0455781  
0  -0.0152179  -0.758674  0.0196886  0.648488  -0.000235883  -0.0355227  -0.0226901  0.0384653  -0.00115391  
0  0.0164944  -0.0090838  -0.943185  0.0047503  0.0196732  -0.00648893  -0.329613  0.0294699  -0.00904032  
0  0.00513217  -0.0397898  0.325107  -0.0813611  0.0250454  0.0762733  -0.935868  -0.0583884  0.0193506  
0  0.000852075  -0.649298  -0.0273393  -0.754473  0.0270565  0.0140944  0.0860057  -0.00873418  -0.00563447  
0  -0.00221708  0.0261288  0.0529963  -0.0534817  0.0422715  -0.744594  -0.0780591  0.656314  0.0244101  
0  0.206067  -0.0157365  0.00198935  -0.0195867  -0.885378  -0.0220693  -0.0324985  0.0430053  -0.411843  
0  -0.00734182  0.00968342  0.0193454  0.00261922  0.138088  0.63138  0.0110881  0.716672  -0.260808  
0  -0.0441893  0.00931872  0.0126933  0.00995461  0.389235  -0.197808  -0.00717289  -0.218665  -0.871322  
