1  0  0  0  0  0  0  0  0  0  
0  -0.975954  0.0137774  0.0153231  -0.0146228  -0.212075  -0.00686817  -0.0145133  8.08871e-05  0.0405175  
0  0.0199309  0.753881  0.00558694  -0.652898  0.00309918  -0.0440849  0.0193543  -0.0512776  0.00177347  
0  -0.0119409  0.0236002  -0.944222  0.0294387  -0.0329721  -0.0139064  0.324671  -0.00240976  0.0134309  
0  0.00327999  -0.195413  -0.320058  -0.252489  0.026958  -0.0131823  -0.891322  -0.0153483  -0.00500068  
0  -0.00115942  0.625392  -0.0705041  0.710539  0.0157574  0.0221221  -0.313083  0.00365887  0.016589  
0  -0.00782778  0.0353169  -0.0164553  -0.0620965  0.0155627  0.744713  -0.00616138  0.66297  -0.0125816  
0  0.213228  -0.00110657  0.0212852  -0.0011031  -0.910838  0.016481  -0.0362705  0.0121807  0.350311  
0  -0.0151596  -0.0166865  -0.00399624  -0.00524642  0.0953436  0.641277  0.0108587  -0.717558  0.253206  
0  0.0347056  0.00944696  -0.00551748  0.0119504  -0.337631  0.176203  -0.00756097  -0.206273  -0.900491  
