1  0  0  0  0  0  0  0  0  0  
0  -0.974655  -0.0397648  0.0154932  0.0284071  -0.206013  0.0379928  0.000947066  0.0237086  -0.0545095  
0  -0.0484488  0.737749  -0.154607  -0.643681  -0.0150435  -0.0458559  0.104461  0.0433173  -0.00574557  
0  0.00265268  0.213098  0.894941  0.0892742  0.0218464  0.00181964  0.380458  -0.011103  0.0184891  
0  0.000733428  0.110516  -0.411255  0.367705  -0.00485917  -0.0637256  0.821787  0.0633991  -0.00319894  
0  0.000571164  -0.628201  0.044444  -0.663904  0.024655  -0.0252466  0.401344  0.00888255  0.0147655  
0  -0.00834591  -0.0398798  0.0541654  0.0252455  -0.0043768  -0.745967  -0.0873584  0.656118  -0.0126629  
0  -0.210014  0.0165322  -0.02858  0.0153473  0.854432  -0.040552  -0.016884  -0.0334688  0.4706  
0  0.0561868  -0.00373471  0.00226941  -0.00506934  -0.260477  0.50202  -0.0012781  0.580605  0.582942  
0  0.0189707  0.00250561  -0.00871765  0.004899  -0.397872  -0.426165  -0.00317686  -0.473947  0.65953  
