1  0  0  0  0  0  0  0  0  0  
0  -0.977253  -0.0202009  -0.00272175  -0.0308644  0.185971  -0.0685102  -0.0184889  0.0315111  -0.0547284  
0  0.0367288  -0.696512  0.28193  -0.644128  0.00371856  0.0224753  -0.134643  0.0207601  -0.00757511  
0  -0.0134984  0.437176  0.827464  -0.17157  -0.0203874  0.00919931  0.299679  0.0645097  -0.00961876  
0  -0.00646075  0.0419155  -0.393434  -0.395402  -0.0395073  -0.10551  0.817031  -0.0807468  0.0177718  
0  0.00711749  0.56529  -0.266318  -0.630066  -0.0369452  0.0593088  -0.455496  0.00527039  -0.0100464  
0  0.00211105  -0.0170367  -0.091833  0.000672541  0.146356  0.723888  0.123846  0.647669  -0.104998  
0  0.198537  0.0376923  -0.00105243  -0.0297452  0.871823  -0.173943  0.00638763  -0.0690698  -0.403899  
0  -0.0620521  -0.00629888  0.0363479  0.0132756  -0.0668185  0.609926  0.0350705  -0.719281  -0.315504  
0  -0.00903835  -0.0167094  -0.018424  0.0179695  -0.419643  -0.231922  -0.00988427  0.21507  -0.850139  
