1  0  0  0  0  0  0  0  0  0  
0  -0.980267  0.0021785  -0.0289511  -0.0194521  -0.0423977  0.183308  0.0158941  0.0422909  -0.0203775  
0  0.0343914  0.214397  -0.732639  -0.637992  0.00212787  -0.0097631  0.0945122  -0.00209595  -0.00446366  
0  -0.0125557  0.913272  0.237966  -0.0155014  -0.00157368  -0.00802918  -0.328727  -0.0275987  -0.00428985  
0  0.00800569  0.321052  0.060041  0.176838  -0.0190752  -0.0126281  0.927832  -0.0112525  0.0215273  
0  -3.17693e-05  -0.125144  0.633981  -0.748368  0.0136728  0.00778501  0.146015  0.00759451  -0.0269547  
0  0.00570991  -0.0127702  0.0137616  -0.0293101  -0.743706  -0.0526104  -0.0230448  -0.060808  0.662315  
0  -0.169501  -0.0295794  0.000940665  -0.00667661  0.085302  -0.740619  -0.00271888  -0.643491  -0.0216442  
0  -0.0921558  0.0137794  0.00529347  -0.000588553  0.102628  -0.627066  -0.00462115  0.754437  0.135459  
0  -0.0204176  0.000796455  0.00427725  -0.0107987  0.653251  0.146708  -0.00118605  -0.101528  0.735444  
