1  0  0  0  0  0  0  0  0  0  
0  0.972275  -0.0768771  0.0171076  0.0594646  0.188437  -0.085849  -0.0181349  0.000775541  0.0416389  
0  -0.0971431  -0.69452  0.277905  0.651611  -0.0239832  -0.0125576  -0.0698494  0.0267696  -0.00698972  
0  0.0143619  0.407469  0.838069  0.115274  0.014215  0.00363184  0.342432  0.025291  -0.000173366  
0  -0.00266175  0.157755  0.312119  -0.0700466  -0.0426283  -0.0746325  -0.928436  0.0415763  -0.0408836  
0  0.00552746  -0.565364  0.345058  -0.742982  -0.0521251  -0.00693601  0.0794064  0.0130067  0.00233127  
0  -0.0100967  -0.0201214  0.0582379  -0.0048719  0.296439  0.668631  -0.0881662  -0.645283  0.192276  
0  -0.205893  -0.0205218  0.00800736  -0.036283  0.84262  -0.316151  -0.018247  0.168788  0.342088  
0  -0.0474732  -0.00541744  0.0124172  0.00105342  0.0585428  -0.596242  0.0334733  -0.705098  -0.374627  
0  0.0158806  0.0179534  0.00482877  0.0175545  -0.397327  -0.290375  -0.00248495  -0.233883  0.837974  
