1  0  0  0  0  0  0  0  0  0  
0  -0.975626  -0.00406489  -0.0224842  -0.021325  -0.201665  0.0540431  -0.0167694  0.0294706  -0.0493703  
0  -0.0150907  -0.729684  0.205694  0.644107  0.00477256  0.00667418  -0.100162  -0.00433455  0.00564463  
0  -0.0270987  0.333128  0.881614  0.141353  -0.0185697  0.0102708  0.298634  -0.0367223  0.00925964  
0  0.00910984  -0.213216  0.407174  -0.487358  0.0330038  0.0531366  -0.738313  -0.0450851  0.00982657  
0  -0.00229617  -0.556925  0.103369  -0.571441  0.0191642  -0.0365382  0.591798  0.0201477  -0.0162817  
0  0.00139984  0.010605  0.0547717  -0.00283312  -0.0917662  -0.740147  -0.0693732  0.656195  -0.0723478  
0  -0.21011  0.0238617  -0.00433214  0.0168341  0.895199  -0.120526  0.0113536  0.0318882  0.371389  
0  -0.0512186  -0.000137635  -0.0164283  0.00517804  0.0442526  -0.623801  -0.0152053  -0.727902  -0.275538  
0  0.0182116  -0.0161803  -0.0132735  -0.0176212  -0.381769  -0.20322  0.000496088  -0.184053  0.882042  
