1  0  0  0  0  0  0  0  0  0  
0  -0.9791  0.0025711  0.0106975  -0.00421002  -0.19892  0.0248445  0.00723313  -0.000476074  -0.0313856  
0  0.00403506  0.754553  -0.0886609  -0.649341  0.00180837  0.0205349  0.0165253  -0.020693  0.00173398  
0  -0.0124404  -0.11814  -0.956707  -0.0140076  0.000837865  -0.00350558  -0.264595  0.012362  -0.0150486  
0  0.00402992  -0.037788  -0.261632  0.0143824  -0.00515049  -0.0350493  0.963257  0.0271155  0.00656312  
0  -0.000358998  -0.643672  0.087861  -0.759939  0.012085  -0.0129696  0.00963798  -0.00438093  0.00578121  
0  0.000126794  0.0286335  0.0194962  -0.0152255  -0.0861035  -0.752392  -0.0390094  0.647876  -0.0616071  
0  -0.196125  0.010025  -0.00273042  0.00983909  0.890161  -0.0970132  -0.00236549  0.0431638  0.397068  
0  0.00588703  -0.00474412  0.00756614  -0.00994472  0.0594622  0.64893  0.00499396  0.756465  -0.0536321  
0  -0.0517276  0.00165019  0.0109557  0.00032421  0.396128  -0.0306183  0.0124335  -0.0694079  -0.913441  
