1  0  0  0  0  0  0  0  0  0  
0  -0.976239  -0.0180595  0.00432332  -0.0102853  0.207891  -0.0105284  0.00527138  -0.0338799  -0.0447427  
0  -0.020874  0.751275  -0.0106533  0.65087  0.0101735  0.0425504  -0.0889561  0.0396903  -0.00171575  
0  0.00037713  -0.00477182  -0.933466  -0.058159  0.0235284  -0.0116083  -0.352206  0.00986522  -0.0200425  
0  -0.00169914  0.222396  0.337812  -0.361275  0.00444189  -0.0466491  -0.838373  -0.0248902  0.0146876  
0  0.000766414  0.61879  -0.11352  -0.663772  0.0216728  0.022065  0.402942  0.0163393  0.00573992  
0  -0.0108793  0.0510874  -0.0251492  0.0369803  -0.161722  -0.737621  0.0487371  -0.639351  0.117844  
0  -0.208518  0.00356676  -0.0259765  -0.0157248  -0.85884  0.144649  -0.0114016  0.131552  0.423816  
0  -0.0538007  0.0144475  0.011903  -0.0113514  -0.42471  -0.175347  0.00138565  0.149769  -0.873538  
0  -0.00509659  -0.00665887  0.0075617  0.00494181  0.107221  -0.63208  0.0164638  0.740126  0.201912  
