1  0  0  0  0  0  0  0  0  0  
0  -0.979724  0.0218093  -0.027067  0.0227846  0.149149  -0.100105  -0.00173657  0.039136  -0.06792  
0  0.0376943  0.620562  -0.438863  0.602976  -0.0150929  -0.029013  0.233416  -0.0395656  0.013557  
0  0.00896156  -0.621389  -0.702189  0.226244  -0.00578853  -0.00830516  -0.261388  -0.0290546  0.0164024  
0  -0.00364146  -0.0933124  -0.360827  -0.480036  -0.0230553  -0.0808695  0.786839  -0.0647446  0.0164633  
0  0.000241469  -0.468088  0.421905  0.594607  0.0249216  -0.0459411  0.495623  -0.0195925  -0.0239778  
0  -0.00142958  0.0125767  0.0673655  -0.00783604  -0.212735  -0.689587  -0.107279  -0.659565  0.167089  
0  0.180134  0.0181722  -0.0227078  -0.0254888  0.824305  -0.2628  -0.0249008  -0.104113  -0.453931  
0  -0.0766187  -0.000879204  0.0145356  -0.00291458  0.138016  0.65999  0.0157889  -0.734166  0.00504904  
0  0.0175023  -0.000315393  0.0115256  0.001808  0.482242  -0.015419  0.00742935  0.0813458  0.871831  
