1  0  0  0  0  0  0  0  0  0  
0  0.979862  0.0241965  0.00258989  0.0227604  -0.193034  0.0165658  -0.0079003  -0.00224988  -0.0340034  
0  -0.0327417  0.7582  -0.0765223  0.646203  0.00229655  -0.0152281  0.0101107  0.0169364  -0.00119042  
0  -0.00462562  0.0988613  0.947818  0.00125555  0.0160533  0.00500944  -0.301963  -0.0180867  -0.00725242  
0  0.00179249  0.0446546  0.298403  -0.0308505  -0.0181748  0.0218677  0.952076  -0.0179692  -0.0206774  
0  -0.000638799  -0.642348  0.0760024  0.761924  0.00444026  -0.00800768  0.0313722  0.00126783  0.00380973  
0  -0.00715955  -0.0105605  0.0244486  -0.0199279  -0.0966505  -0.732743  0.0180034  0.667494  -0.0819561  
0  0.189541  0.00596496  -0.000299032  -0.00439997  0.876967  -0.103986  0.0288768  0.0659981  0.423019  
0  -0.011098  0.00441414  -0.00405039  -0.0022012  -0.15068  -0.646308  0.0055933  -0.698638  0.267004  
0  0.0517019  -0.00144645  -0.0185395  0.00136178  0.401258  -0.182995  -0.00567573  -0.247098  -0.861043  
