1  0  0  0  0  0  0  0  0  0  
0  -0.980037  0.012493  0.0148753  -0.0108054  0.0047557  -0.193344  0.00101419  -0.0298729  -0.0271249  
0  0.017561  0.00173396  0.752146  -0.651841  0.0181512  0.00796021  -0.0904322  0.00325809  -0.0220739  
0  -0.0119702  -0.952144  0.0036065  0.0434509  0.0210908  0.00140478  -0.29979  -0.032346  -0.00327711  
0  -0.00226729  0.299884  0.0734295  0.21186  -0.034388  0.0107464  -0.92558  0.01889  0.0378705  
0  -0.00119968  0.0308881  -0.653946  -0.725982  -0.00605477  0.00148626  -0.20834  -0.0300412  0.0017866  
0  0.00540993  -0.0283493  0.0241358  -0.0218697  -0.751086  -0.117373  0.0381692  -0.107439  0.638122  
0  -0.17949  -0.0239174  -0.0115154  -0.0147089  -0.11618  0.807953  0.0172642  0.538424  0.101875  
0  -0.0221676  0.00583179  0.00603252  0.0157343  -0.568031  0.252945  -0.00568698  -0.37896  -0.684768  
0  0.0795759  -0.0311332  -0.0159433  -0.0149063  -0.312564  -0.481549  -0.00739964  0.74279  -0.332932  
