1  0  0  0  0  0  0  0  0  0  
0  0.974362  0.059924  -0.0293308  0.0480959  -0.198711  0.0405253  0.000626597  0.0188397  -0.0486857  
0  -0.0768287  0.738809  -0.164526  0.642173  0.0229523  -0.00477154  -0.0904911  0.00290153  0.00757214  
0  -0.0151899  -0.24208  -0.904274  0.0923007  -0.00112157  -0.0101962  0.336661  -0.0315833  0.0222052  
0  -0.00350695  -0.0625831  0.37002  0.289634  -0.0254906  -0.0818232  0.873716  0.0664893  -0.0111036  
0  0.0032361  0.621355  -0.117387  -0.700768  0.0466756  -0.0440948  0.323577  -4.0439e-06  -0.0150561  
0  0.00453226  -0.018642  -0.0489579  -0.0104585  -0.0543925  -0.732619  -0.0986786  0.667667  -0.0438012  
0  -0.205929  0.0308588  -0.0190986  -0.0284513  -0.886031  0.0957236  -0.00357131  0.00640002  -0.401495  
0  -0.0342447  0.012575  -0.0222669  -0.0211947  -0.0249905  0.644428  0.0248706  0.723201  0.241192  
0  0.0293611  -0.0225972  -0.02021  0.0212069  0.410515  0.168551  0.00447583  0.159304  -0.88059  
