1  0  0  0  0  0  0  0  0  0  
0  0.979848  -0.0123108  -0.0187108  0.0124201  0.00808101  0.194852  0.000480025  0.0326174  0.0120894  
0  0.0219985  0.0469971  0.748656  -0.658274  0.0167432  0.00684987  -0.0517865  0.000886076  -0.0220745  
0  -0.00934318  -0.945085  0.0507915  0.0155147  0.0145733  -0.00156808  -0.319361  -0.0411013  -0.00334907  
0  -0.000759572  0.31855  0.0129474  0.109457  -0.0361302  0.0167116  -0.939773  0.0185064  0.0357186  
0  -0.00161693  -0.0129912  -0.660087  -0.744009  -0.0079822  -0.00461975  -0.100398  -0.0198517  -0.00209261  
0  0.00467815  -0.0262014  0.0238353  -0.0192071  -0.761055  -0.0261412  0.0420368  -0.0244265  0.64506  
0  0.178131  0.030945  0.0096434  0.0128205  0.0173774  -0.795908  -0.0154345  -0.57618  -0.032574  
0  -0.0692084  0.0262166  0.0054906  0.0144636  -0.317843  0.503822  0.00359281  -0.703749  -0.379668  
0  -0.0527466  0.0219084  0.00318102  -0.00271929  0.563509  0.271464  0.00738986  -0.410691  0.660881  
