1  0  0  0  0  0  0  0  0  0  
0  0.979267  -0.0120163  -0.0233995  -0.0100584  0.175795  -0.0829025  -0.0253769  -0.0118131  0.0410179  
0  0.00393172  -0.688661  0.329813  0.638115  0.00168974  0.0138823  -0.0961446  -0.0171719  0.00540359  
0  -0.028932  -0.422074  -0.846978  -0.065616  -0.0188543  0.0180909  -0.312213  -0.030045  -0.0166293  
0  0.0126671  -0.0591095  -0.323512  0.237691  0.0417548  0.0516433  0.909822  -0.0465441  0.0289083  
0  0.00156269  -0.58532  0.257789  -0.727345  -0.0274115  -0.0199413  0.246187  -0.00411847  -0.0117753  
0  0.00342642  0.0190567  0.045132  -0.0465208  0.22164  0.703295  -0.0595379  -0.642551  0.187775  
0  0.188854  0.0249758  0.00691566  0.0229793  -0.819946  0.270254  0.025882  -0.1204  -0.450134  
0  0.060018  -0.0177572  -0.00803331  -0.012524  -0.0983047  0.586305  -0.00532355  0.714556  0.363077  
0  0.0272171  0.00773074  -0.00626771  0.00513078  -0.484916  -0.279513  -0.00286728  -0.241913  0.792043  
