1  0  0  0  0  0  0  0  0  0  
0  -0.977981  -0.000732008  -0.00796966  -0.00198024  0.204816  -0.0265228  -0.00841443  0.0001728  -0.0275883  
0  -0.00105651  0.744559  -0.106251  0.65775  -0.00286348  -0.0292614  0.00803578  -0.0273403  0.00542883  
0  -0.00892091  0.160946  0.948427  -0.0317193  0.00750829  0.00372147  0.270557  0.011209  0.00997905  
0  -0.00831325  0.0145203  -0.277928  -0.0747399  -0.0115233  -0.0210682  0.956888  -0.0127217  0.022739  
0  -0.00164282  -0.645602  0.1057  0.748809  0.00791477  0.0280272  0.10012  0.019471  -0.00751616  
0  0.00875955  0.0516601  -0.0252142  -0.00149849  0.12554  0.742467  0.0204425  0.649121  -0.0884462  
0  0.199631  0.00240758  -0.00466597  -0.00535099  0.884132  -0.127813  0.016025  -0.0820402  -0.3938  
0  -0.0308908  0.00428692  0.00591856  -0.00475586  -0.10841  0.611508  0.0108906  -0.720356  -0.306991  
0  0.0501683  -0.0046661  -0.0049287  0.000370484  0.385471  0.235927  -0.0145403  -0.227122  0.861041  
