1  0  0  0  0  0  0  0  0  0  
0  -0.975292  0.0357934  -0.0223661  -0.0465189  -0.184652  0.0746738  -0.00845458  -0.0341961  0.0628217  
0  -0.0623808  -0.686157  0.304765  0.638024  -0.00342999  0.0309418  0.153085  0.0299093  -0.00652488  
0  0.0110926  -0.476274  -0.778225  -0.219393  0.00134474  -0.00274058  0.341605  -0.0297669  0.0410277  
0  -0.000822309  -0.000434153  -0.458129  0.411168  -0.0202232  -0.0530528  -0.784739  -0.0448797  0.00242221  
0  6.04875e-05  -0.547296  0.290938  -0.610345  0.0235842  -0.0202254  -0.49069  0.0375518  0.0121583  
0  -0.00422516  0.0238014  -0.0705207  0.00415389  0.162994  0.716278  -0.047517  0.662007  -0.119553  
0  -0.202043  0.0047065  -0.0196731  0.00619496  0.86666  -0.194882  0.00902103  -0.0784722  -0.404244  
0  0.0628191  -0.0249344  0.01754  -0.0244338  -0.0871726  0.601537  -0.0228978  -0.695489  -0.375303  
0  0.00219612  0.018079  0.0280961  0.0198822  0.423862  0.278128  -0.0185487  -0.255948  0.821959  
