1  0  0  0  0  0  0  0  0  0  
0  -0.975965  0.0111539  0.0143683  0.00991436  0.211492  -0.0136333  -0.0144383  -0.00970983  0.0429503  
0  0.0142621  0.752518  -0.0672516  0.65256  -0.00168947  0.0329346  -0.0201155  -0.0406481  0.00334261  
0  0.012975  0.104932  0.937193  -0.0340287  -0.0290144  -0.0149492  -0.328879  0.00130442  -0.0102201  
0  -0.00121296  -0.381232  0.312276  0.49408  0.0239666  0.00407123  0.715486  0.00345112  -0.0224984  
0  0.00366635  -0.525752  -0.136297  0.570727  -0.0117485  0.0236181  -0.614789  -0.0212155  -0.0124199  
0  -0.00708451  0.0209426  -0.0201327  0.0523581  -0.0463176  -0.744485  -0.0147374  0.662194  -0.0352633  
0  0.21422  -0.000352663  0.0181474  0.00138176  0.913171  -0.0614317  -0.0283427  0.0149874  0.339257  
0  -0.0104794  0.00882347  0.00721046  0.00352953  0.0181669  0.662282  -0.0075126  0.747558  0.0435983  
0  -0.0324729  -0.0176568  0.00782599  0.0175691  -0.342574  -0.0358124  0.0162231  -0.0148731  0.937625  
