1  0  0  0  0  0  0  0  0  0  
0  -0.977936  0.0052875  0.0150852  0.0065172  -0.185498  0.0803627  0.0116777  0.019367  -0.0443268  
0  0.0037588  -0.696751  0.28955  0.647394  0.00553605  0.0202509  -0.103717  -0.0182554  0.005932  
0  -0.0132298  -0.453668  -0.836332  -0.15624  -0.0279243  0.00448768  -0.262239  -0.0135795  -0.0198552  
0  0.00139272  0.233566  -0.440205  0.55404  0.0299274  0.0177277  0.665851  0.00119415  0.0116212  
0  0.00260257  -0.503409  0.149269  -0.498079  -0.000465264  -0.00969684  0.689547  -0.00214945  0.025187  
0  -0.00314011  0.0150427  0.00328455  -0.0304795  0.228422  0.725891  -0.0088211  -0.630157  0.150176  
0  -0.200989  -0.0158078  -0.0160669  -0.0134455  0.874558  -0.254554  -0.0321563  0.106878  0.341773  
0  0.0462265  -0.013212  -0.000587565  -0.014222  0.120604  0.633077  -0.00678843  0.761331  -0.0498264  
0  0.030013  0.00844657  -0.0122529  0.00856192  -0.363745  0.0141693  -0.0186046  0.104664  0.924658  
