1  0  0  0  0  0  0  0  0  0  
0  -0.978626  -0.0287144  -0.000556261  -0.00301147  0.0294476  -0.187741  0.0338952  0.0390643  0.0516488  
0  0.00864332  -0.0812558  0.755654  -0.624419  0.0533706  0.0216658  0.161645  -0.0224771  0.0495709  
0  -0.0370999  0.909074  0.0790968  -0.120515  0.00166196  -0.00998722  -0.387358  -0.0208931  0.0290313  
0  0.0154132  0.399753  0.0664203  0.263929  0.0571778  0.0270878  0.871734  -0.0202228  0.0394664  
0  -0.00341053  -0.0612027  0.644717  0.723063  -0.018606  -0.0312984  -0.237108  0.0129626  -0.00690341  
0  0.00375091  0.0464935  0.0488804  -0.0526913  -0.679012  -0.242928  0.0774779  0.244955  -0.637638  
0  -0.186236  -0.00614969  0.0131801  0.0175276  -0.23866  0.756655  -0.00942941  -0.527028  -0.239717  
0  -0.0759476  0.0189626  0.00947997  0.00207507  0.282132  0.534916  -0.0165452  0.763595  -0.211408  
0  -0.0111384  -0.00704439  -0.00225033  0.000323443  -0.628532  0.211647  0.0130638  0.275891  0.695477  
