1  0  0  0  0  0  0  0  0  0  
0  -0.979469  0.00896014  0.0086128  -0.00755025  -0.186475  0.04663  0.00610047  0.0352012  -0.0469574  
0  0.00984171  0.728728  -0.198784  -0.641221  0.00235882  -0.0499364  0.114479  0.0503896  -0.00590103  
0  -0.00406982  -0.317832  -0.885829  -0.139727  -0.038918  -0.0165253  -0.304393  -0.000423222  -0.0174887  
0  0.00245774  -0.123179  0.388424  -0.409045  -0.0160092  0.0233551  -0.815183  -0.0121069  0.0340316  
0  -0.00467887  0.592146  -0.14827  0.630965  0.0113592  0.0162608  -0.477235  -0.0215049  -0.0251454  
0  -0.00210464  -0.034978  0.0333837  0.0532107  -0.044672  -0.745904  -0.037448  0.658384  -0.0398248  
0  -0.192031  -0.01331  -0.0343695  -0.00475793  0.880499  -0.0749127  -0.0142599  0.00057637  0.425029  
0  0.0599673  0.0107671  -0.0226286  0.0234492  -0.199094  0.533239  0.00813394  0.623257  0.531723  
0  -0.00472369  -0.0230384  0.00719018  -0.0204218  0.382635  0.384604  -0.0159574  0.416767  -0.728491  
