1  0  0  0  0  0  0  0  0  0  
0  0.974323  0.0150453  -0.0358279  -0.0320405  0.138751  -0.144551  0.00108753  0.00187772  -0.0894761  
0  0.0452829  -0.490418  0.588252  0.60382  0.00287759  -0.025668  0.212865  -0.0278595  0.00679391  
0  -0.0154537  -0.698923  -0.53421  -0.197992  -0.00549277  -0.00391051  0.431883  0.0106367  0.00227758  
0  0.00612143  -0.309629  -0.372108  0.384218  -0.0146546  -0.0167279  -0.784363  -0.0434719  0.0198622  
0  0.00129726  -0.417709  0.477794  -0.665962  0.0142138  0.0247889  -0.389742  0.00288823  -0.0316369  
0  -0.00025295  0.016836  0.0140204  -0.0616638  -0.392599  -0.59608  0.0187547  -0.597883  0.358408  
0  0.207126  -0.00711896  0.0127887  -0.00320079  -0.656538  0.461657  -0.00307215  0.265965  0.491892  
0  0.0738877  0.00891313  -0.0130492  -0.000804362  0.0265829  0.629289  0.0260484  -0.751504  -0.179279  
0  0.00224411  0.00225565  -0.00373766  0.0152419  -0.628021  -0.11442  -0.000489937  0.0651811  -0.766807  
