1  0  0  0  0  0  0  0  0  0  
0  0.973825  0.00755122  0.0163309  0.0016719  -0.185259  0.110293  -0.0172493  -0.0140478  -0.0660107  
0  0.00144011  -0.649908  0.387843  -0.644415  0.0296095  0.0531185  0.0768135  -0.0432572  0.0213166  
0  0.0201267  -0.507614  -0.75236  0.105557  -0.0139495  0.00547629  0.404947  0.0219447  -0.00679491  
0  0.00926973  -0.0135169  0.480876  0.404403  0.039972  0.0453319  0.77388  -0.0359032  0.0333943  
0  -0.00715685  -0.564691  0.215348  0.639004  -0.00132054  -0.02434  -0.474687  0.013351  -0.0164802  
0  -0.00133276  -0.0267384  0.072575  -0.0402565  -0.347378  -0.654646  0.0715042  0.603476  -0.271784  
0  -0.222739  -8.0469e-06  0.0171129  0.00855327  -0.782575  0.403548  0.0119406  -0.18487  -0.374737  
0  -0.0375422  0.00640516  0.00921639  0.00303976  -0.0213118  0.574899  -0.0178841  0.75412  0.313808  
0  -0.00980144  -0.00876353  -0.00189745  0.00351513  -0.479019  -0.245797  -0.00505331  -0.170074  0.825218  
