1  0  0  0  0  0  0  0  0  0  
0  0.97061  0.063779  -0.0329546  -0.0600078  0.198294  -0.0722483  0.00852726  -0.024528  0.0628203  
0  -0.0907987  0.700605  -0.279057  -0.634359  -0.0234425  -0.0198079  0.13559  0.0326619  -0.0151871  
0  0.00503115  0.391351  0.810452  0.161663  0.00858199  -0.0165428  0.404311  0.00360845  0.00493177  
0  0.00153322  -0.279139  0.5118  -0.638615  -0.00870126  -0.0238067  -0.501276  0.018707  -0.0063979  
0  0.00307818  0.523333  0.0447132  0.394631  -0.0135693  0.0494308  -0.751672  -0.023252  0.014175  
0  -0.00241818  0.00183205  -0.0128606  0.0645749  -0.121737  -0.728866  -0.033706  0.662088  -0.100463  
0  -0.215875  0.00392732  -0.00627775  -0.00106387  0.86085  -0.172883  -0.0189173  0.0307529  0.425544  
0  -0.049894  0.00955883  -0.00703902  0.00507385  -0.0281189  -0.64364  -0.0135055  -0.742123  -0.177064  
0  0.0231743  -0.00488539  -0.00385693  -0.00967092  -0.450693  -0.125286  0.0105208  -0.0858792  0.879218  
