1  0  0  0  0  0  0  0  0  0  
0  -0.978981  -0.00643803  0.0192443  0.0169443  -0.185576  0.052088  0.0147717  0.0300864  -0.0512115  
0  0.0173587  -0.731366  0.212523  0.632248  0.00692124  0.0320446  -0.133984  -0.0295417  0.000670936  
0  -0.0184783  -0.355391  -0.857198  -0.1906  -0.0140557  0.0168613  -0.318838  0.00253605  -0.00965804  
0  0.0070788  0.146731  -0.443876  0.475985  0.00969952  0.0104943  0.74412  0.00470511  0.0298489  
0  0.00200661  -0.562067  0.149001  -0.579275  0.00966214  -0.0193487  0.570598  -0.0160408  -0.00290254  
0  -0.00261316  -0.0328718  -0.00191943  0.0309238  -0.0651329  -0.732156  -0.00549135  0.674607  -0.0503237  
0  -0.195924  -0.0028284  -0.00581516  -0.00569786  0.896139  -0.103377  -0.0230318  0.00211182  0.383735  
0  0.0499483  -0.014202  0.0202543  -0.0227377  -0.108416  0.593101  0.000351011  0.66626  0.434686  
0  0.00346344  -0.0045354  -0.000522342  -0.00451302  -0.382187  -0.311421  -0.0177307  -0.314539  0.810955  
