1  0  0  0  0  0  0  0  0  0  
0  0.981613  -0.00101188  -0.00621488  -0.00282365  -0.0555182  0.0781884  -0.00534131  -0.0365413  0.160712  
0  0.000141692  0.270206  -0.728849  0.305846  0.00012263  -0.0234885  0.549084  -0.0125242  0.00489532  
0  -0.00475735  -0.895964  -0.301361  0.299248  -0.0189397  0.0301752  -0.124193  0.0115047  -0.00571509  
0  -0.00112049  0.300709  0.107224  0.820854  -0.0216776  -0.0487715  -0.46646  -0.060302  0.0143312  
0  -0.00258992  0.172228  -0.604712  -0.372665  0.00176083  -0.038171  -0.681208  0.00689861  -0.0149215  
0  0.00159827  0.0588434  -0.0132714  0.0591292  0.128576  0.677889  -0.0332483  0.705316  -0.134987  
0  -0.161287  0.0145382  -0.00804151  -0.0195471  -0.682654  0.172664  -0.00341337  0.0900926  0.685106  
0  0.101862  -0.00344463  0.0204415  0.00900792  -0.532055  -0.508103  0.0175486  0.501001  -0.443341  
0  0.00359326  0.0214916  -0.00941276  -0.0161855  -0.480056  0.490992  0.000722139  -0.487958  -0.538093  
