1  0  0  0  0  0  0  0  0  0  
0  0.980437  0.00304723  0.0175662  0.0142686  0.130603  -0.105794  -0.0144586  0.0479872  -0.0863715  
0  0.0101925  0.586431  -0.482245  -0.587976  0.00491824  -0.0128079  -0.278035  -0.0148597  0.0025889  
0  -0.024095  0.709795  0.595459  0.31413  0.0253619  0.00511687  -0.199119  -0.0344883  -0.0292187  
0  -0.0114026  -0.0731128  -0.449737  0.603189  0.016426  0.0306174  -0.652906  0.0282578  -0.0115043  
0  -0.00938083  -0.379868  0.457738  -0.435263  -0.0192578  -0.010024  -0.67534  0.00864112  0.00231216  
0  -0.00442692  -0.0181387  -0.0198352  0.0378399  -0.209443  -0.714088  -0.0187732  -0.648491  0.152135  
0  -0.169508  -0.0368277  -0.00959072  -0.0215224  0.864377  -0.238844  0.00662497  -0.10709  -0.391983  
0  0.0926647  -0.0297847  -0.00895104  -0.0134543  0.0923775  0.648116  -0.00384672  -0.74909  -0.0229357  
0  -0.0223825  -0.00793719  -0.0143902  -0.00595891  -0.426718  -0.0236063  0.00768226  -0.0476326  -0.902342  
