1  0  0  0  0  0  0  0  0  0  
0  -0.980698  0.0245926  -0.0146084  0.0207499  0.171677  -0.0802464  -0.00215067  -0.0118435  0.030433  
0  0.0347192  0.66676  -0.319345  0.66941  7.25726e-05  0.018742  -0.0592727  -0.0130372  0.0100562  
0  0.00433817  -0.461599  -0.851711  0.0746291  0.0125176  -0.00434831  0.235346  0.018328  -0.00522543  
0  0.00327166  0.0689477  0.23764  0.126667  0.0424168  0.0523775  0.957105  -0.0346563  0.0304018  
0  0.00144365  -0.579864  0.339125  0.726254  0.0342187  0.00996952  -0.141075  -0.0114554  0.00154187  
0  -0.0106511  0.0122004  0.0292398  0.0428899  -0.301771  -0.684935  0.0666382  0.617091  -0.227155  
0  0.178257  0.0167961  -0.00129442  -0.022096  0.805904  -0.324434  -0.0227555  0.194509  0.417567  
0  0.0706623  0.00771112  -0.00472067  -0.00278082  0.23865  -0.475624  0.0118359  -0.62112  -0.570802  
0  -0.0106318  -0.0163294  -0.0060691  0.00814056  -0.412189  -0.435586  0.00659592  -0.439996  0.668014  
