1  0  0  0  0  0  0  0  0  0  
0  0.983282  0.0032128  -0.0103784  -0.00340042  0.108127  -0.100562  0.00346421  0.0497951  -0.0934449  
0  0.00747316  -0.54515  0.555415  0.530194  -0.00145821  -0.0165586  0.335659  -0.0148372  -0.000417343  
0  -0.00548188  -0.739665  -0.586896  -0.267233  -0.00438646  -0.0206004  0.190683  -0.00820073  0.0115861  
0  0.00262492  -0.139466  -0.331146  0.6326  -0.0187598  -0.0488277  -0.68233  -0.0455277  0.0178672  
0  -0.00406192  0.366919  -0.486024  0.494619  -0.0133187  0.000112051  0.619479  0.012517  0.0199581  
0  8.50154e-05  0.0395176  0.0234468  -0.0492843  -0.198083  -0.690093  0.0387465  -0.673591  0.15738  
0  -0.158448  0.00682602  -0.01606  0.0128887  0.811025  -0.261997  0.00704263  -0.0854215  -0.490584  
0  0.0889822  -0.00238519  -0.00989397  0.00379682  0.222052  0.653656  0.00653514  -0.708898  0.113187  
0  -0.00493688  -0.00143483  -0.0133069  0.00536217  -0.491377  0.121111  0.00628083  -0.177328  -0.843898  
