1  0  0  0  0  0  0  0  0  0  
0  -0.975392  -0.0108177  -0.0201047  0.0058742  -0.20409  0.0502038  0.0253315  -0.0191416  0.053609  
0  -0.0101234  0.733849  -0.17916  -0.6447  0.00290149  0.0483148  -0.0969017  0.0431464  -0.00565927  
0  -0.0242212  0.329266  0.842764  0.195551  -0.0263285  -0.0082207  -0.376048  -0.0182294  -0.000972816  
0  -0.000947526  0.395123  -0.492291  0.651964  -0.00149442  0.0126585  -0.419359  0.0202869  -0.00571187  
0  -0.00941964  -0.442861  -0.111343  -0.343639  -0.0177438  0.0533003  -0.817366  0.0413454  0.0186685  
0  0.0018393  -0.0217873  0.0477871  0.0530928  0.0974027  0.732404  0.060674  0.663728  -0.0655766  
0  0.215831  0.00580772  -0.0104906  0.00574667  -0.912297  0.130799  0.0299574  0.0183463  0.320331  
0  0.0311677  0.00189636  -0.00762148  0.00402503  0.075942  0.661726  0.00105632  -0.744466  -0.032734  
0  0.0165657  -0.0131011  -0.00678367  -0.00863299  -0.331343  -0.0259269  -0.00531289  -0.0147184  -0.942724  
