1  0  0  0  0  0  0  0  0  0  
0  -0.972234  -0.0390973  0.0386646  0.0309989  -0.216995  0.0212932  0.0290496  0.000933696  -0.0489094  
0  0.0506665  -0.748466  0.0698536  0.65522  0.012419  0.0302726  -0.030371  -0.0323213  0.00107596  
0  -0.0328626  -0.107641  -0.902034  -0.0424035  -0.0435365  0.00852669  -0.409467  0.0064812  -0.0468768  
0  -0.000745835  0.64737  -0.118763  0.751017  -0.0201481  0.0453503  0.016903  -0.00553145  -0.00149163  
0  0.00592826  -0.0841834  -0.403732  -0.00623492  0.0259689  -0.0714221  0.906081  0.0520971  0.0191829  
0  -4.31323e-05  -0.00260293  0.0354356  0.0575738  -0.0566014  -0.740176  -0.0779907  0.660968  -0.0373826  
0  -0.222964  0.0099168  -0.0331985  0.0160369  0.896692  -0.0654769  -0.0520862  0.0186917  0.370706  
0  -0.0108229  0.0190459  -0.0063928  0.0168273  -0.006314  -0.660633  -0.00831252  -0.746515  -0.07326  
0  -0.0353402  0.00645097  0.0213978  0.00270669  0.377469  0.0530657  0.0209372  0.0406904  -0.922416  
