1  0  0  0  0  0  0  0  0  0  
0  -0.977497  -0.0103663  0.00394427  -0.0116525  0.186944  -0.0669621  0.0065663  -0.0407409  0.0557251  
0  0.0171724  -0.71364  0.257564  -0.631314  -0.000339421  -0.00120637  0.159743  0.00225677  0.000745024  
0  -0.00291129  0.427088  0.819774  -0.225931  -0.0160894  -0.00738839  -0.306142  -0.0194374  -0.00992595  
0  -0.00162883  0.116822  -0.467297  -0.504059  -0.00343072  -0.0047059  -0.716708  0.00363576  0.013798  
0  -0.00131549  -0.542252  0.206169  0.543833  0.0134189  -0.0199968  -0.605574  0.00391963  -0.0196454  
0  -0.00272107  -0.0130063  -0.00298095  0.00655074  0.0826089  0.731592  -0.0121917  -0.673555  0.0624118  
0  0.20187  0.013859  0.0130684  -0.00464149  0.90066  -0.132165  4.30522e-05  -0.000841762  0.360842  
0  -0.0579575  0.00169254  0.0211227  0.00338914  0.0369865  0.653514  -0.0130327  0.731452  0.180389  
0  0.00855556  0.0125279  -0.0108513  -0.018852  0.381077  0.123544  0.00267342  0.09607  -0.910811  
