1  0  0  0  0  0  0  0  0  0  
0  -0.976063  0.0326015  -0.0033515  -0.04185  -0.201025  0.0351621  -0.0135106  -0.02099  0.046946  
0  0.0535476  0.728632  -0.165701  -0.65311  0.000342276  -0.054477  -0.0741005  -0.0609218  0.0069835  
0  -0.000896265  0.271145  0.890717  0.110681  0.0192985  -0.00631662  -0.341745  0.0505804  -0.0330427  
0  0.00232419  0.095529  -0.392683  0.315291  -0.0059555  -0.0834012  -0.852755  -0.0554579  0.00176985  
0  -0.0030327  0.617674  -0.127029  0.676191  -0.0460907  0.0403635  0.374921  -0.0139344  -0.0241986  
0  0.00543373  -0.0493871  0.0800298  0.0381723  -0.0950286  -0.735786  0.0870273  -0.653916  0.0638658  
0  -0.205549  0.016949  -0.0288469  0.0159682  0.891169  -0.113035  0.0272746  -0.0417139  -0.383318  
0  0.0447962  -0.0314571  0.0211594  -0.0255517  -0.195536  0.513698  -0.033248  -0.605902  -0.570579  
0  -0.0114279  0.0122377  0.0336751  0.0209383  0.340015  0.411252  -0.0189139  -0.43995  0.72076  
