1  0  0  0  0  0  0  0  0  0  
0  -0.976813  -0.00803965  -0.0149947  -0.0154323  -0.140159  0.135952  -0.0121036  0.0169406  -0.0821491  
0  0.0108125  0.533422  -0.535709  -0.617762  0.00344088  0.010794  0.215138  -0.014475  0.0103714  
0  -0.0190168  0.731478  0.559514  0.250115  -0.0119592  0.0119842  0.297553  -0.0118234  -0.000619627  
0  0.00638937  0.0995765  0.476342  -0.559454  0.0225701  0.0112296  -0.670135  -0.0196082  0.00719921  
0  -0.00314144  -0.411756  0.415656  -0.491993  0.000560421  -0.00436369  0.644559  0.00983693  -0.00691164  
0  -0.00347474  0.0254043  0.00473681  -0.0210983  -0.36924  -0.651068  -0.0191879  0.600396  -0.278931  
0  0.199142  -0.0108472  1.33417e-05  -0.00832157  -0.766942  0.424223  -0.0100462  -0.193272  -0.393111  
0  0.0733291  0.00942722  -0.000552569  0.000469394  0.284664  0.59399  -0.00246197  0.7132  -0.228069  
0  -0.0161597  0.00514394  -0.00631356  0.00371543  0.417276  -0.156309  0.00430567  -0.303972  -0.841837  
