1  0  0  0  0  0  0  0  0  0  
0  -0.976655  0.0575237  0.00329302  0.0447084  0.196631  -0.028093  0.000903906  0.0147065  0.0340068  
0  -0.0708567  -0.753336  0.0977161  -0.639636  0.000871572  -0.0636517  -0.0365564  0.057272  -0.0106242  
0  -0.00178146  -0.156239  -0.932487  0.0226862  0.043452  0.00778048  0.321292  0.00356535  0.0186948  
0  -0.00302702  -0.0832985  -0.308106  0.108447  -0.0110398  -0.019182  -0.941031  0.0169139  0.0069147  
0  0.00102606  -0.625823  0.155352  0.758113  0.0136283  -0.00428137  0.0920838  0.021753  -0.0178495  
0  0.00859482  -0.0752133  0.016583  -0.039352  0.199807  0.713649  -0.030878  -0.650054  0.140373  
0  -0.196457  -0.014809  -0.0386433  0.00577527  -0.867402  0.186944  0.0161179  -0.14804  -0.38749  
0  -0.0296802  0.000937017  0.00841348  -0.00189186  -0.200175  0.553092  0.00331909  0.649249  0.481173  
0  0.0395089  0.0171731  -0.00247555  -0.01646  0.356034  0.380208  -0.0138628  0.360169  -0.772422  
