1  0  0  0  0  0  0  0  0  0  
0  0.980825  0.0120646  -0.00550483  -0.00868379  0.182817  -0.0514623  0.00404207  0.0167186  -0.0369299  
0  0.0152937  -0.739953  0.190536  0.639397  0.000386736  -0.00503181  0.083734  -0.00816045  9.86916e-05  
0  -0.00184634  -0.298402  -0.92145  -0.100416  -0.0128258  -0.00635739  0.226633  0.000297351  -0.0152505  
0  0.0014385  -0.081252  0.281643  -0.296479  -0.0218051  0.00849869  0.907788  0.025067  0.0303151  
0  -0.00281716  0.596658  -0.186822  0.702035  0.00138104  0.0029599  0.339209  0.0161556  0.0300238  
0  -0.00621597  0.0128643  0.00571604  -0.00324825  -0.100859  -0.74266  0.0183459  -0.656819  0.0792989  
0  -0.187515  0.00105278  0.00350252  -0.00187611  0.89623  -0.127689  0.035028  -0.0360487  -0.37784  
0  -0.0401583  -0.00964433  7.19559e-05  -0.0029165  0.000610992  -0.64291  -0.0218748  0.746403  0.165395  
0  -0.0303462  -0.0204389  -0.0180485  -0.0154301  0.390558  0.126582  -0.0206579  -0.0945298  0.905636  
