1  0  0  0  0  0  0  0  0  0  
0  -0.972345  -0.0545921  0.01313  0.0367588  -0.212946  0.0444628  0.000598202  0.00214855  0.0520863  
0  -0.0646461  0.740112  -0.140706  -0.652954  -0.0182141  -0.0118995  -0.0339612  -0.0166273  0.00195335  
0  -0.0015133  -0.242553  -0.871461  -0.1078  0.000388727  0.00416708  0.411535  -0.0257602  0.0076532  
0  -0.000744401  -0.00321144  0.43186  -0.147222  0.0256969  0.106762  0.878663  0.0849966  -0.0219039  
0  0.00125387  0.624028  -0.169244  0.73297  -0.040667  0.0380572  0.202545  0.0239249  0.000781123  
0  -0.00547609  -0.00996259  -0.0710847  -0.0231692  0.149287  0.711619  -0.126461  0.662808  -0.101417  
0  0.220261  -0.0269236  0.0109118  -0.0340375  -0.875161  0.158011  -0.00337823  0.087661  0.388473  
0  0.0360089  -0.00717189  0.0105032  -0.00350893  -0.173482  0.559435  -0.0191071  -0.639854  -0.495669  
0  -0.0227938  0.0111848  0.0125127  0.00719016  0.365675  0.375075  -0.00652351  -0.367214  0.768023  
