1  0  0  0  0  0  0  0  0  0  
0  0.97778  0.0145254  -0.00436708  -0.00549646  0.20311  -0.00700838  -0.00381215  0.0266653  -0.0407249  
0  0.014347  -0.755598  0.0433321  0.646897  0.00703077  -0.0462944  0.0699755  -0.0373859  -0.00499125  
0  0.00440878  0.101898  0.926446  0.0968525  -0.0189307  0.0151555  -0.347008  0.0227313  -0.0198775  
0  0.00181369  -0.10968  0.367137  -0.241389  0.00855335  0.0636519  0.887492  0.052626  -0.0192779  
0  0.00027233  0.63466  -0.0379974  0.715617  -0.0205914  0.0247201  0.28682  0.0120194  0.014465  
0  -0.00144839  0.057221  0.0511469  -0.035768  0.0585202  -0.729377  0.0668115  -0.671599  -0.0436373  
0  0.199726  -0.0182133  0.00279465  -0.021165  -0.86723  -0.059584  0.0151443  -0.0391894  0.449354  
0  -0.0597575  0.00277824  0.0201812  -0.000629253  0.347651  -0.441037  0.00724973  0.467777  0.679537  
0  -0.0159613  -0.00634727  0.0231667  -0.00294689  0.285426  0.5127  -0.00444403  -0.568388  0.575974  
