1  0  0  0  0  0  0  0  0  0  
0  -0.97865  -0.0020181  0.0130778  -0.019949  0.147312  -0.129584  -0.00558589  -0.0102477  0.0551549  
0  0.0204442  -0.548098  0.51147  -0.648726  0.000930796  -0.00263936  0.128447  0.0132413  -0.00643131  
0  0.00691675  0.675014  0.647778  -0.124989  -0.012201  0.0254308  -0.326902  -0.0375296  0.000879992  
0  0.000461538  -0.16404  -0.325082  -0.290175  -0.0614735  -0.0438586  -0.879137  0.0519289  -0.0439291  
0  0.00166152  0.463475  -0.457121  -0.689443  -0.0344105  -0.0206573  0.314503  -0.000280512  -0.0193645  
0  -0.00206412  0.0292392  0.0627013  0.0542193  -0.390112  -0.623381  0.0628609  0.576088  -0.340072  
0  -0.187179  -0.0288538  0.00555459  0.0245069  -0.712725  0.435536  0.0288518  -0.273907  -0.435859  
0  -0.0813388  0.0197315  0.000307985  -0.00747504  -0.0495431  0.600671  0.00485645  0.756557  0.239326  
0  0.0109009  0.0120708  -0.00319057  -0.00232669  0.557285  0.202738  -0.00211704  0.127803  -0.794803  
