1  0  0  0  0  0  0  0  0  0  
0  0.977804  0.0194735  -0.00104185  0.0222339  -0.203082  0.00667782  0.00408586  -0.0235281  0.0341776  
0  -0.0296939  0.754182  -0.0318566  0.651723  0.00312166  0.00264942  0.0669757  -0.00816388  -0.000726791  
0  0.000705483  0.079298  0.94957  -0.0746783  -0.00113509  0.00438288  0.290826  0.0430276  -0.000586295  
0  -0.000644182  -0.28829  0.299973  0.430531  -0.00386107  0.0594872  -0.797573  0.0432074  0.00228421  
0  -0.00305824  0.583676  0.0601249  -0.619196  -0.0384222  0.0470246  -0.517953  0.0178243  -0.00372536  
0  0.0110117  0.00825828  0.055321  -0.00421371  0.0941371  -0.743729  -0.0759087  -0.652967  -0.0510775  
0  0.203017  0.020588  -0.00191113  -0.0174796  0.916859  0.0797238  -0.0132835  0.0719882  -0.325124  
0  0.0230696  0.0129636  -0.0249628  -0.000751824  0.0132491  -0.658735  -0.0229646  0.748786  0.0579804  
0  -0.0337417  -0.00968894  -0.00399163  0.0100595  -0.328005  -0.0275423  0.00731807  0.0558146  -0.941879  
