1  0  0  0  0  0  0  0  0  0  
0  0.978111  0.000911673  0.0135572  0.0202665  0.0754443  -0.169926  -0.00279064  -0.0148293  -0.0889353  
0  0.0210402  0.262032  -0.70796  -0.607751  0.0255423  0.0228923  -0.239789  0.0260477  -0.0312194  
0  0.0078749  -0.875986  -0.264772  -0.205738  -0.00175269  -0.0233249  0.344464  0.0246559  0.0185432  
0  0.00135342  0.35226  0.210343  -0.411492  0.0310253  -0.00830978  0.812782  -0.00117235  -0.0263222  
0  0.00168285  -0.194306  0.619478  -0.644474  0.00995308  -0.00132527  -0.40324  0.0148977  -0.0147691  
0  -0.00249173  -0.0275202  0.0173771  0.0534591  0.566294  0.461197  0.00234055  0.469649  -0.492046  
0  0.186258  0.014646  0.0139686  -0.0124817  -0.508672  0.602678  0.0222994  0.434552  0.391717  
0  0.089554  -0.0251955  -0.00157557  -0.014607  0.29711  0.592512  0.00457572  -0.70972  0.219227  
0  -0.00846902  0.0232083  0.00287271  0.000933707  0.569983  -0.207347  -0.00983576  0.291824  0.739087  
