1  0  0  0  0  0  0  0  0  0  
0  -0.97756  0.0325852  0.00306899  0.00644546  0.150673  -0.0849973  0.0265186  0.0698578  -0.0880575  
0  0.0308797  0.637303  -0.413737  0.576406  0.000907973  0.014138  0.298765  0.00263846  0.000767949  
0  0.023427  0.599562  0.667116  -0.334034  -0.0264559  -0.00662784  0.287295  0.000276427  0.00846205  
0  -0.00722772  0.0530441  0.516687  0.617941  0.0138992  0.0139475  -0.589828  0.00568563  0.000307907  
0  0.00876236  -0.479576  0.341303  0.416774  0.00827417  -0.0271263  0.69191  -0.00344128  0.0136433  
0  0.0122998  0.0159269  -0.00914341  0.00823943  -0.0177886  -0.748304  -0.0225723  -0.661642  0.0298022  
0  0.185691  0.011652  0.0100405  -0.0183448  0.870604  -0.0827386  0.00718969  0.0532838  -0.444137  
0  0.0869126  0.00637082  -0.0108696  0.00151201  -0.0288549  -0.641825  -0.0170785  0.737629  0.187419  
0  0.0236547  -0.00842609  0.00356325  0.013319  -0.466084  -0.113393  0.00288955  0.101797  -0.871043  
