1  0  0  0  0  0  0  0  0  0  
0  -0.973655  -0.0202697  0.00284965  0.0130423  -0.217006  0.0356628  0.00518349  -0.0167523  0.0523018  
0  -0.0236173  0.737136  -0.12921  -0.659279  -0.00806127  -0.0168979  -0.0638953  -0.016828  -0.00352362  
0  -0.00444444  0.220609  0.905643  0.103049  0.00344782  -0.0208989  -0.346181  0.0137078  -0.00502568  
0  0.000464419  0.550302  -0.327337  0.708022  -0.0257175  0.0142633  -0.295517  0.0044559  -0.0225206  
0  0.00503314  0.32213  0.235614  0.226578  -0.0123728  0.0482301  0.886774  0.0121146  -0.0190262  
0  -0.00240026  0.00246349  0.00326618  0.0347455  -0.0517458  -0.757441  0.0395065  -0.647597  0.0378621  
0  0.223645  -0.0103339  0.00985025  -0.0136484  -0.908843  0.0731358  -0.00599964  0.00526216  0.343781  
0  -0.0275237  0.00786606  -0.0183225  0.0074682  -0.0154071  -0.641018  0.0267569  0.759098  0.103449  
0  -0.0247387  0.0278676  -0.00059787  0.0218917  0.350867  0.0742066  0.0062104  -0.0586724  0.930611  
