1  0  0  0  0  0  0  0  0  0  
0  -0.979048  0.0405413  -0.0228356  0.0359816  0.164983  -0.0939401  -0.00183404  -0.00745477  0.0436027  
0  -0.0581728  -0.666101  0.363089  -0.637671  0.0224828  0.0337105  0.105662  -0.0378788  0.0150281  
0  0.000930192  0.491464  0.819106  -0.0923087  0.0114822  -0.0114709  -0.278992  -0.0259609  -0.0152483  
0  0.00204521  -0.0627231  -0.301425  -0.262834  0.000512764  -0.0555311  -0.911343  0.0485546  0.0116628  
0  -0.00228986  0.555385  -0.321015  -0.716331  -0.0202712  0.0256768  0.272279  -0.011992  -0.00337738  
0  0.00704913  -0.0190576  0.041111  -0.0338182  -0.251539  -0.699173  0.0704817  0.625807  -0.219172  
0  0.183764  0.0152766  -0.00126903  -0.0126884  0.802137  -0.303253  0.0355857  0.137945  0.458426  
0  -0.0576707  0.0107439  0.0294358  0.00216826  -0.0261505  0.607063  -0.00499758  0.752919  0.244062  
0  0.0304149  -0.00550842  -0.0156083  -0.00621994  0.514153  0.191922  -0.0074476  0.133355  -0.824461  
