1  0  0  0  0  0  0  0  0  0  
0  0.97477  0.0254689  0.00140949  0.0284957  -0.213234  0.0131056  0.00502494  0.00166076  0.0518885  
0  -0.0368486  0.754639  -0.0405017  0.652338  0.00608986  -0.0304819  0.00352291  -0.0315235  -0.00192735  
0  0.00694324  -0.0640165  -0.890863  0.0198285  0.00339351  -0.0061233  -0.447594  -0.0275438  -0.0259837  
0  0.00346358  0.0461686  0.44368  -0.0167124  0.00079374  0.0512249  -0.892468  0.0370947  -0.0150376  
0  -0.00120355  -0.650526  0.0712952  0.75546  0.0160732  -0.00545016  -0.013508  -0.0226298  -0.00543928  
0  -0.00307448  -0.016641  0.0482636  -0.0437018  -0.0630179  -0.724792  -0.0466408  -0.680062  0.0389888  
0  -0.213754  -0.0111784  -0.012991  0.0143316  -0.863121  0.0611759  -0.0112921  0.0408026  0.450885  
0  0.0485961  -0.00187762  -0.0167124  0.00449231  0.400477  -0.299603  -0.0249727  0.32809  0.799328  
0  -0.0185055  -0.00720594  -0.00280268  0.0107431  -0.211878  -0.614313  -0.00382182  0.651586  -0.39068  
