1  0  0  0  0  0  0  0  0  0  
0  -0.978298  0.0199586  0.020351  0.0160764  -0.139451  0.11048  -0.0214195  -0.042201  0.0892793  
0  -0.00221659  0.583325  -0.490346  -0.587137  -0.00321307  -0.0189413  -0.27164  -0.0186556  0.00723778  
0  -0.030271  -0.680562  -0.61133  -0.292377  -0.0353367  0.0106528  0.273085  0.0201697  0.0191142  
0  0.00732547  -0.0728723  -0.487431  0.614797  0.0399155  0.038227  -0.611759  0.0386703  -0.0164858  
0  -0.00776104  0.435019  -0.383264  0.432794  0.0176607  0.00955688  0.689942  0.000319862  0.00857655  
0  0.00775965  0.0236131  0.0272088  -0.0562548  0.204608  0.708551  0.0222343  0.652316  -0.159868  
0  0.186649  0.028142  0.00527852  0.0305354  -0.840723  0.265183  -0.0193245  0.079356  0.423794  
0  0.0827491  -0.0147676  -0.00523596  -0.00884286  0.145431  0.642956  0.000705613  -0.747136  -0.00864099  
0  -0.0123831  0.00700083  -0.0121095  0.0081031  -0.455587  0.00330978  0.00630941  -0.0770933  -0.886584  
