1  0  0  0  0  0  0  0  0  0  
0  -0.979771  0.0183118  0.00184267  -0.00118556  -0.148315  0.10302  -0.0162669  -0.0388487  0.0729698  
0  -0.0145343  -0.615593  0.44831  0.606366  0.00347053  0.0231224  0.226245  0.0198368  -0.00673286  
0  -0.0133439  -0.624169  -0.689454  -0.230585  -0.0220592  0.00272513  0.28477  0.00651306  0.009396  
0  0.00563207  -0.0604156  -0.425069  0.525456  0.0284828  0.0169551  -0.733569  0.010996  -0.0136676  
0  -0.00280209  0.476343  -0.378008  0.548856  0.00950838  0.000475901  0.57322  0.0104023  0.0132794  
0  -0.00693184  -0.0177024  -0.000314174  0.0368645  -0.196363  -0.710039  -0.00892482  -0.654444  0.164887  
0  0.183758  0.0119944  0.00461057  0.0187177  -0.830501  0.258601  -0.0222721  0.0809583  0.449512  
0  -0.0758837  0.000779109  0.0045315  0.00126509  -0.116864  -0.645451  -0.0115394  0.749159  0.0508151  
0  -0.00683389  -0.0106283  0.00723968  -0.00953781  0.484412  0.0303151  -0.00633821  0.0416533  0.873125  
