1  0  0  0  0  0  0  0  0  0  
0  0.978852  -0.0361657  0.0205737  -0.0303637  -0.175583  0.0779777  -0.00368039  -0.0158618  0.0449546  
0  0.0500734  0.699543  -0.297388  0.639172  -0.00701526  0.0222107  0.101118  0.0155741  -0.0118659  
0  0.00963243  -0.425704  -0.839093  0.124195  0.0379832  0.019535  -0.311353  -0.0202527  -0.00248061  
0  0.00334778  0.100234  0.320811  0.183913  0.0343151  0.0346898  -0.922259  0.00865833  -0.0134528  
0  0.0043317  -0.560884  0.320934  0.734054  0.0402202  -0.0367179  0.196639  0.00806899  0.0431057  
0  0.00339019  -0.0289642  0.0085279  -0.0118609  0.22589  0.684902  0.0404677  0.668053  -0.175748  
0  -0.186815  -0.0230749  -0.0114516  0.026095  -0.818602  0.266702  -0.0278406  0.125043  0.453989  
0  -0.0655354  -0.0342538  0.0280948  0.0349024  -0.249309  0.484564  0.0251529  -0.57395  -0.604579  
0  0.00360212  0.0304127  0.0121663  -0.0203157  0.426138  0.464188  0.0233894  -0.455638  0.627124  
