1  0  0  0  0  0  0  0  0  0  
0  0.972814  -0.0381107  0.0109726  -0.0334904  -0.216866  0.0477921  0.00159557  -0.00756544  0.0395369  
0  0.0512897  0.730767  -0.149998  0.660395  -0.00162492  0.0421632  0.0386517  0.0364956  -0.0110173  
0  -0.0100299  0.313699  0.88066  -0.164858  -0.0301944  -0.00891046  0.312369  0.0136625  0.000275008  
0  -0.00715471  0.340209  -0.447364  -0.51013  -0.0401685  -0.0478491  0.646699  -0.0414368  -0.000496169  
0  0.00113713  0.4982  -0.0301502  -0.521758  -0.000492957  0.0450378  -0.690138  0.016731  -0.00744035  
0  -0.0139742  0.0385113  0.0182686  0.0502793  -0.191908  -0.719284  -0.0748249  -0.650143  0.11392  
0  0.221347  0.0208663  0.0151388  -0.0221638  0.902337  -0.189464  0.0188864  -0.115144  -0.293474  
0  -0.0337158  -0.00544123  0.0142263  0.00716713  -0.0259083  0.636075  0.0160945  -0.736178  -0.226053  
0  0.0228479  0.0150437  0.00304342  -0.00662629  0.314214  0.183531  0.0142989  -0.136107  0.920899  
