1  0  0  0  0  0  0  0  0  0  
0  0.977609  -0.0407016  0.0425002  0.0506814  0.141624  -0.128461  0.00366783  0.0024942  -0.0408562  
0  0.0763704  0.555934  -0.513698  -0.643052  0.000595914  -0.0226766  -0.0843004  -0.00587144  0.00694192  
0  0.0049343  -0.686626  -0.669484  -0.0927843  -0.0069536  -0.00606247  0.267073  -0.0146582  0.00861492  
0  -0.00121173  -0.144484  -0.252845  0.199338  -0.000191637  0.00547921  -0.935634  0.00300292  -0.00250541  
0  0.00212626  -0.443487  0.470087  -0.731736  0.00540422  0.0262296  -0.214229  0.0147691  -0.00808638  
0  -0.00559345  0.0121402  -0.0342853  0.00590888  0.464461  0.588908  0.0147612  0.538661  -0.381708  
0  0.180067  0.00479458  -0.00237202  0.00974474  -0.68057  0.503794  0.00479598  0.313709  0.389913  
0  0.072507  0.00989247  -0.000258415  0.00161516  0.0168846  0.601483  0.000217534  -0.780402  -0.153455  
0  -0.0265414  0.000884238  0.00247485  0.00075365  0.548342  0.140806  -0.00224188  -0.0438418  0.822712  
