1  0  0  0  0  0  0  0  0  0  
0  -0.978331  0.026002  -0.0358682  0.0360198  0.175698  -0.0783163  -0.0108928  0.0168339  -0.0469387  
0  -0.0496772  -0.695098  0.309007  -0.635241  0.0115779  -0.00268468  -0.123057  0.00639298  0.00542459  
0  -0.0284741  0.453654  0.812648  -0.162111  -0.0209556  -0.0276715  0.324708  -0.000412003  -0.00837554  
0  -0.00990974  -0.106782  -0.347186  -0.226312  -0.0105583  -0.00025634  0.903477  0.0188044  -0.00298722  
0  0.00268772  -0.54493  0.347479  0.718023  0.0230359  -0.0465962  0.248994  0.0195676  0.0407887  
0  -0.00570828  -0.00296868  -0.0278858  -0.0158087  -0.225653  -0.678891  -0.00327363  -0.676195  0.172825  
0  -0.189933  -0.00980179  -0.00142818  0.0152794  -0.831578  0.280104  -0.0104128  0.106752  0.426742  
0  -0.0571802  -0.0369234  0.0262465  0.0372856  -0.135372  0.559064  0.0247825  -0.64444  -0.49648  
0  -0.0103934  -0.0232724  -0.00913262  0.015632  -0.455135  -0.372852  -0.0173654  0.339117  -0.733181  
