1  0  0  0  0  0  0  0  0  0  
0  0.977888  -0.0237311  -0.0275404  -0.0133031  0.123872  -0.12361  0.0269092  0.0212149  -0.10217  
0  -0.00337426  0.488345  -0.57841  -0.569187  -0.0373896  -0.065857  -0.302927  -0.069879  0.0243519  
0  0.0359656  0.788013  0.446342  0.345202  0.016648  -0.00038443  -0.238794  0.010181  -0.0441888  
0  -0.00751845  0.172289  0.48841  -0.654429  0.031567  0.0482074  0.543238  0.0674771  -0.0213854  
0  -0.0113539  0.331388  -0.466478  0.356189  0.0187196  0.0799386  0.733701  0.0160537  0.016277  
0  0.000932637  -0.00312442  -0.08579  -0.0326471  0.341288  0.647103  -0.124819  0.620494  -0.236117  
0  0.189357  0.00992758  0.0236145  -0.00351268  -0.78945  0.400997  -0.0206141  0.163261  0.390341  
0  0.0797523  -0.00508398  0.0357865  -0.0194891  0.323679  0.584174  -0.0279021  -0.676764  0.295192  
0  -0.00525817  -0.0188659  -0.01082  -0.00887586  -0.370346  0.225541  0.016769  -0.34652  -0.831287  
