1  0  0  0  0  0  0  0  0  0  
0  0.979722  -0.00132068  -0.0079467  0.00657136  0.195546  -0.0215825  -0.00703391  0.00335892  0.0356549  
0  -0.00464852  -0.760382  0.0748103  0.644604  -0.00252237  -0.0174431  -0.00979923  0.0164969  -0.00277524  
0  0.00817658  0.101536  0.945611  0.0155216  0.00755242  0.00295307  0.307356  -0.0237689  0.0102216  
0  -0.000991322  0.0439057  0.302765  0.00473759  -0.00710053  0.0578235  -0.949276  -0.0408347  -0.0140079  
0  0.000731484  -0.639101  0.0836187  -0.76409  0.0194155  -0.0167231  -0.007821  -0.000257017  -0.00243423  
0  -0.000430314  -0.0303608  -0.0362564  0.00679756  0.0844886  0.740299  0.0590307  -0.659894  0.0599248  
0  -0.196001  0.0116145  -0.00330881  0.013888  0.901596  -0.101699  -0.020056  0.0330223  0.369505  
0  -0.000355663  0.00444229  -0.0132605  0.00774968  -0.0689435  -0.660487  -0.0123905  -0.745604  0.0516593  
0  -0.0404619  0.00729022  0.000702417  0.00685083  0.369465  -0.0311315  0.0126715  -0.0707632  -0.924998  
