1  0  0  0  0  0  0  0  0  0  
0  0.979596  0.0103953  -0.0095737  0.0212185  -0.180984  0.0779881  -0.0045433  0.00591079  0.0291435  
0  -0.0243747  0.687769  -0.311839  0.654828  -0.0010218  -0.00535607  0.0162592  0.00476928  0.00433558  
0  0.00222087  0.396508  0.858864  -0.0154943  -0.00611333  0.0259214  0.319482  0.0446806  0.0107514  
0  -0.00142032  -0.107651  -0.297563  -0.0524801  -0.0489883  -0.0594377  0.941484  -0.056661  0.0396949  
0  -0.00294138  -0.59701  0.266017  0.752569  0.0288612  0.0270948  0.062142  -0.00277977  -0.0317424  
0  -0.00349898  0.00570047  0.0749119  0.0283932  -0.287141  -0.674756  -0.079704  -0.619894  0.255286  
0  -0.182059  -0.0301688  -0.00580281  0.0194558  -0.765266  0.309508  -0.0317969  0.221781  0.483639  
0  0.0786982  -0.0241423  -0.00769956  0.0137812  0.362744  -0.421773  -0.00534135  0.546325  0.620483  
0  -0.0207717  -0.0105393  -0.00199093  0.00452381  -0.405349  -0.50987  -0.000478138  0.512642  -0.558887  
