1  0  0  0  0  0  0  0  0  0  
0  -0.980687  -0.02342  -0.0176086  -0.0324183  -0.0266202  0.162044  0.00746785  0.0275405  0.0925359  
0  -0.0279355  -0.063698  0.760876  0.570532  -0.0053495  0.00249216  0.301137  0.000138589  0.00223589  
0  -0.0302281  0.924114  0.0560712  0.196028  -0.00204874  0.0211034  -0.320467  0.00196187  -0.0193904  
0  0.010414  0.369169  0.0944858  -0.49516  0.0374697  0.00965575  0.779211  0.014337  -0.0249721  
0  0.00368861  -0.0609987  0.638919  -0.62331  0.00510774  -0.0148431  -0.445661  0.0205318  -0.0158163  
0  -0.00766215  0.0337253  0.0115916  -0.0302585  -0.612918  -0.400535  0.0229278  -0.38766  0.55754  
0  0.172793  -0.000404407  0.00607021  -0.0103732  -0.388549  0.686178  0.00464388  0.450772  0.38075  
0  -0.080319  0.0029623  -0.0172455  0.01257  -0.385384  -0.503394  0.0120906  0.711409  -0.291393  
0  -0.00838334  -0.0159554  0.000475745  -0.0116113  -0.568039  0.297158  0.00924317  -0.37287  -0.670412  
