1  0  0  0  0  0  0  0  0  0  
0  -0.975443  0.0487434  -0.00714661  -0.038765  -0.206544  0.00824567  0.00335172  0.00371039  0.0427484  
0  -0.0603349  -0.760145  0.02416  0.64628  -0.0154906  -0.000257243  0.00332087  0.00179321  0.00489702  
0  -0.00722304  0.0390437  0.933434  0.0122759  0.0019908  -0.000892063  -0.356268  -0.00507834  -0.00398902  
0  -0.00450161  0.0186257  -0.356729  0.0399869  0.0138935  0.0363778  -0.93147  0.0364003  -0.0173486  
0  -0.00187409  0.646185  -0.0167859  0.760721  0.0179611  0.0100686  0.0531968  0.00734971  -0.0125093  
0  0.000434667  -0.00918659  0.0225289  -0.0124023  0.0352083  0.73994  0.0466284  0.66923  -0.021442  
0  0.208288  0.0164573  -0.00220346  0.01444  -0.904768  0.0322832  -0.0173149  0.0253404  0.368162  
0  -0.00553525  0.00262926  0.00366121  0.000208508  0.0314414  -0.667302  0.000329583  0.738871  0.0879693  
0  -0.0371435  0.00401879  -0.00164034  0.00340934  0.368439  0.0682673  -0.0105287  -0.0643251  0.924085  
