1  0  0  0  0  0  0  0  0  0  
0  0.977146  0.0253246  -0.0166739  0.028261  -0.185206  0.0843502  0.000678209  0.0117281  -0.0437305  
0  0.0404766  -0.682435  0.311784  -0.644394  -0.0256589  -0.0639571  0.0996861  0.0714339  -0.0200764  
0  0.000348033  0.410898  0.847417  -0.076776  -0.0215164  0.0191386  -0.326023  -0.00297564  -0.00480807  
0  0.00123746  -0.102576  -0.322133  -0.18768  -0.0107823  0.00191976  -0.92189  0.019496  0.0100834  
0  -0.00242788  -0.590422  0.282495  0.733557  -0.00578882  0.0097189  -0.181929  0.00935521  0.0131355  
0  -0.00234251  0.0732871  -0.019008  0.0681781  -0.227657  -0.702842  -0.00256716  0.64196  -0.177987  
0  0.198954  0.0119641  0.019908  0.000924046  0.828945  -0.277429  -0.01149  0.108888  0.428686  
0  -0.0626799  0.0126879  -0.00752374  -0.00729473  -0.233418  0.453438  0.0255316  0.586124  0.625713  
0  0.00467547  0.00296335  -0.00309278  0.00561821  0.413481  0.460184  -0.00102774  0.476206  -0.624835  
