1  0  0  0  0  0  0  0  0  0  
0  0.980955  -0.00717289  -0.00219121  -0.000193896  0.18162  -0.0598923  -0.00467106  -0.00392635  0.0325721  
0  0.00436889  0.726467  -0.22586  -0.64711  -0.00298292  -0.0220046  0.0379139  0.0221683  -0.00636136  
0  0.00263139  0.333629  0.896016  0.0788069  0.0174458  -0.00261909  0.281291  0.0128844  -0.00523194  
0  0.000213086  -0.0687134  -0.280603  0.0753788  0.0218096  0.0197136  0.9538  -0.012719  0.00991061  
0  0.000458312  0.595826  -0.25932  0.75401  0.0179565  -0.00249951  -0.0931997  -0.00220863  -0.013901  
0  -0.00716949  0.0266818  0.00777795  -0.0231639  0.22464  0.698728  -0.0240644  -0.655608  0.171914  
0  0.184448  0.0113144  0.00553898  0.00794796  -0.844616  0.239821  0.0185185  -0.145442  -0.416378  
0  0.0525376  0.00653691  -0.00395479  0.00866252  -0.160559  0.570945  -0.0052048  0.669446  0.444031  
0  -0.0294695  -0.0165269  -0.00675247  -0.0122562  0.419862  0.351871  -0.00681923  0.316271  -0.773622  
