1  0  0  0  0  0  0  0  0  0  
0  -0.978331  0.0198368  0.00506066  -0.0167525  -0.186938  0.0756872  0.0140469  -0.00819078  -0.0350644  
0  0.0239936  0.707222  -0.267542  -0.653435  0.00350988  -0.000397841  0.0255884  0.0023663  -0.00564815  
0  -0.0130923  -0.348146  -0.863913  -0.0376363  -0.01658  -0.0077265  -0.360933  0.00875241  -0.013291  
0  0.00396577  -0.144177  -0.33135  0.0163922  0.00928632  -0.0303765  0.931201  0.0313557  0.00277543  
0  0.00169842  -0.596915  0.267788  -0.755141  -0.0110784  -0.0283084  0.0146058  0.0206377  0.0133396  
0  -0.000450619  -0.0297486  -0.0202129  -0.0260654  0.264524  0.680336  0.0291987  -0.643052  0.225453  
0  0.192798  -0.00683789  0.00721903  -0.00339312  -0.795442  0.29014  0.0256018  -0.180623  -0.461008  
0  0.0701204  0.0104447  -0.00651888  0.00898466  -0.40725  0.295973  -0.00351124  0.410181  0.757058  
0  -0.00378068  -0.010123  0.0065819  -0.0068592  0.309845  0.598205  -0.00233263  0.61972  -0.402345  
