1  0  0  0  0  0  0  0  0  0  
0  0.975478  -0.0408702  0.0205481  -0.0437661  -0.176339  0.102432  -0.00775335  -0.0113071  0.0515625  
0  0.0632644  0.626333  -0.399368  0.657952  0.0107801  0.0414419  0.0947012  0.020393  -0.00953553  
0  -0.00270131  -0.547699  -0.742686  0.121423  0.0147671  0.0130899  -0.36437  0.0210834  -0.00965741  
0  -0.0028833  0.0890282  0.402165  0.287485  -0.029774  -0.027423  -0.862645  -0.0363047  0.0238416  
0  0.00245882  -0.544857  0.347193  0.683737  -0.0139917  -0.0320343  0.336152  -0.00940327  0.0278769  
0  0.00149149  -0.029952  0.0765738  0.00863469  0.304545  0.680568  -0.0293754  0.608741  -0.256542  
0  -0.196852  0.00480511  -0.0184803  -0.0067004  -0.775999  0.33809  0.0102162  0.203649  0.450315  
0  -0.0743581  -0.018503  0.0026305  0.00907781  -0.165792  0.548636  0.00915425  -0.704498  -0.411277  
0  -0.01168  0.00214298  0.00302367  0.00969878  -0.495055  -0.327662  -0.000814298  0.298746  -0.747037  
