1  0  0  0  0  0  0  0  0  0  
0  0.980584  0.0277124  -0.0141141  -0.013278  0.0881082  -0.123171  -0.0305185  0.0360769  -0.110199  
0  -0.0382943  0.402556  -0.647499  -0.542122  0.0082489  0.0305511  -0.348836  0.0199372  -0.0156886  
0  0.016846  -0.847276  -0.42536  -0.245079  0.0235076  0.0199621  0.195914  0.026799  -0.0281591  
0  -0.00717739  -0.177658  -0.319093  0.668937  0.0152393  0.0694846  -0.641641  0.042897  -0.0220154  
0  0.00679826  0.293002  -0.541203  0.444733  0.0054973  -0.0101295  0.649237  -0.033745  -0.0252242  
0  0.00992972  0.0427435  0.0606876  -0.0152954  0.297061  0.679152  0.0721328  0.615191  -0.246985  
0  -0.15923  0.00332428  0.0224334  0.00151544  0.763935  -0.335251  -0.0229414  -0.192791  -0.490351  
0  -0.102216  0.00693478  -0.0117648  0.0165433  -0.176304  -0.630133  0.00302293  0.74185  -0.102912  
0  -0.0265619  -0.00230411  0.0238672  -0.00943418  -0.537055  0.0886442  -0.00707731  -0.169218  -0.820768  
