1  0  0  0  0  0  0  0  0  0  
0  0.976823  -0.0141047  -0.00280192  -0.0116009  -0.206761  0.0303507  -0.000669099  0.0104705  -0.0411706  
0  -0.0173187  -0.733981  0.111824  -0.668008  0.00343829  -0.000282415  0.0465975  -0.00689064  0.00118223  
0  -0.00163128  -0.171368  -0.91698  0.0594834  0.0113044  0.0276356  0.35308  0.00678657  0.0252394  
0  0.000985391  0.119988  -0.376375  -0.2558  0.0139758  0.0263541  -0.880448  -0.0351567  0.0345752  
0  0.00198614  -0.645247  0.0445224  0.694679  0.0201616  -0.020068  -0.310856  0.00501635  -0.0403137  
0  -0.00167109  -0.0112565  0.0341932  0.0268093  0.0600126  0.75438  0.0272511  -0.650136  0.043278  
0  -0.205876  -0.0017957  -0.0260886  -0.00314535  -0.879137  0.0700606  -0.0156559  -0.0295408  -0.421916  
0  -0.0435662  -0.0171823  0.0300786  0.0165799  -0.173216  0.570451  -0.015934  0.676442  0.42823  
0  0.0349929  0.0232297  -0.0155238  -0.0328077  0.387325  0.31274  -0.0100089  0.342655  -0.794719  
